-1.709565591397849630e+03 -1.312690000000002328e+03
-1.697775483870967946e+03 -6.765690000000002328e+03
-1.685985376344086035e+03 -8.025690000000002328e+03
-1.674195268817204351e+03 -8.761690000000002328e+03
-1.662405161290322667e+03 -9.019690000000002328e+03
-1.650615053763440983e+03 -9.231690000000002328e+03
-1.638824946236559299e+03 -9.428690000000002328e+03
-1.627034838709677615e+03 -9.609690000000002328e+03
-1.615244731182795704e+03 -1.002969000000000233e+04
-1.603454623655914020e+03 -1.044569000000000233e+04
-1.591664516129032336e+03 -1.053769000000000233e+04
-1.579874408602150652e+03 -1.060169000000000233e+04
-1.568084301075268968e+03 -5.597690000000002328e+03
-1.556294193548387284e+03 -4.569000000000232831e+01
-1.544504086021505373e+03 -3.516900000000023283e+02
-1.532713978494623689e+03 -6.276900000000023283e+02
-1.520923870967742005e+03 -7.286900000000023283e+02
-1.509133763440860321e+03 -2.366900000000023283e+02
-1.497343655913978637e+03 -9.446900000000023283e+02
-1.485553548387096953e+03 -9.276900000000023283e+02
-1.473763440860215269e+03 -1.124690000000002328e+03
-1.461973333333333358e+03 -1.684690000000002328e+03
-1.450183225806451674e+03 -1.106690000000002328e+03
-1.438393118279569990e+03 1.314309999999997672e+03
-1.426603010752688306e+03 -1.648690000000002328e+03
-1.414812903225806622e+03 -1.657690000000002328e+03
-1.403022795698924938e+03 -9.566900000000023283e+02
-1.391232688172043026e+03 -2.434690000000002328e+03
-1.379442580645161343e+03 -9.756900000000023283e+02
-1.367652473118279659e+03 -1.986690000000002328e+03
-1.355862365591397975e+03 -1.611690000000002328e+03
-1.344072258064516291e+03 -1.859690000000002328e+03
-1.332282150537634607e+03 -1.988690000000002328e+03
-1.320492043010752695e+03 -1.895690000000002328e+03
-1.308701935483871011e+03 -2.443690000000002328e+03
-1.296911827956989328e+03 -1.808690000000002328e+03
-1.285121720430107644e+03 -1.917690000000002328e+03
-1.273331612903225960e+03 -2.034690000000002328e+03
-1.261541505376344276e+03 -1.261690000000002328e+03
-1.249751397849462364e+03 -2.320690000000002328e+03
-1.237961290322580680e+03 -1.508690000000002328e+03
-1.226171182795698996e+03 -1.950690000000002328e+03
-1.214381075268817312e+03 -1.533690000000002328e+03
-1.202590967741935629e+03 -1.869690000000002328e+03
-1.190800860215053945e+03 -2.379690000000002328e+03
-1.179010752688172033e+03 -1.787690000000002328e+03
-1.167220645161290349e+03 -1.745690000000002328e+03
-1.155430537634408665e+03 -8.916900000000023283e+02
-1.143640430107526981e+03 -2.105690000000002328e+03
-1.131850322580645297e+03 -2.371690000000002328e+03
-1.120060215053763613e+03 -2.270690000000002328e+03
-1.108270107526881702e+03 -2.111690000000002328e+03
-1.096480000000000018e+03 -2.251690000000002328e+03
-1.084689892473118334e+03 -1.576690000000002328e+03
-1.072899784946236650e+03 -1.255690000000002328e+03
-1.061109677419354966e+03 -2.258690000000002328e+03
-1.049319569892473282e+03 -1.983690000000002328e+03
-1.037529462365591371e+03 -2.368690000000002328e+03
-1.025739354838709687e+03 -2.164690000000002328e+03
-1.013949247311828003e+03 -2.734690000000002328e+03
-1.002159139784946319e+03 -2.947690000000002328e+03
-9.903690322580646352e+02 -1.609690000000002328e+03
-9.785789247311828376e+02 -2.404690000000002328e+03
-9.667888172043011537e+02 -1.640690000000002328e+03
-9.549987096774194697e+02 -2.077690000000002328e+03
-9.432086021505376721e+02 -1.877690000000002328e+03
-9.314184946236559881e+02 -2.623690000000002328e+03
-9.196283870967743042e+02 -2.062690000000002328e+03
-9.078382795698925065e+02 -2.621690000000002328e+03
-8.960481720430108226e+02 -1.823690000000002328e+03
-8.842580645161291386e+02 -2.513690000000002328e+03
-8.724679569892473410e+02 -2.660690000000002328e+03
-8.606778494623656570e+02 -1.878690000000002328e+03
-8.488877419354839731e+02 -1.749690000000002328e+03
-8.370976344086021754e+02 -1.712690000000002328e+03
-8.253075268817204915e+02 -2.201690000000002328e+03
-8.135174193548388075e+02 -1.616690000000002328e+03
-8.017273118279570099e+02 -1.975690000000002328e+03
-7.899372043010753259e+02 -2.275690000000002328e+03
-7.781470967741936420e+02 -1.999690000000002328e+03
-7.663569892473118443e+02 -2.016690000000002328e+03
-7.545668817204301604e+02 -2.575690000000002328e+03
-7.427767741935484764e+02 -1.710690000000002328e+03
-7.309866666666666788e+02 -1.855690000000002328e+03
-7.191965591397849948e+02 -1.997690000000002328e+03
-7.074064516129033109e+02 -2.505690000000002328e+03
-6.956163440860215132e+02 -2.374690000000002328e+03
-6.838262365591398293e+02 -1.997690000000002328e+03
-6.720361290322581453e+02 -1.740690000000002328e+03
-6.602460215053763477e+02 -2.365690000000002328e+03
-6.484559139784946638e+02 -2.094690000000002328e+03
-6.366658064516129798e+02 -2.356690000000002328e+03
-6.248756989247311822e+02 -2.412690000000002328e+03
-6.130855913978494982e+02 -2.425690000000002328e+03
-6.012954838709678143e+02 -2.633690000000002328e+03
-5.895053763440860166e+02 -2.990690000000002328e+03
-5.777152688172043327e+02 -2.538690000000002328e+03
-5.659251612903226487e+02 -2.231690000000002328e+03
-5.541350537634408511e+02 -1.817690000000002328e+03
-5.423449462365591671e+02 -2.109690000000002328e+03
-5.305548387096774832e+02 -2.028690000000002328e+03
-5.187647311827956855e+02 -2.485690000000002328e+03
-5.069746236559140016e+02 -1.592690000000002328e+03
-4.951845161290323176e+02 -2.038690000000002328e+03
-4.833944086021505768e+02 -2.270690000000002328e+03
-4.716043010752688360e+02 -1.736690000000002328e+03
-4.598141935483871521e+02 -2.415690000000002328e+03
-4.480240860215054113e+02 -2.281690000000002328e+03
-4.362339784946236705e+02 -2.548690000000002328e+03
-4.244438709677419865e+02 -2.031690000000002328e+03
-4.126537634408602457e+02 -2.781690000000002328e+03
-4.008636559139785049e+02 -2.705690000000002328e+03
-3.890735483870968210e+02 -2.428690000000002328e+03
-3.772834408602150802e+02 -3.083690000000002328e+03
-3.654933333333333394e+02 -2.302690000000002328e+03
-3.537032258064516554e+02 -2.584690000000002328e+03
-3.419131182795699146e+02 -2.926690000000002328e+03
-3.301230107526881739e+02 -3.247690000000002328e+03
-3.183329032258064899e+02 -1.903690000000002328e+03
-3.065427956989247491e+02 -2.681690000000002328e+03
-2.947526881720430083e+02 -2.804690000000002328e+03
-2.829625806451613244e+02 -2.939690000000002328e+03
-2.711724731182795836e+02 -2.320690000000002328e+03
-2.593823655913978428e+02 -2.259690000000002328e+03
-2.475922580645161588e+02 -1.714690000000002328e+03
-2.358021505376344180e+02 -2.005690000000002328e+03
-2.240120430107527056e+02 -1.768690000000002328e+03
-2.122219354838709933e+02 -1.964690000000002328e+03
-2.004318279569892525e+02 -2.302690000000002328e+03
-1.886417204301075401e+02 -2.720690000000002328e+03
-1.768516129032258277e+02 -2.886690000000002328e+03
-1.650615053763440869e+02 -2.781690000000002328e+03
-1.532713978494623746e+02 -3.138690000000002328e+03
-1.414812903225806622e+02 -2.710690000000002328e+03
-1.296911827956989214e+02 -1.854690000000002328e+03
-1.179010752688172090e+02 -2.327690000000002328e+03
-1.061109677419354966e+02 -2.327690000000002328e+03
-9.432086021505377005e+01 -4.056900000000023283e+02
-8.253075268817204346e+01 -1.688690000000002328e+03
-7.074064516129033109e+01 4.914309999999997672e+03
-5.895053763440860450e+01 1.669309999999997672e+03
-4.716043010752688502e+01 4.732309999999997672e+03
-3.537032258064516554e+01 9.952309999999997672e+03
-2.358021505376344251e+01 2.143630999999999767e+04
-1.179010752688172126e+01 3.936830999999999767e+04
0.000000000000000000e+00 6.741430999999999767e+04
1.179010752688172126e+01 1.029813099999999977e+05
2.358021505376344251e+01 1.496363099999999977e+05
3.537032258064516554e+01 2.080063099999999977e+05
4.716043010752688502e+01 2.841893099999999977e+05
5.895053763440860450e+01 3.809093099999999977e+05
7.074064516129033109e+01 4.804173099999999977e+05
8.253075268817204346e+01 5.978953100000000559e+05
9.432086021505377005e+01 7.252333100000000559e+05
1.061109677419354966e+02 8.576513100000000559e+05
1.179010752688172090e+02 9.959913100000000559e+05
1.296911827956989214e+02 1.122542310000000056e+06
1.414812903225806622e+02 1.248177310000000056e+06
1.532713978494623746e+02 1.382129310000000056e+06
1.650615053763440869e+02 1.503363310000000056e+06
1.768516129032258277e+02 1.615951310000000056e+06
1.886417204301075401e+02 1.709158310000000056e+06
2.004318279569892525e+02 1.805317310000000056e+06
2.122219354838709933e+02 1.886869310000000056e+06
2.240120430107527056e+02 1.961154310000000056e+06
2.358021505376344180e+02 2.021330310000000056e+06
2.475922580645161588e+02 2.064721310000000056e+06
2.593823655913978428e+02 2.115091310000000056e+06
2.711724731182795836e+02 2.152506310000000056e+06
2.829625806451613244e+02 2.159831310000000056e+06
2.947526881720430083e+02 2.171379310000000056e+06
3.065427956989247491e+02 2.180279310000000056e+06
3.183329032258064899e+02 2.197898310000000056e+06
3.301230107526881739e+02 2.181065310000000056e+06
3.419131182795699146e+02 2.162991310000000056e+06
3.537032258064516554e+02 2.176715310000000056e+06
3.654933333333333394e+02 2.180869310000000056e+06
3.772834408602150802e+02 2.191697310000000056e+06
3.890735483870968210e+02 2.187047310000000056e+06
4.008636559139785049e+02 2.180775310000000056e+06
4.126537634408602457e+02 2.192226310000000056e+06
4.244438709677419865e+02 2.194080310000000056e+06
4.362339784946236705e+02 2.201441310000000056e+06
4.480240860215054113e+02 2.205139310000000056e+06
4.598141935483871521e+02 2.219067310000000056e+06
4.716043010752688360e+02 2.207916310000000056e+06
4.833944086021505768e+02 2.175674310000000056e+06
4.951845161290323176e+02 2.159518310000000056e+06
5.069746236559140016e+02 2.174306310000000056e+06
5.187647311827956855e+02 2.172042310000000056e+06
5.305548387096774832e+02 2.172799310000000056e+06
5.423449462365591671e+02 2.179265310000000056e+06
5.541350537634408511e+02 2.189956310000000056e+06
5.659251612903226487e+02 2.192664310000000056e+06
5.777152688172043327e+02 2.204805310000000056e+06
5.895053763440860166e+02 2.213423310000000056e+06
6.012954838709678143e+02 2.213374310000000056e+06
6.130855913978494982e+02 2.200002310000000056e+06
6.248756989247311822e+02 2.186589310000000056e+06
6.366658064516129798e+02 2.185552310000000056e+06
6.484559139784946638e+02 2.191383310000000056e+06
6.602460215053763477e+02 2.217260310000000056e+06
6.720361290322581453e+02 2.216172310000000056e+06
6.838262365591398293e+02 2.218171310000000056e+06
6.956163440860215132e+02 2.228989310000000056e+06
7.074064516129033109e+02 2.232018310000000056e+06
7.191965591397849948e+02 2.225313310000000056e+06
7.309866666666666788e+02 2.225120310000000056e+06
7.427767741935484764e+02 2.220620310000000056e+06
7.545668817204301604e+02 2.203413310000000056e+06
7.663569892473118443e+02 2.199898310000000056e+06
7.781470967741936420e+02 2.193173310000000056e+06
7.899372043010753259e+02 2.180977310000000056e+06
8.017273118279570099e+02 2.183346310000000056e+06
8.135174193548388075e+02 2.190764310000000056e+06
8.253075268817204915e+02 2.184673310000000056e+06
8.370976344086021754e+02 2.185123310000000056e+06
8.488877419354839731e+02 2.178476310000000056e+06
8.606778494623656570e+02 2.179905310000000056e+06
8.724679569892473410e+02 2.182691310000000056e+06
8.842580645161291386e+02 2.186129310000000056e+06
8.960481720430108226e+02 2.192633310000000056e+06
9.078382795698925065e+02 2.189704310000000056e+06
9.196283870967743042e+02 2.217096310000000056e+06
9.314184946236559881e+02 2.227229310000000056e+06
9.432086021505376721e+02 2.225772310000000056e+06
9.549987096774194697e+02 2.241501310000000056e+06
9.667888172043011537e+02 2.242226310000000056e+06
9.785789247311828376e+02 2.232084310000000056e+06
9.903690322580646352e+02 2.237546310000000056e+06
1.002159139784946319e+03 2.248587310000000056e+06
1.013949247311828003e+03 2.235528310000000056e+06
1.025739354838709687e+03 2.233484310000000056e+06
1.037529462365591371e+03 2.233798310000000056e+06
1.049319569892473282e+03 2.232200310000000056e+06
1.061109677419354966e+03 2.245468310000000056e+06
1.072899784946236650e+03 2.256543310000000056e+06
1.084689892473118334e+03 2.264380310000000056e+06
1.096480000000000018e+03 2.258602310000000056e+06
1.108270107526881702e+03 2.267976310000000056e+06
1.120060215053763613e+03 2.255953310000000056e+06
1.131850322580645297e+03 2.254753310000000056e+06
1.143640430107526981e+03 2.245404310000000056e+06
1.155430537634408665e+03 2.254876310000000056e+06
1.167220645161290349e+03 2.257234310000000056e+06
1.179010752688172033e+03 2.258901310000000056e+06
1.190800860215053945e+03 2.257512310000000056e+06
1.202590967741935629e+03 2.248525310000000056e+06
1.214381075268817312e+03 2.263191310000000056e+06
1.226171182795698996e+03 2.271847310000000056e+06
1.237961290322580680e+03 2.296552310000000056e+06
1.249751397849462364e+03 2.311051310000000056e+06
1.261541505376344276e+03 2.323700310000000056e+06
1.273331612903225960e+03 2.322167310000000056e+06
1.285121720430107644e+03 2.325418310000000056e+06
1.296911827956989328e+03 2.325581310000000056e+06
1.308701935483871011e+03 2.325332310000000056e+06
1.320492043010752695e+03 2.318116310000000056e+06
1.332282150537634607e+03 2.325894310000000056e+06
1.344072258064516291e+03 2.336710310000000056e+06
1.355862365591397975e+03 2.321901310000000056e+06
1.367652473118279659e+03 2.317190310000000056e+06
1.379442580645161343e+03 2.326556310000000056e+06
1.391232688172043026e+03 2.328709310000000056e+06
1.403022795698924938e+03 2.325624310000000056e+06
1.414812903225806622e+03 2.326276310000000056e+06
1.426603010752688306e+03 2.332457310000000056e+06
1.438393118279569990e+03 2.342923310000000056e+06
1.450183225806451674e+03 2.353216310000000056e+06
1.461973333333333358e+03 2.336664310000000056e+06
1.473763440860215269e+03 2.351501310000000056e+06
1.485553548387096953e+03 2.369904310000000056e+06
1.497343655913978637e+03 2.356218310000000056e+06
1.509133763440860321e+03 2.339877310000000056e+06
1.520923870967742005e+03 2.343197310000000056e+06
1.532713978494623689e+03 2.336800310000000056e+06
1.544504086021505373e+03 2.283382310000000056e+06
1.556294193548387284e+03 2.231961310000000056e+06
1.568084301075268968e+03 2.184018310000000056e+06
1.579874408602150652e+03 2.130040310000000056e+06
1.591664516129032336e+03 2.052533310000000056e+06
1.603454623655914020e+03 1.950797310000000056e+06
1.615244731182795704e+03 1.833536310000000056e+06
1.627034838709677615e+03 1.704127310000000056e+06
1.638824946236559299e+03 1.566427310000000056e+06
1.650615053763440983e+03 1.418043310000000056e+06
1.662405161290322667e+03 1.268989310000000056e+06
1.674195268817204351e+03 1.108785310000000056e+06
1.685985376344086035e+03 9.525443100000000559e+05
1.697775483870967946e+03 8.073093100000000559e+05
1.709565591397849630e+03 6.732103100000000559e+05
1.721355698924731314e+03 5.516623100000000559e+05
1.733145806451612998e+03 4.442223099999999977e+05
1.744935913978494682e+03 3.526423099999999977e+05
1.756726021505376366e+03 2.699343099999999977e+05
1.768516129032258277e+03 2.038463099999999977e+05
1.780306236559139961e+03 1.523243099999999977e+05
1.792096344086021645e+03 1.117573099999999977e+05
1.803886451612903329e+03 8.091830999999999767e+04
1.815676559139785013e+03 5.769130999999999767e+04
1.827466666666666697e+03 4.197930999999999767e+04
1.839256774193548608e+03 3.240030999999999767e+04
1.851046881720430292e+03 2.527730999999999767e+04
1.862836989247311976e+03 2.182230999999999767e+04
1.874627096774193660e+03 2.017430999999999767e+04
1.886417204301075344e+03 2.042830999999999767e+04
1.898207311827957028e+03 2.164630999999999767e+04
1.909997419354838939e+03 1.925330999999999767e+04
1.921787526881720623e+03 1.692030999999999767e+04
1.933577634408602307e+03 1.642030999999999767e+04
1.945367741935483991e+03 1.653830999999999767e+04
1.957157849462365675e+03 1.632830999999999767e+04
1.968947956989247359e+03 1.507130999999999767e+04
1.980738064516129270e+03 1.501330999999999767e+04
1.992528172043010954e+03 1.480130999999999767e+04
2.004318279569892638e+03 1.411730999999999767e+04
2.016108387096774322e+03 1.383830999999999767e+04
2.027898494623656006e+03 1.197930999999999767e+04
2.039688602150537690e+03 9.937309999999997672e+03
2.051478709677419374e+03 9.878309999999997672e+03
2.063268817204301286e+03 9.863309999999997672e+03
2.075058924731182742e+03 8.024309999999997672e+03
2.086849032258064653e+03 7.961309999999997672e+03
2.098639139784946565e+03 7.186309999999997672e+03
2.110429247311828021e+03 5.531309999999997672e+03
2.122219354838709933e+03 5.254309999999997672e+03
2.134009462365591389e+03 6.423309999999997672e+03
2.145799569892473301e+03 4.691309999999997672e+03
2.157589677419355212e+03 3.772309999999997672e+03
2.169379784946236668e+03 3.535309999999997672e+03
2.181169892473118580e+03 3.309309999999997672e+03
2.192960000000000036e+03 3.280309999999997672e+03
2.204750107526881948e+03 2.398309999999997672e+03
2.216540215053763404e+03 3.197309999999997672e+03
2.228330322580645316e+03 2.315309999999997672e+03
2.240120430107527227e+03 1.724309999999997672e+03
2.251910537634408684e+03 3.343309999999997672e+03
2.263700645161290595e+03 1.245309999999997672e+03
2.275490752688172051e+03 1.070309999999997672e+03
2.287280860215053963e+03 5.763099999999976717e+02
2.299070967741935419e+03 -6.546900000000023283e+02
2.310861075268817331e+03 -2.286900000000023283e+02
2.322651182795699242e+03 -9.969000000000232831e+01
2.334441290322580699e+03 -1.009690000000002328e+03
2.346231397849462610e+03 -1.116900000000023283e+02
2.358021505376344066e+03 -1.316690000000002328e+03
2.369811612903225978e+03 -8.676900000000023283e+02
2.381601720430107889e+03 -1.941690000000002328e+03
2.393391827956989346e+03 -1.533690000000002328e+03
2.405181935483871257e+03 -1.169690000000002328e+03
2.416972043010752714e+03 -2.043690000000002328e+03
2.428762150537634625e+03 -2.091690000000002328e+03
2.440552258064516082e+03 -9.366900000000023283e+02
2.452342365591397993e+03 -1.287690000000002328e+03
2.464132473118279904e+03 -4.886900000000023283e+02
2.475922580645161361e+03 -1.176690000000002328e+03
2.487712688172043272e+03 -1.157690000000002328e+03
2.499502795698924729e+03 -9.966900000000023283e+02
2.511292903225806640e+03 -1.588690000000002328e+03
2.523083010752688551e+03 -2.101690000000002328e+03
2.534873118279570008e+03 -2.410690000000002328e+03
2.546663225806451919e+03 -2.135690000000002328e+03
2.558453333333333376e+03 -1.816690000000002328e+03
2.570243440860215287e+03 -1.254690000000002328e+03
2.582033548387096744e+03 -6.886900000000023283e+02
2.593823655913978655e+03 -2.211690000000002328e+03
2.605613763440860566e+03 -1.935690000000002328e+03
2.617403870967742023e+03 -2.263690000000002328e+03
2.629193978494623934e+03 -1.038690000000002328e+03
2.640984086021505391e+03 -5.776900000000023283e+02
2.652774193548387302e+03 -1.362690000000002328e+03
2.664564301075269213e+03 -1.246690000000002328e+03
2.676354408602150670e+03 -1.529690000000002328e+03
2.688144516129032581e+03 -2.102690000000002328e+03
2.699934623655914038e+03 -6.306900000000023283e+02
2.711724731182795949e+03 -1.796900000000023283e+02
2.723514838709677406e+03 -1.938690000000002328e+03
2.735304946236559317e+03 -2.013690000000002328e+03
2.747095053763441229e+03 -1.557690000000002328e+03
2.758885161290322685e+03 -1.653690000000002328e+03
2.770675268817204596e+03 -1.711690000000002328e+03
2.782465376344086053e+03 -1.970690000000002328e+03
2.794255483870967964e+03 -9.176900000000023283e+02
2.806045591397849876e+03 -1.262690000000002328e+03
2.817835698924731332e+03 -1.519690000000002328e+03
2.829625806451613244e+03 -8.706900000000023283e+02
2.841415913978494700e+03 -9.946900000000023283e+02
2.853206021505376611e+03 -1.195690000000002328e+03
2.864996129032258068e+03 -9.666900000000023283e+02
2.876786236559139979e+03 -1.327690000000002328e+03
2.888576344086021891e+03 -1.416690000000002328e+03
2.900366451612903347e+03 -1.546690000000002328e+03
2.912156559139785259e+03 -1.876690000000002328e+03
2.923946666666666715e+03 -9.566900000000023283e+02
2.935736774193548626e+03 -1.829690000000002328e+03
2.947526881720430538e+03 -1.052690000000002328e+03
2.959316989247311994e+03 -1.463690000000002328e+03
2.971107096774193906e+03 -8.876900000000023283e+02
2.982897204301075362e+03 -9.676900000000023283e+02
2.994687311827957274e+03 -6.956900000000023283e+02
3.006477419354838730e+03 -6.316900000000023283e+02
3.018267526881720642e+03 -1.692690000000002328e+03
3.030057634408602553e+03 -2.237690000000002328e+03
3.041847741935484009e+03 -1.986690000000002328e+03
3.053637849462365921e+03 -1.950690000000002328e+03
3.065427956989247377e+03 -1.809690000000002328e+03
3.077218064516129289e+03 -1.891690000000002328e+03
3.089008172043010745e+03 -5.856900000000023283e+02
3.100798279569892657e+03 -1.061690000000002328e+03
3.112588387096774568e+03 -8.186900000000023283e+02
3.124378494623656024e+03 -6.766900000000023283e+02
3.136168602150537936e+03 -1.106690000000002328e+03
3.147958709677419392e+03 -1.443690000000002328e+03
3.159748817204301304e+03 -7.156900000000023283e+02
3.171538924731183215e+03 -5.626900000000023283e+02
3.183329032258064672e+03 5.623099999999976717e+02
3.195119139784946583e+03 -3.086900000000023283e+02
3.206909247311828040e+03 -8.266900000000023283e+02
3.218699354838709951e+03 6.243099999999976717e+02
3.230489462365591407e+03 -2.626900000000023283e+02
3.242279569892473319e+03 -9.196900000000023283e+02
3.254069677419355230e+03 -8.006900000000023283e+02
3.265859784946236687e+03 -2.746900000000023283e+02
3.277649892473118598e+03 -9.096900000000023283e+02
3.289440000000000055e+03 -1.100690000000002328e+03
3.301230107526881966e+03 -1.183690000000002328e+03
3.313020215053763877e+03 -1.816690000000002328e+03
3.324810322580645334e+03 -5.846900000000023283e+02
3.336600430107527245e+03 -8.386900000000023283e+02
3.348390537634408702e+03 -4.056900000000023283e+02
3.360180645161290613e+03 -4.146900000000023283e+02
3.371970752688172070e+03 -1.105690000000002328e+03
3.383760860215053981e+03 4.430999999999767169e+01
3.395550967741935892e+03 -9.896900000000023283e+02
3.407341075268817349e+03 -1.150690000000002328e+03
3.419131182795699260e+03 -1.057690000000002328e+03
3.430921290322580717e+03 -1.484690000000002328e+03
3.442711397849462628e+03 -4.656900000000023283e+02
3.454501505376344539e+03 -8.669000000000232831e+01
3.466291612903225996e+03 2.883099999999976717e+02
3.478081720430107907e+03 -2.696900000000023283e+02
3.489871827956989364e+03 -1.017690000000002328e+03
3.501661935483871275e+03 -1.376690000000002328e+03
3.513452043010752732e+03 -1.956900000000023283e+02
3.525242150537634643e+03 5.273099999999976717e+02
3.537032258064516554e+03 -4.016900000000023283e+02
3.548822365591398011e+03 -4.769000000000232831e+01
3.560612473118279922e+03 -4.169000000000232831e+01
3.572402580645161379e+03 -5.456900000000023283e+02
3.584192688172043290e+03 -1.669000000000232831e+01
3.595982795698925202e+03 -2.806900000000023283e+02
3.607772903225806658e+03 -5.156900000000023283e+02
3.619563010752688569e+03 1.147309999999997672e+03
3.631353118279570026e+03 7.930999999999767169e+01
3.643143225806451937e+03 5.743099999999976717e+02
3.654933333333333394e+03 4.673099999999976717e+02
3.666723440860215305e+03 7.309999999997671694e+00
3.678513548387097217e+03 -1.916900000000023283e+02
3.690303655913978673e+03 2.263099999999976717e+02
3.702093763440860585e+03 3.723099999999976717e+02
3.713883870967742041e+03 3.733099999999976717e+02
3.725673978494623952e+03 -1.136900000000023283e+02
3.737464086021505864e+03 2.503099999999976717e+02
3.749254193548387320e+03 6.013099999999976717e+02
3.761044301075269232e+03 3.183099999999976717e+02
3.772834408602150688e+03 3.753099999999976717e+02
3.784624516129032600e+03 4.973099999999976717e+02
3.796414623655914056e+03 3.196309999999997672e+03
3.808204731182795967e+03 -2.176900000000023283e+02
3.819994838709677879e+03 9.603099999999976717e+02
3.831784946236559335e+03 9.453099999999976717e+02
3.843575053763441247e+03 5.973099999999976717e+02
3.855365161290322703e+03 -1.536900000000023283e+02
3.867155268817204615e+03 1.252309999999997672e+03
3.878945376344086071e+03 6.863099999999976717e+02
3.890735483870967983e+03 8.053099999999976717e+02
3.902525591397849894e+03 1.144309999999997672e+03
3.914315698924731350e+03 1.547309999999997672e+03
3.926105806451613262e+03 1.061309999999997672e+03
3.937895913978494718e+03 1.179309999999997672e+03
3.949686021505376630e+03 5.283099999999976717e+02
3.961476129032258541e+03 6.943099999999976717e+02
3.973266236559139998e+03 1.779309999999997672e+03
3.985056344086021909e+03 2.277309999999997672e+03
3.996846451612903365e+03 1.503099999999976717e+02
4.008636559139785277e+03 6.493099999999976717e+02
4.020426666666666733e+03 1.519309999999997672e+03
4.032216774193548645e+03 1.397309999999997672e+03
4.044006881720430556e+03 1.521309999999997672e+03
4.055796989247312013e+03 5.873099999999976717e+02
4.067587096774193924e+03 1.742309999999997672e+03
4.079377204301075380e+03 5.463099999999976717e+02
4.091167311827957292e+03 3.053099999999976717e+02
4.102957419354838748e+03 8.193099999999976717e+02
4.114747526881720660e+03 6.753099999999976717e+02
4.126537634408602571e+03 8.033099999999976717e+02
4.138327741935484482e+03 2.093309999999997672e+03
4.150117849462365484e+03 1.027309999999997672e+03
4.161907956989247396e+03 6.213099999999976717e+02
4.173698064516129307e+03 1.097309999999997672e+03
4.185488172043011218e+03 3.863099999999976717e+02
4.197278279569893130e+03 8.453099999999976717e+02
4.209068387096774131e+03 -3.486900000000023283e+02
4.220858494623656043e+03 1.123099999999976717e+02
4.232648602150537954e+03 9.730999999999767169e+01
4.244438709677419865e+03 3.593099999999976717e+02
4.256228817204301777e+03 2.983099999999976717e+02
4.268018924731182778e+03 6.030999999999767169e+01
4.279809032258064690e+03 9.823099999999976717e+02
4.291599139784946601e+03 9.923099999999976717e+02
4.303389247311828512e+03 1.048309999999997672e+03
4.315179354838710424e+03 9.913099999999976717e+02
4.326969462365591426e+03 1.003309999999997672e+03
4.338759569892473337e+03 1.005309999999997672e+03
4.350549677419355248e+03 -3.086900000000023283e+02
4.362339784946237160e+03 3.930999999999767169e+01
4.374129892473118161e+03 1.464309999999997672e+03
4.385920000000000073e+03 7.243099999999976717e+02
4.397710107526881984e+03 1.045309999999997672e+03
4.409500215053763895e+03 -1.690000000002328306e+00
4.421290322580645807e+03 1.090309999999997672e+03
4.433080430107526809e+03 3.283099999999976717e+02
4.444870537634408720e+03 4.383099999999976717e+02
4.456660645161290631e+03 1.203099999999976717e+02
4.468450752688172543e+03 -5.551690000000002328e+03
4.480240860215054454e+03 -1.237669000000000233e+04
4.492030967741935456e+03 -1.219769000000000233e+04
4.503821075268817367e+03 -1.238369000000000233e+04
4.515611182795699278e+03 -1.237169000000000233e+04
4.527401290322581190e+03 -1.234569000000000233e+04
4.539191397849463101e+03 -1.229369000000000233e+04
4.550981505376344103e+03 -1.230169000000000233e+04
4.562771612903226014e+03 -1.221969000000000233e+04
4.574561720430107925e+03 -1.218069000000000233e+04
4.586351827956989837e+03 -1.220169000000000233e+04
4.598141935483870839e+03 -1.217269000000000233e+04
4.609932043010752750e+03 -1.224269000000000233e+04
4.621722150537634661e+03 -1.217869000000000233e+04
4.633512258064516573e+03 -1.237969000000000233e+04
4.645302365591398484e+03 -1.225869000000000233e+04
4.657092473118279486e+03 -1.250769000000000233e+04
4.668882580645161397e+03 -1.228669000000000233e+04
4.680672688172043308e+03 -1.245469000000000233e+04
4.692462795698925220e+03 -1.239169000000000233e+04
4.704252903225807131e+03 -1.248969000000000233e+04
4.716043010752688133e+03 -1.230869000000000233e+04
4.727833118279570044e+03 -1.236269000000000233e+04
4.739623225806451956e+03 -1.229169000000000233e+04
