-2.077023942652329879e+03 -9.186099999999860302e+02
-2.063268817204301286e+03 -6.383609999999986030e+03
-2.049513691756272692e+03 -7.780609999999986030e+03
-2.035758566308243871e+03 -8.348609999999986030e+03
-2.022003440860215278e+03 -8.769609999999986030e+03
-2.008248315412186457e+03 -8.889609999999986030e+03
-1.994493189964157864e+03 -9.311609999999986030e+03
-1.980738064516129270e+03 -9.469609999999986030e+03
-1.966982939068100450e+03 -9.870609999999986030e+03
-1.953227813620071856e+03 -1.014860999999998603e+04
-1.939472688172043263e+03 -1.011060999999998603e+04
-1.925717562724014442e+03 -1.045060999999998603e+04
-1.911962437275985849e+03 -5.375609999999986030e+03
-1.898207311827957255e+03 2.423900000000139698e+02
-1.884452186379928435e+03 -3.736099999999860302e+02
-1.870697060931899841e+03 -7.966099999999860302e+02
-1.856941935483871248e+03 -8.326099999999860302e+02
-1.843186810035842427e+03 2.313900000000139698e+02
-1.829431684587813834e+03 -6.716099999999860302e+02
-1.815676559139785013e+03 -9.926099999999860302e+02
-1.801921433691756420e+03 -6.026099999999860302e+02
-1.788166308243727826e+03 -1.085609999999986030e+03
-1.774411182795699006e+03 -1.240609999999986030e+03
-1.760656057347670412e+03 1.480390000000013970e+03
-1.746900931899641819e+03 -1.431609999999986030e+03
-1.733145806451612998e+03 -9.936099999999860302e+02
-1.719390681003584405e+03 -5.086099999999860302e+02
-1.705635555555555811e+03 -1.849609999999986030e+03
-1.691880430107526990e+03 -9.626099999999860302e+02
-1.678125304659498397e+03 -1.914609999999986030e+03
-1.664370179211469576e+03 -1.292609999999986030e+03
-1.650615053763440983e+03 -1.455609999999986030e+03
-1.636859928315412390e+03 -1.879609999999986030e+03
-1.623104802867383569e+03 -1.970609999999986030e+03
-1.609349677419354975e+03 -2.513609999999986030e+03
-1.595594551971326382e+03 -1.641609999999986030e+03
-1.581839426523297561e+03 -2.115609999999986030e+03
-1.568084301075268968e+03 -1.712609999999986030e+03
-1.554329175627240375e+03 -1.227609999999986030e+03
-1.540574050179211554e+03 -2.208609999999986030e+03
-1.526818924731182960e+03 -1.293609999999986030e+03
-1.513063799283154367e+03 -1.610609999999986030e+03
-1.499308673835125546e+03 -1.314609999999986030e+03
-1.485553548387096953e+03 -1.505609999999986030e+03
-1.471798422939068132e+03 -1.654609999999986030e+03
-1.458043297491039539e+03 -1.777609999999986030e+03
-1.444288172043010945e+03 -1.343609999999986030e+03
-1.430533046594982125e+03 -3.956099999999860302e+02
-1.416777921146953531e+03 -1.655609999999986030e+03
-1.403022795698924938e+03 -1.653609999999986030e+03
-1.389267670250896117e+03 -2.108609999999986030e+03
-1.375512544802867524e+03 -2.141609999999986030e+03
-1.361757419354838930e+03 -2.010609999999986030e+03
-1.348002293906810110e+03 -1.283609999999986030e+03
-1.334247168458781516e+03 -1.113609999999986030e+03
-1.320492043010752695e+03 -1.804609999999986030e+03
-1.306736917562724102e+03 -1.423609999999986030e+03
-1.292981792114695509e+03 -1.641609999999986030e+03
-1.279226666666666688e+03 -1.955609999999986030e+03
-1.265471541218638095e+03 -2.140609999999986030e+03
-1.251716415770609501e+03 -2.601609999999986030e+03
-1.237961290322580680e+03 -1.531609999999986030e+03
-1.224206164874552087e+03 -2.091609999999986030e+03
-1.210451039426523494e+03 -1.155609999999986030e+03
-1.196695913978494673e+03 -1.769609999999986030e+03
-1.182940788530466079e+03 -1.073609999999986030e+03
-1.169185663082437486e+03 -2.051609999999986030e+03
-1.155430537634408665e+03 -1.847609999999986030e+03
-1.141675412186380072e+03 -2.605609999999986030e+03
-1.127920286738351251e+03 -1.723609999999986030e+03
-1.114165161290322658e+03 -1.774609999999986030e+03
-1.100410035842294064e+03 -1.951609999999986030e+03
-1.086654910394265244e+03 -1.246609999999986030e+03
-1.072899784946236650e+03 -8.746099999999860302e+02
-1.059144659498208057e+03 -8.796099999999860302e+02
-1.045389534050179236e+03 -1.412609999999986030e+03
-1.031634408602150643e+03 -1.600609999999986030e+03
-1.017879283154121936e+03 -1.277609999999986030e+03
-1.004124157706093229e+03 -1.590609999999986030e+03
-9.903690322580646352e+02 -2.290609999999986030e+03
-9.766139068100359282e+02 -2.057609999999986030e+03
-9.628587813620072211e+02 -2.655609999999986030e+03
-9.491036559139786277e+02 -1.725609999999986030e+03
-9.353485304659499207e+02 -1.757609999999986030e+03
-9.215934050179212136e+02 -1.706609999999986030e+03
-9.078382795698925065e+02 -2.001609999999986030e+03
-8.940831541218639131e+02 -2.168609999999986030e+03
-8.803280286738352061e+02 -2.501609999999986030e+03
-8.665729032258064990e+02 -1.633609999999986030e+03
-8.528177777777779056e+02 -1.781609999999986030e+03
-8.390626523297491985e+02 -1.640609999999986030e+03
-8.253075268817204915e+02 -1.608609999999986030e+03
-8.115524014336917844e+02 -1.622609999999986030e+03
-7.977972759856631910e+02 -2.151609999999986030e+03
-7.840421505376344840e+02 -2.281609999999986030e+03
-7.702870250896057769e+02 -1.974609999999986030e+03
-7.565318996415771835e+02 -2.030609999999986030e+03
-7.427767741935484764e+02 -1.985609999999986030e+03
-7.290216487455197694e+02 -1.776609999999986030e+03
-7.152665232974910623e+02 -1.680609999999986030e+03
-7.015113978494624689e+02 -1.739609999999986030e+03
-6.877562724014337618e+02 -2.604609999999986030e+03
-6.740011469534050548e+02 -1.849609999999986030e+03
-6.602460215053763477e+02 -1.839609999999986030e+03
-6.464908960573477543e+02 -1.685609999999986030e+03
-6.327357706093190473e+02 -1.596609999999986030e+03
-6.189806451612903402e+02 -1.831609999999986030e+03
-6.052255197132617468e+02 -1.943609999999986030e+03
-5.914703942652330397e+02 -2.537609999999986030e+03
-5.777152688172043327e+02 -2.022609999999986030e+03
-5.639601433691756256e+02 -2.520609999999986030e+03
-5.502050179211470322e+02 -2.353609999999986030e+03
-5.364498924731183251e+02 -1.696609999999986030e+03
-5.226947670250896181e+02 -2.968609999999986030e+03
-5.089396415770609678e+02 -2.337609999999986030e+03
-4.951845161290323176e+02 -2.134609999999986030e+03
-4.814293906810036106e+02 -3.047609999999986030e+03
-4.676742652329749603e+02 -3.420609999999986030e+03
-4.539191397849462533e+02 -1.654609999999986030e+03
-4.401640143369176030e+02 -2.773609999999986030e+03
-4.264088888888889528e+02 -2.422609999999986030e+03
-4.126537634408602457e+02 -2.920609999999986030e+03
-3.988986379928315955e+02 -2.273609999999986030e+03
-3.851435125448028884e+02 -2.436609999999986030e+03
-3.713883870967742382e+02 -2.200609999999986030e+03
-3.576332616487455311e+02 -2.520609999999986030e+03
-3.438781362007168809e+02 -2.364609999999986030e+03
-3.301230107526881739e+02 -2.005609999999986030e+03
-3.163678853046595236e+02 -2.161609999999986030e+03
-3.026127598566308734e+02 -2.192609999999986030e+03
-2.888576344086021663e+02 -2.423609999999986030e+03
-2.751025089605735161e+02 -2.822609999999986030e+03
-2.613473835125448090e+02 -2.855609999999986030e+03
-2.475922580645161588e+02 -2.531609999999986030e+03
-2.338371326164874802e+02 -1.669609999999986030e+03
-2.200820071684588015e+02 -2.128609999999986030e+03
-2.063268817204301229e+02 -2.697609999999986030e+03
-1.925717562724014442e+02 -2.100609999999986030e+03
-1.788166308243727656e+02 -2.214609999999986030e+03
-1.650615053763440869e+02 -2.610609999999986030e+03
-1.513063799283154367e+02 -2.054609999999986030e+03
-1.375512544802867581e+02 -1.603609999999986030e+03
-1.237961290322580794e+02 -1.945609999999986030e+03
-1.100410035842294008e+02 -2.039609999999986030e+03
-9.628587813620072211e+01 -1.711609999999986030e+03
-8.253075268817204346e+01 -1.836099999999860302e+02
-6.877562724014337903e+01 5.133900000000139698e+02
-5.502050179211470038e+01 5.336390000000013970e+03
-4.126537634408602173e+01 1.255239000000001397e+04
-2.751025089605735019e+01 2.405639000000001397e+04
-1.375512544802867509e+01 4.325839000000001397e+04
0.000000000000000000e+00 6.967639000000001397e+04
1.375512544802867509e+01 1.102373900000000140e+05
2.751025089605735019e+01 1.594223900000000140e+05
4.126537634408602173e+01 2.271503900000000140e+05
5.502050179211470038e+01 3.053243900000000140e+05
6.877562724014337903e+01 3.993653900000000140e+05
8.253075268817204346e+01 5.120863900000000140e+05
9.628587813620072211e+01 6.373023900000000140e+05
1.100410035842294008e+02 7.651323900000000140e+05
1.237961290322580794e+02 9.040883900000000140e+05
1.375512544802867581e+02 1.056760390000000130e+06
1.513063799283154367e+02 1.208143390000000130e+06
1.650615053763440869e+02 1.342564390000000130e+06
1.788166308243727656e+02 1.484648390000000130e+06
1.925717562724014442e+02 1.627140390000000130e+06
2.063268817204301229e+02 1.755478390000000130e+06
2.200820071684588015e+02 1.881431390000000130e+06
2.338371326164874802e+02 1.988044390000000130e+06
2.475922580645161588e+02 2.078646390000000130e+06
2.613473835125448090e+02 2.176522390000000130e+06
2.751025089605735161e+02 2.256337390000000130e+06
2.888576344086021663e+02 2.336235390000000130e+06
3.026127598566308734e+02 2.399945390000000130e+06
3.163678853046595236e+02 2.437050390000000130e+06
3.301230107526881739e+02 2.465431390000000130e+06
3.438781362007168809e+02 2.495289390000000130e+06
3.576332616487455311e+02 2.511439390000000130e+06
3.713883870967742382e+02 2.521533390000000130e+06
3.851435125448028884e+02 2.532533390000000130e+06
3.988986379928315955e+02 2.535753390000000130e+06
4.126537634408602457e+02 2.542082390000000130e+06
4.264088888888889528e+02 2.525143390000000130e+06
4.401640143369176030e+02 2.518843390000000130e+06
4.539191397849462533e+02 2.529210390000000130e+06
4.676742652329749603e+02 2.520571390000000130e+06
4.814293906810036106e+02 2.509821390000000130e+06
4.951845161290323176e+02 2.510407390000000130e+06
5.089396415770609678e+02 2.518432390000000130e+06
5.226947670250896181e+02 2.508672390000000130e+06
5.364498924731183251e+02 2.502013390000000130e+06
5.502050179211470322e+02 2.494729390000000130e+06
5.639601433691756256e+02 2.488383390000000130e+06
5.777152688172043327e+02 2.474139390000000130e+06
5.914703942652330397e+02 2.480218390000000130e+06
6.052255197132617468e+02 2.476557390000000130e+06
6.189806451612903402e+02 2.473640390000000130e+06
6.327357706093190473e+02 2.480237390000000130e+06
6.464908960573477543e+02 2.477642390000000130e+06
6.602460215053763477e+02 2.480656390000000130e+06
6.740011469534050548e+02 2.477298390000000130e+06
6.877562724014337618e+02 2.478765390000000130e+06
7.015113978494624689e+02 2.471350390000000130e+06
7.152665232974910623e+02 2.463939390000000130e+06
7.290216487455197694e+02 2.468666390000000130e+06
7.427767741935484764e+02 2.464677390000000130e+06
7.565318996415771835e+02 2.444963390000000130e+06
7.702870250896057769e+02 2.456466390000000130e+06
7.840421505376344840e+02 2.449519390000000130e+06
7.977972759856631910e+02 2.425903390000000130e+06
8.115524014336917844e+02 2.417370390000000130e+06
8.253075268817204915e+02 2.422447390000000130e+06
8.390626523297491985e+02 2.403080390000000130e+06
8.528177777777779056e+02 2.393087390000000130e+06
8.665729032258064990e+02 2.392766390000000130e+06
8.803280286738352061e+02 2.391755390000000130e+06
8.940831541218639131e+02 2.386224390000000130e+06
9.078382795698925065e+02 2.380260390000000130e+06
9.215934050179212136e+02 2.398166390000000130e+06
9.353485304659499207e+02 2.387066390000000130e+06
9.491036559139786277e+02 2.373800390000000130e+06
9.628587813620072211e+02 2.375896390000000130e+06
9.766139068100359282e+02 2.379602390000000130e+06
9.903690322580646352e+02 2.392269390000000130e+06
1.004124157706093229e+03 2.396421390000000130e+06
1.017879283154121936e+03 2.384533390000000130e+06
1.031634408602150643e+03 2.379990390000000130e+06
1.045389534050179236e+03 2.387497390000000130e+06
1.059144659498208057e+03 2.394793390000000130e+06
1.072899784946236650e+03 2.394130390000000130e+06
1.086654910394265244e+03 2.397002390000000130e+06
1.100410035842294064e+03 2.406277390000000130e+06
1.114165161290322658e+03 2.407658390000000130e+06
1.127920286738351251e+03 2.419175390000000130e+06
1.141675412186380072e+03 2.413180390000000130e+06
1.155430537634408665e+03 2.409431390000000130e+06
1.169185663082437486e+03 2.398505390000000130e+06
1.182940788530466079e+03 2.401024390000000130e+06
1.196695913978494673e+03 2.405493390000000130e+06
1.210451039426523494e+03 2.394642390000000130e+06
1.224206164874552087e+03 2.393292390000000130e+06
1.237961290322580680e+03 2.387728390000000130e+06
1.251716415770609501e+03 2.395266390000000130e+06
1.265471541218638095e+03 2.407616390000000130e+06
1.279226666666666688e+03 2.396212390000000130e+06
1.292981792114695509e+03 2.388764390000000130e+06
1.306736917562724102e+03 2.392627390000000130e+06
1.320492043010752695e+03 2.376744390000000130e+06
1.334247168458781516e+03 2.364030390000000130e+06
1.348002293906810110e+03 2.345897390000000130e+06
1.361757419354838930e+03 2.321804390000000130e+06
1.375512544802867524e+03 2.284209390000000130e+06
1.389267670250896117e+03 2.241055390000000130e+06
1.403022795698924938e+03 2.179867390000000130e+06
1.416777921146953531e+03 2.106670390000000130e+06
1.430533046594982125e+03 2.029031390000000130e+06
1.444288172043010945e+03 1.927995390000000130e+06
1.458043297491039539e+03 1.814468390000000130e+06
1.471798422939068132e+03 1.681151390000000130e+06
1.485553548387096953e+03 1.533609390000000130e+06
1.499308673835125546e+03 1.374132390000000130e+06
1.513063799283154367e+03 1.214883390000000130e+06
1.526818924731182960e+03 1.062175390000000130e+06
1.540574050179211554e+03 9.232423900000000140e+05
1.554329175627240375e+03 7.855863900000000140e+05
1.568084301075268968e+03 6.621303900000000140e+05
1.581839426523297561e+03 5.445983900000000140e+05
1.595594551971326382e+03 4.403803900000000140e+05
1.609349677419354975e+03 3.524043900000000140e+05
1.623104802867383569e+03 2.783013900000000140e+05
1.636859928315412390e+03 2.144273900000000140e+05
1.650615053763440983e+03 1.626973900000000140e+05
1.664370179211469576e+03 1.204513900000000140e+05
1.678125304659498397e+03 8.876739000000001397e+04
1.691880430107526990e+03 6.372539000000001397e+04
1.705635555555555811e+03 4.637739000000001397e+04
1.719390681003584405e+03 3.482639000000001397e+04
1.733145806451612998e+03 2.905339000000001397e+04
1.746900931899641819e+03 2.429139000000001397e+04
1.760656057347670412e+03 2.106539000000001397e+04
1.774411182795699006e+03 1.886739000000001397e+04
1.788166308243727826e+03 1.852539000000001397e+04
1.801921433691756420e+03 1.705139000000001397e+04
1.815676559139785013e+03 1.782439000000001397e+04
1.829431684587813834e+03 1.790339000000001397e+04
1.843186810035842427e+03 1.603639000000001397e+04
1.856941935483871248e+03 1.415339000000001397e+04
1.870697060931899841e+03 1.498539000000001397e+04
1.884452186379928435e+03 1.413639000000001397e+04
1.898207311827957255e+03 1.369039000000001397e+04
1.911962437275985849e+03 1.299139000000001397e+04
1.925717562724014442e+03 1.240839000000001397e+04
1.939472688172043263e+03 1.231439000000001397e+04
1.953227813620071856e+03 1.140239000000001397e+04
1.966982939068100450e+03 1.102639000000001397e+04
1.980738064516129270e+03 9.987390000000013970e+03
1.994493189964157864e+03 9.484390000000013970e+03
2.008248315412186457e+03 8.587390000000013970e+03
2.022003440860215278e+03 6.919390000000013970e+03
2.035758566308243871e+03 6.300390000000013970e+03
2.049513691756272692e+03 5.425390000000013970e+03
2.063268817204301286e+03 5.399390000000013970e+03
2.077023942652329879e+03 4.616390000000013970e+03
2.090779068100358472e+03 4.827390000000013970e+03
2.104534193548387066e+03 4.201390000000013970e+03
2.118289318996416114e+03 3.266390000000013970e+03
2.132044444444444707e+03 2.929390000000013970e+03
2.145799569892473301e+03 2.573390000000013970e+03
2.159554695340501894e+03 1.626390000000013970e+03
2.173309820788530487e+03 1.739390000000013970e+03
2.187064946236559535e+03 2.373390000000013970e+03
2.200820071684588129e+03 1.867390000000013970e+03
2.214575197132616722e+03 9.593900000000139698e+02
2.228330322580645316e+03 8.293900000000139698e+02
2.242085448028673909e+03 1.200390000000013970e+03
2.255840573476702502e+03 7.373900000000139698e+02
2.269595698924731551e+03 7.283900000000139698e+02
2.283350824372760144e+03 8.513900000000139698e+02
2.297105949820788737e+03 -8.396099999999860302e+02
2.310861075268817331e+03 -2.266099999999860302e+02
2.324616200716845924e+03 -5.956099999999860302e+02
2.338371326164874972e+03 -1.446609999999986030e+03
2.352126451612903566e+03 -9.956099999999860302e+02
2.365881577060932159e+03 -1.646609999999986030e+03
2.379636702508960752e+03 -1.387609999999986030e+03
2.393391827956989346e+03 -1.637609999999986030e+03
2.407146953405017939e+03 -8.076099999999860302e+02
2.420902078853046987e+03 -8.046099999999860302e+02
2.434657204301075581e+03 -1.067609999999986030e+03
2.448412329749104174e+03 -9.116099999999860302e+02
2.462167455197132767e+03 -7.456099999999860302e+02
2.475922580645161361e+03 -9.986099999999860302e+02
2.489677706093190409e+03 -1.677609999999986030e+03
2.503432831541219002e+03 -9.916099999999860302e+02
2.517187956989247596e+03 -1.461609999999986030e+03
2.530943082437276189e+03 -1.275609999999986030e+03
2.544698207885304782e+03 -1.916099999999860302e+02
2.558453333333333376e+03 -1.401609999999986030e+03
2.572208458781362424e+03 -8.386099999999860302e+02
2.585963584229391017e+03 -1.076099999999860302e+02
2.599718709677419611e+03 -1.726609999999986030e+03
2.613473835125448204e+03 -1.501609999999986030e+03
2.627228960573476797e+03 -1.288609999999986030e+03
2.640984086021505391e+03 -1.724609999999986030e+03
2.654739211469534439e+03 -1.190609999999986030e+03
2.668494336917563032e+03 -2.137609999999986030e+03
2.682249462365591626e+03 -1.240609999999986030e+03
2.696004587813620219e+03 -1.975609999999986030e+03
2.709759713261648812e+03 -1.706609999999986030e+03
2.723514838709677861e+03 -1.705609999999986030e+03
2.737269964157706454e+03 -1.551609999999986030e+03
2.751025089605735047e+03 -2.000609999999986030e+03
2.764780215053763641e+03 -1.395609999999986030e+03
2.778535340501792234e+03 -1.727609999999986030e+03
2.792290465949820828e+03 -1.389609999999986030e+03
2.806045591397849876e+03 -2.329609999999986030e+03
2.819800716845878469e+03 -1.598609999999986030e+03
2.833555842293907062e+03 -1.197609999999986030e+03
2.847310967741935656e+03 -1.773609999999986030e+03
2.861066093189964249e+03 -2.491609999999986030e+03
2.874821218637993297e+03 -2.782609999999986030e+03
2.888576344086021891e+03 -2.103609999999986030e+03
2.902331469534050484e+03 -1.668609999999986030e+03
2.916086594982079077e+03 -1.355609999999986030e+03
2.929841720430107671e+03 -1.654609999999986030e+03
2.943596845878136264e+03 -1.841609999999986030e+03
2.957351971326165312e+03 -2.124609999999986030e+03
2.971107096774193906e+03 -1.917609999999986030e+03
2.984862222222222499e+03 -1.075609999999986030e+03
2.998617347670251092e+03 -8.076099999999860302e+02
3.012372473118279686e+03 -1.466609999999986030e+03
3.026127598566308734e+03 -1.596609999999986030e+03
3.039882724014337327e+03 -1.720609999999986030e+03
3.053637849462365921e+03 -2.034609999999986030e+03
3.067392974910394514e+03 -1.720609999999986030e+03
3.081148100358423108e+03 -1.395609999999986030e+03
3.094903225806451701e+03 -1.972609999999986030e+03
3.108658351254480749e+03 -1.879609999999986030e+03
3.122413476702509342e+03 -1.751609999999986030e+03
3.136168602150537936e+03 -1.016609999999986030e+03
3.149923727598566529e+03 -1.059609999999986030e+03
3.163678853046595123e+03 -2.210609999999986030e+03
3.177433978494624171e+03 -1.761609999999986030e+03
3.191189103942652764e+03 -2.020609999999986030e+03
3.204944229390681357e+03 -2.012609999999986030e+03
3.218699354838709951e+03 -1.145609999999986030e+03
3.232454480286738544e+03 -1.099609999999986030e+03
3.246209605734767138e+03 -6.346099999999860302e+02
3.259964731182796186e+03 -1.047609999999986030e+03
3.273719856630824779e+03 -1.432609999999986030e+03
3.287474982078853373e+03 -1.650609999999986030e+03
3.301230107526881966e+03 -1.136609999999986030e+03
3.314985232974910559e+03 -1.268609999999986030e+03
3.328740358422939153e+03 -9.476099999999860302e+02
3.342495483870968201e+03 -1.787609999999986030e+03
3.356250609318996794e+03 -1.115609999999986030e+03
3.370005734767025388e+03 -1.260609999999986030e+03
3.383760860215053981e+03 -1.010609999999986030e+03
3.397515985663082574e+03 -1.129609999999986030e+03
3.411271111111111622e+03 -1.688609999999986030e+03
3.425026236559140216e+03 -1.404609999999986030e+03
3.438781362007168809e+03 -1.424609999999986030e+03
3.452536487455197403e+03 -1.577609999999986030e+03
3.466291612903225996e+03 -1.446609999999986030e+03
3.480046738351254589e+03 -1.854609999999986030e+03
3.493801863799283637e+03 -1.562609999999986030e+03
3.507556989247312231e+03 -1.438609999999986030e+03
3.521312114695340824e+03 -1.249609999999986030e+03
3.535067240143369418e+03 -1.407609999999986030e+03
3.548822365591398011e+03 -6.766099999999860302e+02
3.562577491039427059e+03 -8.646099999999860302e+02
3.576332616487455653e+03 -1.642609999999986030e+03
3.590087741935484246e+03 -2.007609999999986030e+03
3.603842867383512839e+03 -1.272609999999986030e+03
3.617597992831541433e+03 -1.348609999999986030e+03
3.631353118279570026e+03 -5.476099999999860302e+02
3.645108243727599074e+03 -7.496099999999860302e+02
3.658863369175627668e+03 -1.139609999999986030e+03
3.672618494623656261e+03 5.213900000000139698e+02
3.686373620071684854e+03 -6.586099999999860302e+02
3.700128745519713448e+03 -1.477609999999986030e+03
3.713883870967742496e+03 -4.616099999999860302e+02
3.727638996415771089e+03 4.443900000000139698e+02
3.741394121863799683e+03 -4.276099999999860302e+02
3.755149247311828276e+03 -2.436099999999860302e+02
3.768904372759856869e+03 -7.696099999999860302e+02
3.782659498207885463e+03 -9.566099999999860302e+02
3.796414623655914511e+03 -1.436099999999860302e+02
3.810169749103943104e+03 -7.486099999999860302e+02
3.823924874551971698e+03 -1.946099999999860302e+02
3.837680000000000291e+03 -5.460999999998603016e+01
3.851435125448028884e+03 -6.446099999999860302e+02
3.865190250896057478e+03 9.673900000000139698e+02
3.878945376344086526e+03 -2.946099999999860302e+02
3.892700501792115119e+03 -9.326099999999860302e+02
3.906455627240143713e+03 -7.856099999999860302e+02
3.920210752688172306e+03 -8.406099999999860302e+02
3.933965878136200899e+03 -2.476099999999860302e+02
3.947721003584229948e+03 2.839000000001396984e+01
3.961476129032258541e+03 5.333900000000139698e+02
3.975231254480287134e+03 -1.806099999999860302e+02
3.988986379928315728e+03 -6.326099999999860302e+02
4.002741505376344321e+03 -1.229609999999986030e+03
4.016496630824372915e+03 -6.260999999998603016e+01
4.030251756272401963e+03 5.023900000000139698e+02
4.044006881720430556e+03 -4.496099999999860302e+02
4.057762007168459149e+03 -5.060999999998603016e+01
4.071517132616487743e+03 1.613900000000139698e+02
4.085272258064516336e+03 -1.906099999999860302e+02
4.099027383512545384e+03 1.943900000000139698e+02
4.112782508960573978e+03 4.239000000001396984e+01
4.126537634408602571e+03 -2.596099999999860302e+02
4.140292759856631164e+03 6.523900000000139698e+02
4.154047885304659758e+03 -8.560999999998603016e+01
4.167803010752688351e+03 8.273900000000139698e+02
4.181558136200716945e+03 4.453900000000139698e+02
4.195313261648745538e+03 6.973900000000139698e+02
4.209068387096774131e+03 5.753900000000139698e+02
4.222823512544803634e+03 1.973900000000139698e+02
4.236578637992832228e+03 5.139000000001396984e+01
4.250333763440860821e+03 4.713900000000139698e+02
4.264088888888889414e+03 3.313900000000139698e+02
4.277844014336918008e+03 4.483900000000139698e+02
4.291599139784946601e+03 2.143900000000139698e+02
4.305354265232975195e+03 1.673900000000139698e+02
4.319109390681003788e+03 1.763900000000139698e+02
4.332864516129032381e+03 5.523900000000139698e+02
4.346619641577060975e+03 3.189390000000013970e+03
4.360374767025089568e+03 -3.609999999986030161e+00
4.374129892473119071e+03 5.683900000000139698e+02
4.387885017921147664e+03 8.973900000000139698e+02
4.401640143369176258e+03 5.223900000000139698e+02
4.415395268817204851e+03 1.843900000000139698e+02
4.429150394265233444e+03 1.341390000000013970e+03
4.442905519713262038e+03 6.493900000000139698e+02
4.456660645161290631e+03 8.833900000000139698e+02
4.470415770609319225e+03 5.993900000000139698e+02
4.484170896057347818e+03 1.458390000000013970e+03
4.497926021505376411e+03 9.133900000000139698e+02
4.511681146953405005e+03 1.220390000000013970e+03
4.525436272401434508e+03 8.273900000000139698e+02
4.539191397849463101e+03 2.713900000000139698e+02
4.552946523297491694e+03 1.569390000000013970e+03
4.566701648745520288e+03 1.677390000000013970e+03
4.580456774193548881e+03 6.433900000000139698e+02
4.594211899641577475e+03 1.040390000000013970e+03
4.607967025089606068e+03 9.593900000000139698e+02
4.621722150537634661e+03 3.993900000000139698e+02
4.635477275985663255e+03 1.033390000000013970e+03
4.649232401433691848e+03 4.943900000000139698e+02
4.662987526881720441e+03 1.422390000000013970e+03
4.676742652329749944e+03 5.113900000000139698e+02
4.690497777777778538e+03 -3.146099999999860302e+02
4.704252903225807131e+03 6.723900000000139698e+02
4.718008028673835724e+03 5.613900000000139698e+02
4.731763154121864318e+03 3.623900000000139698e+02
4.745518279569892911e+03 1.282390000000013970e+03
4.759273405017921505e+03 7.653900000000139698e+02
4.773028530465950098e+03 6.739000000001396984e+01
4.786783655913978691e+03 7.653900000000139698e+02
4.800538781362007285e+03 1.543900000000139698e+02
4.814293906810035878e+03 1.494390000000013970e+03
4.828049032258065381e+03 -3.216099999999860302e+02
4.841804157706093974e+03 -1.536099999999860302e+02
4.855559283154122568e+03 9.639000000001396984e+01
4.869314408602151161e+03 2.363900000000139698e+02
4.883069534050179755e+03 4.423900000000139698e+02
4.896824659498208348e+03 1.633900000000139698e+02
4.910579784946236941e+03 8.073900000000139698e+02
4.924334910394265535e+03 3.263900000000139698e+02
4.938090035842294128e+03 8.743900000000139698e+02
4.951845161290322721e+03 9.203900000000139698e+02
4.965600286738351315e+03 5.383900000000139698e+02
4.979355412186380818e+03 5.393900000000139698e+02
4.993110537634409411e+03 -4.960999999998603016e+01
5.006865663082438004e+03 1.103900000000139698e+02
5.020620788530466598e+03 1.036390000000013970e+03
5.034375913978495191e+03 7.883900000000139698e+02
5.048131039426523785e+03 1.118390000000013970e+03
5.061886164874552378e+03 -1.006099999999860302e+02
5.075641290322580971e+03 1.626390000000013970e+03
5.089396415770609565e+03 7.133900000000139698e+02
5.103151541218638158e+03 3.753900000000139698e+02
5.116906666666666752e+03 5.333900000000139698e+02
5.130661792114696254e+03 -5.162609999999986030e+03
5.144416917562724848e+03 -1.205960999999998603e+04
5.158172043010753441e+03 -1.195060999999998603e+04
5.171927168458782035e+03 -1.179660999999998603e+04
5.185682293906810628e+03 -1.181260999999998603e+04
5.199437419354839221e+03 -1.209160999999998603e+04
5.213192544802867815e+03 -1.203460999999998603e+04
5.226947670250896408e+03 -1.187560999999998603e+04
5.240702795698925001e+03 -1.203560999999998603e+04
5.254457921146953595e+03 -1.199560999999998603e+04
5.268213046594982188e+03 -1.186360999999998603e+04
5.281968172043010782e+03 -1.186460999999998603e+04
5.295723297491040285e+03 -1.227460999999998603e+04
5.309478422939068878e+03 -1.189560999999998603e+04
5.323233548387097471e+03 -1.189060999999998603e+04
5.336988673835126065e+03 -1.198760999999998603e+04
5.350743799283154658e+03 -1.186860999999998603e+04
5.364498924731183251e+03 -1.192060999999998603e+04
5.378254050179211845e+03 -1.205960999999998603e+04
5.392009175627240438e+03 -1.190060999999998603e+04
5.405764301075269032e+03 -1.199960999999998603e+04
5.419519426523297625e+03 -1.199060999999998603e+04
5.433274551971326218e+03 -1.184160999999998603e+04
5.447029677419355721e+03 -1.202260999999998603e+04
