-1.994493189964157864e+03 -1.504020000000018626e+03
-1.980738064516129270e+03 -6.937020000000018626e+03
-1.966982939068100450e+03 -8.719020000000018626e+03
-1.953227813620071856e+03 -8.872020000000018626e+03
-1.939472688172043263e+03 -9.214020000000018626e+03
-1.925717562724014442e+03 -9.542020000000018626e+03
-1.911962437275985849e+03 -9.994020000000018626e+03
-1.898207311827957255e+03 -1.043802000000001863e+04
-1.884452186379928435e+03 -1.042802000000001863e+04
-1.870697060931899841e+03 -1.062702000000001863e+04
-1.856941935483871248e+03 -1.100402000000001863e+04
-1.843186810035842427e+03 -1.095302000000001863e+04
-1.829431684587813834e+03 -5.968020000000018626e+03
-1.815676559139785013e+03 -2.470200000000186265e+02
-1.801921433691756420e+03 -9.250200000000186265e+02
-1.788166308243727826e+03 -1.059020000000018626e+03
-1.774411182795699006e+03 -1.144020000000018626e+03
-1.760656057347670412e+03 -2.750200000000186265e+02
-1.746900931899641819e+03 -1.042020000000018626e+03
-1.733145806451612998e+03 -9.340200000000186265e+02
-1.719390681003584405e+03 -9.300200000000186265e+02
-1.705635555555555811e+03 -1.298020000000018626e+03
-1.691880430107526990e+03 -1.662020000000018626e+03
-1.678125304659498397e+03 9.759799999999813735e+02
-1.664370179211469576e+03 -2.091020000000018626e+03
-1.650615053763440983e+03 -1.766020000000018626e+03
-1.636859928315412390e+03 -9.930200000000186265e+02
-1.623104802867383569e+03 -2.751020000000018626e+03
-1.609349677419354975e+03 -1.260020000000018626e+03
-1.595594551971326382e+03 -1.498020000000018626e+03
-1.581839426523297561e+03 -1.607020000000018626e+03
-1.568084301075268968e+03 -1.792020000000018626e+03
-1.554329175627240375e+03 -1.889020000000018626e+03
-1.540574050179211554e+03 -2.498020000000018626e+03
-1.526818924731182960e+03 -2.108020000000018626e+03
-1.513063799283154367e+03 -2.128020000000018626e+03
-1.499308673835125546e+03 -1.761020000000018626e+03
-1.485553548387096953e+03 -2.065020000000018626e+03
-1.471798422939068132e+03 -1.396020000000018626e+03
-1.458043297491039539e+03 -2.628020000000018626e+03
-1.444288172043010945e+03 -1.234020000000018626e+03
-1.430533046594982125e+03 -2.402020000000018626e+03
-1.416777921146953531e+03 -1.567020000000018626e+03
-1.403022795698924938e+03 -1.633020000000018626e+03
-1.389267670250896117e+03 -1.922020000000018626e+03
-1.375512544802867524e+03 -1.902020000000018626e+03
-1.361757419354838930e+03 -1.534020000000018626e+03
-1.348002293906810110e+03 -8.860200000000186265e+02
-1.334247168458781516e+03 -2.208020000000018626e+03
-1.320492043010752695e+03 -1.787020000000018626e+03
-1.306736917562724102e+03 -2.576020000000018626e+03
-1.292981792114695509e+03 -2.224020000000018626e+03
-1.279226666666666688e+03 -2.442020000000018626e+03
-1.265471541218638095e+03 -1.144020000000018626e+03
-1.251716415770609501e+03 -1.198020000000018626e+03
-1.237961290322580680e+03 -2.208020000000018626e+03
-1.224206164874552087e+03 -1.517020000000018626e+03
-1.210451039426523494e+03 -2.189020000000018626e+03
-1.196695913978494673e+03 -2.388020000000018626e+03
-1.182940788530466079e+03 -2.710020000000018626e+03
-1.169185663082437486e+03 -2.913020000000018626e+03
-1.155430537634408665e+03 -1.639020000000018626e+03
-1.141675412186380072e+03 -2.251020000000018626e+03
-1.127920286738351251e+03 -1.843020000000018626e+03
-1.114165161290322658e+03 -2.080020000000018626e+03
-1.100410035842294064e+03 -1.239020000000018626e+03
-1.086654910394265244e+03 -2.675020000000018626e+03
-1.072899784946236650e+03 -1.301020000000018626e+03
-1.059144659498208057e+03 -1.974020000000018626e+03
-1.045389534050179236e+03 -1.995020000000018626e+03
-1.031634408602150643e+03 -2.174020000000018626e+03
-1.017879283154121936e+03 -2.239020000000018626e+03
-1.004124157706093229e+03 -1.559020000000018626e+03
-9.903690322580646352e+02 -1.544020000000018626e+03
-9.766139068100359282e+02 -2.059020000000018626e+03
-9.628587813620072211e+02 -2.196020000000018626e+03
-9.491036559139786277e+02 -1.369020000000018626e+03
-9.353485304659499207e+02 -1.512020000000018626e+03
-9.215934050179212136e+02 -1.919020000000018626e+03
-9.078382795698925065e+02 -1.972020000000018626e+03
-8.940831541218639131e+02 -2.273020000000018626e+03
-8.803280286738352061e+02 -2.371020000000018626e+03
-8.665729032258064990e+02 -1.305020000000018626e+03
-8.528177777777779056e+02 -1.957020000000018626e+03
-8.390626523297491985e+02 -1.927020000000018626e+03
-8.253075268817204915e+02 -2.340020000000018626e+03
-8.115524014336917844e+02 -2.022020000000018626e+03
-7.977972759856631910e+02 -2.086020000000018626e+03
-7.840421505376344840e+02 -1.618020000000018626e+03
-7.702870250896057769e+02 -1.676020000000018626e+03
-7.565318996415771835e+02 -1.867020000000018626e+03
-7.427767741935484764e+02 -2.001020000000018626e+03
-7.290216487455197694e+02 -1.524020000000018626e+03
-7.152665232974910623e+02 -1.696020000000018626e+03
-7.015113978494624689e+02 -2.686020000000018626e+03
-6.877562724014337618e+02 -2.200020000000018626e+03
-6.740011469534050548e+02 -2.271020000000018626e+03
-6.602460215053763477e+02 -2.234020000000018626e+03
-6.464908960573477543e+02 -1.538020000000018626e+03
-6.327357706093190473e+02 -1.888020000000018626e+03
-6.189806451612903402e+02 -1.216020000000018626e+03
-6.052255197132617468e+02 -1.979020000000018626e+03
-5.914703942652330397e+02 -8.470200000000186265e+02
-5.777152688172043327e+02 -1.549020000000018626e+03
-5.639601433691756256e+02 -1.897020000000018626e+03
-5.502050179211470322e+02 -1.759020000000018626e+03
-5.364498924731183251e+02 -1.563020000000018626e+03
-5.226947670250896181e+02 -1.778020000000018626e+03
-5.089396415770609678e+02 -1.994020000000018626e+03
-4.951845161290323176e+02 -1.539020000000018626e+03
-4.814293906810036106e+02 -2.000020000000018626e+03
-4.676742652329749603e+02 -2.323020000000018626e+03
-4.539191397849462533e+02 -1.611020000000018626e+03
-4.401640143369176030e+02 -2.928020000000018626e+03
-4.264088888888889528e+02 -2.363020000000018626e+03
-4.126537634408602457e+02 -2.501020000000018626e+03
-3.988986379928315955e+02 -2.552020000000018626e+03
-3.851435125448028884e+02 -2.479020000000018626e+03
-3.713883870967742382e+02 -1.420020000000018626e+03
-3.576332616487455311e+02 -2.509020000000018626e+03
-3.438781362007168809e+02 -2.449020000000018626e+03
-3.301230107526881739e+02 -2.314020000000018626e+03
-3.163678853046595236e+02 -2.337020000000018626e+03
-3.026127598566308734e+02 -2.716020000000018626e+03
-2.888576344086021663e+02 -1.905020000000018626e+03
-2.751025089605735161e+02 -2.563020000000018626e+03
-2.613473835125448090e+02 -2.079020000000018626e+03
-2.475922580645161588e+02 -2.226020000000018626e+03
-2.338371326164874802e+02 -1.615020000000018626e+03
-2.200820071684588015e+02 -2.094020000000018626e+03
-2.063268817204301229e+02 -2.319020000000018626e+03
-1.925717562724014442e+02 -1.992020000000018626e+03
-1.788166308243727656e+02 -2.364020000000018626e+03
-1.650615053763440869e+02 -2.438020000000018626e+03
-1.513063799283154367e+02 -1.685020000000018626e+03
-1.375512544802867581e+02 -2.350020000000018626e+03
-1.237961290322580794e+02 -2.043020000000018626e+03
-1.100410035842294008e+02 -1.602020000000018626e+03
-9.628587813620072211e+01 -9.820200000000186265e+02
-8.253075268817204346e+01 -3.760200000000186265e+02
-6.877562724014337903e+01 2.389979999999981374e+03
-5.502050179211470038e+01 6.424979999999981374e+03
-4.126537634408602173e+01 1.371097999999998137e+04
-2.751025089605735019e+01 2.842397999999998137e+04
-1.375512544802867509e+01 5.565997999999998137e+04
0.000000000000000000e+00 9.872997999999998137e+04
1.375512544802867509e+01 1.637029799999999814e+05
2.751025089605735019e+01 2.535609799999999814e+05
4.126537634408602173e+01 3.702269799999999814e+05
5.502050179211470038e+01 5.066039799999999814e+05
6.877562724014337903e+01 6.723959799999999814e+05
8.253075268817204346e+01 8.544269799999999814e+05
9.628587813620072211e+01 1.049705979999999981e+06
1.100410035842294008e+02 1.266845979999999981e+06
1.237961290322580794e+02 1.477716979999999981e+06
1.375512544802867581e+02 1.701279979999999981e+06
1.513063799283154367e+02 1.940980979999999981e+06
1.650615053763440869e+02 2.168215979999999981e+06
1.788166308243727656e+02 2.396166979999999981e+06
1.925717562724014442e+02 2.613162979999999981e+06
2.063268817204301229e+02 2.841919979999999981e+06
2.200820071684588015e+02 3.035765979999999981e+06
2.338371326164874802e+02 3.219307979999999981e+06
2.475922580645161588e+02 3.398047979999999981e+06
2.613473835125448090e+02 3.535952979999999981e+06
2.751025089605735161e+02 3.653346979999999981e+06
2.888576344086021663e+02 3.750388979999999981e+06
3.026127598566308734e+02 3.833771979999999981e+06
3.163678853046595236e+02 3.877439979999999981e+06
3.301230107526881739e+02 3.904776979999999981e+06
3.438781362007168809e+02 3.944586979999999981e+06
3.576332616487455311e+02 3.989204979999999981e+06
3.713883870967742382e+02 4.010146979999999981e+06
3.851435125448028884e+02 4.023822979999999981e+06
3.988986379928315955e+02 4.049120979999999981e+06
4.126537634408602457e+02 4.050460979999999981e+06
4.264088888888889528e+02 4.042945979999999981e+06
4.401640143369176030e+02 4.053111979999999981e+06
4.539191397849462533e+02 4.045700979999999981e+06
4.676742652329749603e+02 4.058805979999999981e+06
4.814293906810036106e+02 4.082135979999999981e+06
4.951845161290323176e+02 4.082573979999999981e+06
5.089396415770609678e+02 4.091424979999999981e+06
5.226947670250896181e+02 4.099937979999999981e+06
5.364498924731183251e+02 4.106420979999999981e+06
5.502050179211470322e+02 4.092195979999999981e+06
5.639601433691756256e+02 4.087049979999999981e+06
5.777152688172043327e+02 4.082972979999999981e+06
5.914703942652330397e+02 4.090172979999999981e+06
6.052255197132617468e+02 4.087904979999999981e+06
6.189806451612903402e+02 4.067314979999999981e+06
6.327357706093190473e+02 4.065375979999999981e+06
6.464908960573477543e+02 4.068871979999999981e+06
6.602460215053763477e+02 4.070741979999999981e+06
6.740011469534050548e+02 4.094422979999999981e+06
6.877562724014337618e+02 4.107410979999999981e+06
7.015113978494624689e+02 4.103977979999999981e+06
7.152665232974910623e+02 4.086559979999999981e+06
7.290216487455197694e+02 4.075930979999999981e+06
7.427767741935484764e+02 4.078431979999999981e+06
7.565318996415771835e+02 4.065389979999999981e+06
7.702870250896057769e+02 4.080515979999999981e+06
7.840421505376344840e+02 4.085907979999999981e+06
7.977972759856631910e+02 4.080195979999999981e+06
8.115524014336917844e+02 4.084403979999999981e+06
8.253075268817204915e+02 4.082001979999999981e+06
8.390626523297491985e+02 4.092387979999999981e+06
8.528177777777779056e+02 4.117058979999999981e+06
8.665729032258064990e+02 4.128926979999999981e+06
8.803280286738352061e+02 4.125716979999999981e+06
8.940831541218639131e+02 4.125285979999999981e+06
9.078382795698925065e+02 4.131068979999999981e+06
9.215934050179212136e+02 4.122387979999999981e+06
9.353485304659499207e+02 4.123882979999999981e+06
9.491036559139786277e+02 4.123395979999999981e+06
9.628587813620072211e+02 4.105054979999999981e+06
9.766139068100359282e+02 4.111819979999999981e+06
9.903690322580646352e+02 4.092570979999999981e+06
1.004124157706093229e+03 4.109051979999999981e+06
1.017879283154121936e+03 4.122856979999999981e+06
1.031634408602150643e+03 4.085923979999999981e+06
1.045389534050179236e+03 4.060456979999999981e+06
1.059144659498208057e+03 4.032416979999999981e+06
1.072899784946236650e+03 3.989344979999999981e+06
1.086654910394265244e+03 3.932955979999999981e+06
1.100410035842294064e+03 3.864781979999999981e+06
1.114165161290322658e+03 3.784158979999999981e+06
1.127920286738351251e+03 3.687168979999999981e+06
1.141675412186380072e+03 3.546129979999999981e+06
1.155430537634408665e+03 3.386547979999999981e+06
1.169185663082437486e+03 3.214969979999999981e+06
1.182940788530466079e+03 2.998435979999999981e+06
1.196695913978494673e+03 2.774850979999999981e+06
1.210451039426523494e+03 2.552454979999999981e+06
1.224206164874552087e+03 2.329147979999999981e+06
1.237961290322580680e+03 2.082621979999999981e+06
1.251716415770609501e+03 1.817012979999999981e+06
1.265471541218638095e+03 1.567268979999999981e+06
1.279226666666666688e+03 1.329537979999999981e+06
1.292981792114695509e+03 1.112288979999999981e+06
1.306736917562724102e+03 9.093129799999999814e+05
1.320492043010752695e+03 7.402309799999999814e+05
1.334247168458781516e+03 5.963529799999999814e+05
1.348002293906810110e+03 4.661299799999999814e+05
1.361757419354838930e+03 3.598159799999999814e+05
1.375512544802867524e+03 2.743809799999999814e+05
1.389267670250896117e+03 2.064729799999999814e+05
1.403022795698924938e+03 1.536379799999999814e+05
1.416777921146953531e+03 1.143819799999999814e+05
1.430533046594982125e+03 8.262397999999998137e+04
1.444288172043010945e+03 5.945097999999998137e+04
1.458043297491039539e+03 4.707097999999998137e+04
1.471798422939068132e+03 4.175297999999998137e+04
1.485553548387096953e+03 3.781797999999998137e+04
1.499308673835125546e+03 3.417597999999998137e+04
1.513063799283154367e+03 3.244597999999998137e+04
1.526818924731182960e+03 3.342697999999998137e+04
1.540574050179211554e+03 3.194597999999998137e+04
1.554329175627240375e+03 3.131497999999998137e+04
1.568084301075268968e+03 2.910297999999998137e+04
1.581839426523297561e+03 2.872297999999998137e+04
1.595594551971326382e+03 2.798997999999998137e+04
1.609349677419354975e+03 2.653697999999998137e+04
1.623104802867383569e+03 2.524997999999998137e+04
1.636859928315412390e+03 2.301197999999998137e+04
1.650615053763440983e+03 2.128397999999998137e+04
1.664370179211469576e+03 2.042797999999998137e+04
1.678125304659498397e+03 2.138297999999998137e+04
1.691880430107526990e+03 1.887797999999998137e+04
1.705635555555555811e+03 1.740497999999998137e+04
1.719390681003584405e+03 1.621797999999998137e+04
1.733145806451612998e+03 1.444297999999998137e+04
1.746900931899641819e+03 1.276897999999998137e+04
1.760656057347670412e+03 1.235497999999998137e+04
1.774411182795699006e+03 1.113297999999998137e+04
1.788166308243727826e+03 1.098197999999998137e+04
1.801921433691756420e+03 9.659979999999981374e+03
1.815676559139785013e+03 7.752979999999981374e+03
1.829431684587813834e+03 7.359979999999981374e+03
1.843186810035842427e+03 6.368979999999981374e+03
1.856941935483871248e+03 6.195979999999981374e+03
1.870697060931899841e+03 6.159979999999981374e+03
1.884452186379928435e+03 5.872979999999981374e+03
1.898207311827957255e+03 5.395979999999981374e+03
1.911962437275985849e+03 4.685979999999981374e+03
1.925717562724014442e+03 5.019979999999981374e+03
1.939472688172043263e+03 3.193979999999981374e+03
1.953227813620071856e+03 2.913979999999981374e+03
1.966982939068100450e+03 2.689979999999981374e+03
1.980738064516129270e+03 1.966979999999981374e+03
1.994493189964157864e+03 1.702979999999981374e+03
2.008248315412186457e+03 1.115979999999981374e+03
2.022003440860215278e+03 3.569799999999813735e+02
2.035758566308243871e+03 8.099799999999813735e+02
2.049513691756272692e+03 5.159799999999813735e+02
2.063268817204301286e+03 -8.902000000001862645e+01
2.077023942652329879e+03 -2.020000000018626451e+00
2.090779068100358472e+03 4.109799999999813735e+02
2.104534193548387066e+03 -7.290200000000186265e+02
2.118289318996416114e+03 -5.830200000000186265e+02
2.132044444444444707e+03 -1.413020000000018626e+03
2.145799569892473301e+03 -6.540200000000186265e+02
2.159554695340501894e+03 -1.468020000000018626e+03
2.173309820788530487e+03 -1.605020000000018626e+03
2.187064946236559535e+03 -1.173020000000018626e+03
2.200820071684588129e+03 -6.970200000000186265e+02
2.214575197132616722e+03 -1.120200000000186265e+02
2.228330322580645316e+03 -1.079020000000018626e+03
2.242085448028673909e+03 -1.901020000000018626e+03
2.255840573476702502e+03 -8.540200000000186265e+02
2.269595698924731551e+03 -8.220200000000186265e+02
2.283350824372760144e+03 -1.171020000000018626e+03
2.297105949820788737e+03 -1.603020000000018626e+03
2.310861075268817331e+03 -1.013020000000018626e+03
2.324616200716845924e+03 -1.070200000000186265e+02
2.338371326164874972e+03 -9.240200000000186265e+02
2.352126451612903566e+03 -2.200200000000186265e+02
2.365881577060932159e+03 -1.255020000000018626e+03
2.379636702508960752e+03 -1.580020000000018626e+03
2.393391827956989346e+03 -9.330200000000186265e+02
2.407146953405017939e+03 -1.068020000000018626e+03
2.420902078853046987e+03 -2.349020000000018626e+03
2.434657204301075581e+03 -1.612020000000018626e+03
2.448412329749104174e+03 -1.476020000000018626e+03
2.462167455197132767e+03 -1.521020000000018626e+03
2.475922580645161361e+03 -2.236020000000018626e+03
2.489677706093190409e+03 -1.427020000000018626e+03
2.503432831541219002e+03 -1.706020000000018626e+03
2.517187956989247596e+03 -1.645020000000018626e+03
2.530943082437276189e+03 -1.554020000000018626e+03
2.544698207885304782e+03 -1.579020000000018626e+03
2.558453333333333376e+03 -1.658020000000018626e+03
2.572208458781362424e+03 -1.882020000000018626e+03
2.585963584229391017e+03 -5.930200000000186265e+02
2.599718709677419611e+03 -2.154020000000018626e+03
2.613473835125448204e+03 -1.955020000000018626e+03
2.627228960573476797e+03 4.257979999999981374e+03
2.640984086021505391e+03 -1.346020000000018626e+03
2.654739211469534439e+03 -5.470200000000186265e+02
2.668494336917563032e+03 -5.580200000000186265e+02
2.682249462365591626e+03 -1.782020000000018626e+03
2.696004587813620219e+03 -1.897020000000018626e+03
2.709759713261648812e+03 -1.826020000000018626e+03
2.723514838709677861e+03 -1.938020000000018626e+03
2.737269964157706454e+03 -1.437020000000018626e+03
2.751025089605735047e+03 -2.235020000000018626e+03
2.764780215053763641e+03 -1.093020000000018626e+03
2.778535340501792234e+03 -1.921020000000018626e+03
2.792290465949820828e+03 -1.676020000000018626e+03
2.806045591397849876e+03 -2.242020000000018626e+03
2.819800716845878469e+03 -1.678020000000018626e+03
2.833555842293907062e+03 -1.974020000000018626e+03
2.847310967741935656e+03 -1.317020000000018626e+03
2.861066093189964249e+03 -1.512020000000018626e+03
2.874821218637993297e+03 -1.395020000000018626e+03
2.888576344086021891e+03 -2.009020000000018626e+03
2.902331469534050484e+03 -1.949020000000018626e+03
2.916086594982079077e+03 -1.606020000000018626e+03
2.929841720430107671e+03 -1.967020000000018626e+03
2.943596845878136264e+03 -2.675020000000018626e+03
2.957351971326165312e+03 -2.847020000000018626e+03
2.971107096774193906e+03 -2.364020000000018626e+03
2.984862222222222499e+03 -1.278020000000018626e+03
2.998617347670251092e+03 -8.290200000000186265e+02
3.012372473118279686e+03 -2.023020000000018626e+03
3.026127598566308734e+03 -2.036020000000018626e+03
3.039882724014337327e+03 -2.428020000000018626e+03
3.053637849462365921e+03 -2.586020000000018626e+03
3.067392974910394514e+03 -1.212020000000018626e+03
3.081148100358423108e+03 -1.176020000000018626e+03
3.094903225806451701e+03 -1.860020000000018626e+03
3.108658351254480749e+03 -2.302020000000018626e+03
3.122413476702509342e+03 -2.269020000000018626e+03
3.136168602150537936e+03 -2.154020000000018626e+03
3.149923727598566529e+03 -1.057020000000018626e+03
3.163678853046595123e+03 -1.415020000000018626e+03
3.177433978494624171e+03 -2.404020000000018626e+03
3.191189103942652764e+03 -1.730020000000018626e+03
3.204944229390681357e+03 -1.632020000000018626e+03
3.218699354838709951e+03 -1.309020000000018626e+03
3.232454480286738544e+03 -1.826020000000018626e+03
3.246209605734767138e+03 -2.250020000000018626e+03
3.259964731182796186e+03 -2.028020000000018626e+03
3.273719856630824779e+03 -1.988020000000018626e+03
3.287474982078853373e+03 -2.229020000000018626e+03
3.301230107526881966e+03 -7.670200000000186265e+02
3.314985232974910559e+03 -1.288020000000018626e+03
3.328740358422939153e+03 -9.960200000000186265e+02
3.342495483870968201e+03 -1.013020000000018626e+03
3.356250609318996794e+03 -1.323020000000018626e+03
3.370005734767025388e+03 -1.842020000000018626e+03
3.383760860215053981e+03 -1.999020000000018626e+03
3.397515985663082574e+03 -2.265020000000018626e+03
3.411271111111111622e+03 -9.480200000000186265e+02
3.425026236559140216e+03 -1.494020000000018626e+03
3.438781362007168809e+03 -6.740200000000186265e+02
3.452536487455197403e+03 -1.173020000000018626e+03
3.466291612903225996e+03 -9.890200000000186265e+02
3.480046738351254589e+03 -1.041020000000018626e+03
3.493801863799283637e+03 -1.073020000000018626e+03
3.507556989247312231e+03 -7.390200000000186265e+02
3.521312114695340824e+03 -1.063020000000018626e+03
3.535067240143369418e+03 -4.730200000000186265e+02
3.548822365591398011e+03 -1.236020000000018626e+03
3.562577491039427059e+03 -1.650020000000018626e+03
3.576332616487455653e+03 -1.589020000000018626e+03
3.590087741935484246e+03 -1.745020000000018626e+03
3.603842867383512839e+03 -1.802000000001862645e+01
3.617597992831541433e+03 -8.730200000000186265e+02
3.631353118279570026e+03 -3.880200000000186265e+02
3.645108243727599074e+03 1.319799999999813735e+02
3.658863369175627668e+03 -8.230200000000186265e+02
3.672618494623656261e+03 -1.154020000000018626e+03
3.686373620071684854e+03 -1.064020000000018626e+03
3.700128745519713448e+03 -1.178020000000018626e+03
3.713883870967742496e+03 -1.850200000000186265e+02
3.727638996415771089e+03 8.979999999981373549e+00
3.741394121863799683e+03 -6.370200000000186265e+02
3.755149247311828276e+03 2.229799999999813735e+02
3.768904372759856869e+03 -5.030200000000186265e+02
3.782659498207885463e+03 -1.396020000000018626e+03
3.796414623655914511e+03 -1.167020000000018626e+03
3.810169749103943104e+03 -1.500200000000186265e+02
3.823924874551971698e+03 -3.440200000000186265e+02
3.837680000000000291e+03 -5.010200000000186265e+02
3.851435125448028884e+03 -1.335020000000018626e+03
3.865190250896057478e+03 -1.860020000000018626e+03
3.878945376344086526e+03 -8.740200000000186265e+02
3.892700501792115119e+03 -1.844020000000018626e+03
3.906455627240143713e+03 -1.760200000000186265e+02
3.920210752688172306e+03 3.199799999999813735e+02
3.933965878136200899e+03 -1.290200000000186265e+02
3.947721003584229948e+03 9.797999999998137355e+01
3.961476129032258541e+03 -5.220200000000186265e+02
3.975231254480287134e+03 -9.030200000000186265e+02
3.988986379928315728e+03 -9.110200000000186265e+02
4.002741505376344321e+03 -1.232020000000018626e+03
4.016496630824372915e+03 -1.182020000000018626e+03
4.030251756272401963e+03 -3.120200000000186265e+02
4.044006881720430556e+03 -3.020000000018626451e+00
4.057762007168459149e+03 2.329799999999813735e+02
4.071517132616487743e+03 -5.900200000000186265e+02
4.085272258064516336e+03 -9.730200000000186265e+02
4.099027383512545384e+03 -1.902000000001862645e+01
4.112782508960573978e+03 7.249799999999813735e+02
4.126537634408602571e+03 4.969799999999813735e+02
4.140292759856631164e+03 2.559799999999813735e+02
4.154047885304659758e+03 2.659799999999813735e+02
4.167803010752688351e+03 -1.150200000000186265e+02
4.181558136200716945e+03 2.609799999999813735e+02
4.195313261648745538e+03 1.179799999999813735e+02
4.209068387096774131e+03 -3.260200000000186265e+02
4.222823512544803634e+03 6.549799999999813735e+02
4.236578637992832228e+03 -3.770200000000186265e+02
4.250333763440860821e+03 4.119799999999813735e+02
4.264088888888889414e+03 1.809799999999813735e+02
4.277844014336918008e+03 -6.502000000001862645e+01
4.291599139784946601e+03 1.569799999999813735e+02
4.305354265232975195e+03 4.799799999999813735e+02
4.319109390681003788e+03 5.229799999999813735e+02
4.332864516129032381e+03 3.609799999999813735e+02
4.346619641577060975e+03 1.269799999999813735e+02
4.360374767025089568e+03 7.419799999999813735e+02
4.374129892473119071e+03 6.089799999999813735e+02
4.387885017921147664e+03 2.397999999998137355e+01
4.401640143369176258e+03 3.739799999999813735e+02
4.415395268817204851e+03 7.399799999999813735e+02
4.429150394265233444e+03 3.467979999999981374e+03
4.442905519713262038e+03 -3.930200000000186265e+02
4.456660645161290631e+03 5.049799999999813735e+02
4.470415770609319225e+03 3.739799999999813735e+02
4.484170896057347818e+03 -7.020000000018626451e+00
4.497926021505376411e+03 -2.860200000000186265e+02
4.511681146953405005e+03 3.119799999999813735e+02
4.525436272401434508e+03 6.489799999999813735e+02
4.539191397849463101e+03 1.290979999999981374e+03
4.552946523297491694e+03 9.339799999999813735e+02
4.566701648745520288e+03 1.382979999999981374e+03
4.580456774193548881e+03 7.389799999999813735e+02
4.594211899641577475e+03 4.979799999999813735e+02
4.607967025089606068e+03 3.729799999999813735e+02
4.621722150537634661e+03 2.929799999999813735e+02
4.635477275985663255e+03 9.189799999999813735e+02
4.649232401433691848e+03 1.095979999999981374e+03
4.662987526881720441e+03 3.297999999998137355e+01
4.676742652329749944e+03 9.459799999999813735e+02
4.690497777777778538e+03 1.152979999999981374e+03
4.704252903225807131e+03 5.669799999999813735e+02
4.718008028673835724e+03 6.379799999999813735e+02
4.731763154121864318e+03 2.369799999999813735e+02
4.745518279569892911e+03 1.949979999999981374e+03
4.759273405017921505e+03 4.369799999999813735e+02
4.773028530465950098e+03 2.249799999999813735e+02
4.786783655913978691e+03 3.899799999999813735e+02
4.800538781362007285e+03 8.129799999999813735e+02
4.814293906810035878e+03 5.249799999999813735e+02
4.828049032258065381e+03 1.803979999999981374e+03
4.841804157706093974e+03 1.350979999999981374e+03
4.855559283154122568e+03 3.129799999999813735e+02
4.869314408602151161e+03 5.729799999999813735e+02
4.883069534050179755e+03 4.097999999998137355e+01
4.896824659498208348e+03 6.519799999999813735e+02
4.910579784946236941e+03 5.009799999999813735e+02
4.924334910394265535e+03 1.169799999999813735e+02
4.938090035842294128e+03 -9.502000000001862645e+01
4.951845161290322721e+03 -1.320200000000186265e+02
4.965600286738351315e+03 1.059799999999813735e+02
4.979355412186380818e+03 -7.102000000001862645e+01
4.993110537634409411e+03 1.182979999999981374e+03
5.006865663082438004e+03 3.729799999999813735e+02
5.020620788530466598e+03 1.233979999999981374e+03
5.034375913978495191e+03 8.409799999999813735e+02
5.048131039426523785e+03 3.109799999999813735e+02
5.061886164874552378e+03 9.759799999999813735e+02
5.075641290322580971e+03 -2.002000000001862645e+01
5.089396415770609565e+03 -2.340200000000186265e+02
5.103151541218638158e+03 -1.050200000000186265e+02
5.116906666666666752e+03 -1.370200000000186265e+02
5.130661792114696254e+03 1.119979999999981374e+03
5.144416917562724848e+03 6.889799999999813735e+02
5.158172043010753441e+03 6.049799999999813735e+02
5.171927168458782035e+03 -6.802000000001862645e+01
5.185682293906810628e+03 -9.020000000018626451e+00
5.199437419354839221e+03 -6.002000000001862645e+01
5.213192544802867815e+03 -5.859020000000018626e+03
5.226947670250896408e+03 -1.262302000000001863e+04
5.240702795698925001e+03 -1.261402000000001863e+04
5.254457921146953595e+03 -1.258802000000001863e+04
5.268213046594982188e+03 -1.282102000000001863e+04
5.281968172043010782e+03 -1.268502000000001863e+04
5.295723297491040285e+03 -1.262302000000001863e+04
5.309478422939068878e+03 -1.261702000000001863e+04
5.323233548387097471e+03 -1.277802000000001863e+04
5.336988673835126065e+03 -1.285302000000001863e+04
5.350743799283154658e+03 -1.263102000000001863e+04
5.364498924731183251e+03 -1.268902000000001863e+04
5.378254050179211845e+03 -1.257002000000001863e+04
5.392009175627240438e+03 -1.272002000000001863e+04
5.405764301075269032e+03 -1.289902000000001863e+04
5.419519426523297625e+03 -1.258402000000001863e+04
5.433274551971326218e+03 -1.277302000000001863e+04
5.447029677419355721e+03 -1.271402000000001863e+04
5.460784802867384315e+03 -1.266702000000001863e+04
5.474539928315412908e+03 -1.269202000000001863e+04
5.488295053763441501e+03 -1.269702000000001863e+04
5.502050179211470095e+03 -1.252802000000001863e+04
5.515805304659498688e+03 -1.271602000000001863e+04
5.529560430107527282e+03 -1.253702000000001863e+04
