-2.878259999999999764e+03 1.253340000000025611e+03
-2.860382608695651925e+03 -5.704659999999974389e+03
-2.842505217391304086e+03 -7.387659999999974389e+03
-2.824627826086956247e+03 -7.835659999999974389e+03
-2.806750434782608409e+03 -8.616659999999974389e+03
-2.788873043478260570e+03 -8.872659999999974389e+03
-2.770995652173912731e+03 -9.030659999999974389e+03
-2.753118260869564892e+03 -9.383659999999974389e+03
-2.735240869565217054e+03 -9.685659999999974389e+03
-2.717363478260869215e+03 -9.877659999999974389e+03
-2.699486086956521376e+03 -9.967659999999974389e+03
-2.681608695652173537e+03 -1.014965999999997439e+04
-2.663731304347825699e+03 -5.181659999999974389e+03
-2.645853913043477860e+03 4.243400000000256114e+02
-2.627976521739130021e+03 -3.296599999999743886e+02
-2.610099130434782182e+03 -6.046599999999743886e+02
-2.592221739130434344e+03 -7.556599999999743886e+02
-2.574344347826086960e+03 -3.746599999999743886e+02
-2.556466956521739121e+03 -1.011659999999974389e+03
-2.538589565217391282e+03 -9.526599999999743886e+02
-2.520712173913043443e+03 -9.616599999999743886e+02
-2.502834782608695605e+03 -7.706599999999743886e+02
-2.484957391304347766e+03 -1.383659999999974389e+03
-2.467079999999999927e+03 1.293340000000025611e+03
-2.449202608695652088e+03 -1.464659999999974389e+03
-2.431325217391304250e+03 -1.495659999999974389e+03
-2.413447826086956411e+03 -6.016599999999743886e+02
-2.395570434782608572e+03 -1.983659999999974389e+03
-2.377693043478260734e+03 -9.566599999999743886e+02
-2.359815652173912895e+03 -1.269659999999974389e+03
-2.341938260869565056e+03 -1.421659999999974389e+03
-2.324060869565217217e+03 -1.707659999999974389e+03
-2.306183478260869379e+03 -1.796659999999974389e+03
-2.288306086956521540e+03 -2.265659999999974389e+03
-2.270428695652173701e+03 -2.524659999999974389e+03
-2.252551304347825862e+03 -1.717659999999974389e+03
-2.234673913043478024e+03 -1.868659999999974389e+03
-2.216796521739130185e+03 -1.616659999999974389e+03
-2.198919130434782346e+03 -8.266599999999743886e+02
-2.181041739130434507e+03 -2.115659999999974389e+03
-2.163164347826086669e+03 -1.446659999999974389e+03
-2.145286956521738830e+03 -1.960659999999974389e+03
-2.127409565217390991e+03 -1.307659999999974389e+03
-2.109532173913043152e+03 -1.576659999999974389e+03
-2.091654782608695314e+03 -1.860659999999974389e+03
-2.073777391304347475e+03 -1.866659999999974389e+03
-2.055899999999999636e+03 -1.338659999999974389e+03
-2.038022608695652025e+03 -1.680659999999974389e+03
-2.020145217391304186e+03 -2.275659999999974389e+03
-2.002267826086956347e+03 -2.090659999999974389e+03
-1.984390434782608509e+03 -1.972659999999974389e+03
-1.966513043478260670e+03 -2.143659999999974389e+03
-1.948635652173912831e+03 -1.944659999999974389e+03
-1.930758260869564992e+03 -1.090659999999974389e+03
-1.912880869565217154e+03 -1.265659999999974389e+03
-1.895003478260869315e+03 -1.599659999999974389e+03
-1.877126086956521476e+03 -1.864659999999974389e+03
-1.859248695652173865e+03 -2.145659999999974389e+03
-1.841371304347826026e+03 -2.343659999999974389e+03
-1.823493913043478187e+03 -2.216659999999974389e+03
-1.805616521739130349e+03 -2.508659999999974389e+03
-1.787739130434782510e+03 -1.723659999999974389e+03
-1.769861739130434671e+03 -2.077659999999974389e+03
-1.751984347826086832e+03 -2.127659999999974389e+03
-1.734106956521738994e+03 -2.091659999999974389e+03
-1.716229565217391155e+03 -1.467659999999974389e+03
-1.698352173913043316e+03 -2.984659999999974389e+03
-1.680474782608695477e+03 -1.471659999999974389e+03
-1.662597391304347639e+03 -2.487659999999974389e+03
-1.644719999999999800e+03 -1.898659999999974389e+03
-1.626842608695651961e+03 -2.424659999999974389e+03
-1.608965217391304122e+03 -2.792659999999974389e+03
-1.591087826086956284e+03 -1.732659999999974389e+03
-1.573210434782608445e+03 -1.898659999999974389e+03
-1.555333043478260834e+03 -1.707659999999974389e+03
-1.537455652173912995e+03 -2.391659999999974389e+03
-1.519578260869565156e+03 -1.729659999999974389e+03
-1.501700869565217317e+03 -1.505659999999974389e+03
-1.483823478260869479e+03 -2.260659999999974389e+03
-1.465946086956521640e+03 -2.330659999999974389e+03
-1.448068695652173801e+03 -2.171659999999974389e+03
-1.430191304347825962e+03 -2.852659999999974389e+03
-1.412313913043478124e+03 -2.206659999999974389e+03
-1.394436521739130285e+03 -2.058659999999974389e+03
-1.376559130434782446e+03 -2.328659999999974389e+03
-1.358681739130434607e+03 -2.352659999999974389e+03
-1.340804347826086769e+03 -2.242659999999974389e+03
-1.322926956521738930e+03 -2.605659999999974389e+03
-1.305049565217391091e+03 -1.942659999999974389e+03
-1.287172173913043480e+03 -2.510659999999974389e+03
-1.269294782608695641e+03 -2.285659999999974389e+03
-1.251417391304347802e+03 -1.856659999999974389e+03
-1.233539999999999964e+03 -1.863659999999974389e+03
-1.215662608695652125e+03 -2.055659999999974389e+03
-1.197785217391304286e+03 -2.258659999999974389e+03
-1.179907826086956447e+03 -2.265659999999974389e+03
-1.162030434782608609e+03 -2.051659999999974389e+03
-1.144153043478260770e+03 -1.711659999999974389e+03
-1.126275652173912931e+03 -1.134659999999974389e+03
-1.108398260869565092e+03 -2.299659999999974389e+03
-1.090520869565217254e+03 -1.839659999999974389e+03
-1.072643478260869415e+03 -2.907659999999974389e+03
-1.054766086956521576e+03 -2.131659999999974389e+03
-1.036888695652173737e+03 -2.487659999999974389e+03
-1.019011304347826012e+03 -2.501659999999974389e+03
-1.001133913043478174e+03 -2.268659999999974389e+03
-9.832565217391303349e+02 -2.129659999999974389e+03
-9.653791304347824962e+02 -1.948659999999974389e+03
-9.475017391304346575e+02 -2.657659999999974389e+03
-9.296243478260869324e+02 -1.793659999999974389e+03
-9.117469565217390937e+02 -2.290659999999974389e+03
-8.938695652173912549e+02 -2.440659999999974389e+03
-8.759921739130434162e+02 -1.855659999999974389e+03
-8.581147826086955774e+02 -3.062659999999974389e+03
-8.402373913043477387e+02 -2.528659999999974389e+03
-8.223599999999999000e+02 -2.736659999999974389e+03
-8.044826086956520612e+02 -3.071659999999974389e+03
-7.866052173913042225e+02 -3.413659999999974389e+03
-7.687278260869564974e+02 -1.919659999999974389e+03
-7.508504347826086587e+02 -2.905659999999974389e+03
-7.329730434782608199e+02 -2.845659999999974389e+03
-7.150956521739129812e+02 -2.335659999999974389e+03
-6.972182608695651425e+02 -1.629659999999974389e+03
-6.793408695652173037e+02 -2.349659999999974389e+03
-6.614634782608694650e+02 -1.996659999999974389e+03
-6.435860869565217399e+02 -2.518659999999974389e+03
-6.257086956521739012e+02 -2.248659999999974389e+03
-6.078313043478260624e+02 -2.272659999999974389e+03
-5.899539130434782237e+02 -2.172659999999974389e+03
-5.720765217391303850e+02 -1.991659999999974389e+03
-5.541991304347825462e+02 -2.663659999999974389e+03
-5.363217391304347075e+02 -2.644659999999974389e+03
-5.184443478260868687e+02 -2.857659999999974389e+03
-5.005669565217390868e+02 -2.407659999999974389e+03
-4.826895652173912481e+02 -1.574659999999974389e+03
-4.648121739130434662e+02 -2.489659999999974389e+03
-4.469347826086956275e+02 -3.319659999999974389e+03
-4.290573913043477887e+02 -2.234659999999974389e+03
-4.111799999999999500e+02 -1.773659999999974389e+03
-3.933026086956521112e+02 -2.557659999999974389e+03
-3.754252173913043293e+02 -2.262659999999974389e+03
-3.575478260869564906e+02 -1.236659999999974389e+03
-3.396704347826086519e+02 -1.649659999999974389e+03
-3.217930434782608700e+02 -2.487659999999974389e+03
-3.039156521739130312e+02 -2.379659999999974389e+03
-2.860382608695651925e+02 -1.916659999999974389e+03
-2.681608695652173537e+02 -2.313659999999974389e+03
-2.502834782608695434e+02 -1.865659999999974389e+03
-2.324060869565217331e+02 -1.892659999999974389e+03
-2.145286956521738944e+02 -1.360659999999974389e+03
-1.966513043478260556e+02 -6.306599999999743886e+02
-1.787739130434782453e+02 -1.568659999999974389e+03
-1.608965217391304350e+02 -1.249659999999974389e+03
-1.430191304347825962e+02 -1.455659999999974389e+03
-1.251417391304347717e+02 -1.101659999999974389e+03
-1.072643478260869472e+02 8.443400000000256114e+02
-8.938695652173912265e+01 3.163340000000025611e+03
-7.150956521739129812e+01 9.146340000000025611e+03
-5.363217391304347359e+01 1.988734000000002561e+04
-3.575478260869564906e+01 3.663934000000002561e+04
-1.787739130434782453e+01 6.579534000000002561e+04
0.000000000000000000e+00 1.148073400000000256e+05
1.787739130434782453e+01 1.877253400000000256e+05
3.575478260869564906e+01 2.863843400000000256e+05
5.363217391304347359e+01 4.141893400000000256e+05
7.150956521739129812e+01 5.686893400000000838e+05
8.938695652173912265e+01 7.546963400000000838e+05
1.072643478260869472e+02 9.512403400000000838e+05
1.251417391304347717e+02 1.165410340000000084e+06
1.430191304347825962e+02 1.376783340000000084e+06
1.608965217391304350e+02 1.602479340000000084e+06
1.787739130434782453e+02 1.835790340000000084e+06
1.966513043478260556e+02 2.062791340000000084e+06
2.145286956521738944e+02 2.264125339999999851e+06
2.324060869565217331e+02 2.457521339999999851e+06
2.502834782608695434e+02 2.650233339999999851e+06
2.681608695652173537e+02 2.829786339999999851e+06
2.860382608695651925e+02 2.990089339999999851e+06
3.039156521739130312e+02 3.117015339999999851e+06
3.217930434782608700e+02 3.246396339999999851e+06
3.396704347826086519e+02 3.365565339999999851e+06
3.575478260869564906e+02 3.451913339999999851e+06
3.754252173913043293e+02 3.533522339999999851e+06
3.933026086956521112e+02 3.595964339999999851e+06
4.111799999999999500e+02 3.669194339999999851e+06
4.290573913043477887e+02 3.710486339999999851e+06
4.469347826086956275e+02 3.723719339999999851e+06
4.648121739130434662e+02 3.753714339999999851e+06
4.826895652173912481e+02 3.782354339999999851e+06
5.005669565217390868e+02 3.785494339999999851e+06
5.184443478260868687e+02 3.784701339999999851e+06
5.363217391304347075e+02 3.789106339999999851e+06
5.541991304347825462e+02 3.806571339999999851e+06
5.720765217391303850e+02 3.810097339999999851e+06
5.899539130434782237e+02 3.829595339999999851e+06
6.078313043478260624e+02 3.833027339999999851e+06
6.257086956521739012e+02 3.829788339999999851e+06
6.435860869565217399e+02 3.825483339999999851e+06
6.614634782608694650e+02 3.827957339999999851e+06
6.793408695652173037e+02 3.820743339999999851e+06
6.972182608695651425e+02 3.811772339999999851e+06
7.150956521739129812e+02 3.822032339999999851e+06
7.329730434782608199e+02 3.812029339999999851e+06
7.508504347826086587e+02 3.784484339999999851e+06
7.687278260869564974e+02 3.785305339999999851e+06
7.866052173913042225e+02 3.800713339999999851e+06
8.044826086956520612e+02 3.808773339999999851e+06
8.223599999999999000e+02 3.817674339999999851e+06
8.402373913043477387e+02 3.814773339999999851e+06
8.581147826086955774e+02 3.817801339999999851e+06
8.759921739130434162e+02 3.823426339999999851e+06
8.938695652173912549e+02 3.825748339999999851e+06
9.117469565217390937e+02 3.823489339999999851e+06
9.296243478260869324e+02 3.820335339999999851e+06
9.475017391304346575e+02 3.808652339999999851e+06
9.653791304347824962e+02 3.795296339999999851e+06
9.832565217391303349e+02 3.799647339999999851e+06
1.001133913043478174e+03 3.785710339999999851e+06
1.019011304347826012e+03 3.794084339999999851e+06
1.036888695652173737e+03 3.786492339999999851e+06
1.054766086956521576e+03 3.792551339999999851e+06
1.072643478260869415e+03 3.815175339999999851e+06
1.090520869565217254e+03 3.791293339999999851e+06
1.108398260869565092e+03 3.769056339999999851e+06
1.126275652173912931e+03 3.761953339999999851e+06
1.144153043478260770e+03 3.753261339999999851e+06
1.162030434782608609e+03 3.752408339999999851e+06
1.179907826086956447e+03 3.778215339999999851e+06
1.197785217391304286e+03 3.782643339999999851e+06
1.215662608695652125e+03 3.786558339999999851e+06
1.233539999999999964e+03 3.784044339999999851e+06
1.251417391304347802e+03 3.794868339999999851e+06
1.269294782608695641e+03 3.792825339999999851e+06
1.287172173913043480e+03 3.799474339999999851e+06
1.305049565217391091e+03 3.805703339999999851e+06
1.322926956521738930e+03 3.805517339999999851e+06
1.340804347826086769e+03 3.782204339999999851e+06
1.358681739130434607e+03 3.769357339999999851e+06
1.376559130434782446e+03 3.755618339999999851e+06
1.394436521739130285e+03 3.732331339999999851e+06
1.412313913043478124e+03 3.701170339999999851e+06
1.430191304347825962e+03 3.641722339999999851e+06
1.448068695652173801e+03 3.576638339999999851e+06
1.465946086956521640e+03 3.452519339999999851e+06
1.483823478260869479e+03 3.329800339999999851e+06
1.501700869565217317e+03 3.182160339999999851e+06
1.519578260869565156e+03 3.023395339999999851e+06
1.537455652173912995e+03 2.837595339999999851e+06
1.555333043478260834e+03 2.646897339999999851e+06
1.573210434782608445e+03 2.430495339999999851e+06
1.591087826086956284e+03 2.190682339999999851e+06
1.608965217391304122e+03 1.937670340000000084e+06
1.626842608695651961e+03 1.687980340000000084e+06
1.644719999999999800e+03 1.456719340000000084e+06
1.662597391304347639e+03 1.242143340000000084e+06
1.680474782608695477e+03 1.053093340000000084e+06
1.698352173913043316e+03 8.755693400000000838e+05
1.716229565217391155e+03 7.061473400000000838e+05
1.734106956521738994e+03 5.600033400000000838e+05
1.751984347826086832e+03 4.371383400000000256e+05
1.769861739130434671e+03 3.392183400000000256e+05
1.787739130434782510e+03 2.576463400000000256e+05
1.805616521739130349e+03 1.898173400000000256e+05
1.823493913043478187e+03 1.415503400000000256e+05
1.841371304347826026e+03 1.059803400000000256e+05
1.859248695652173865e+03 7.768334000000002561e+04
1.877126086956521476e+03 5.978134000000002561e+04
1.895003478260869315e+03 4.832334000000002561e+04
1.912880869565217154e+03 3.820334000000002561e+04
1.930758260869564992e+03 3.419134000000002561e+04
1.948635652173912831e+03 3.293634000000002561e+04
1.966513043478260670e+03 3.085834000000002561e+04
1.984390434782608509e+03 2.941634000000002561e+04
2.002267826086956347e+03 2.597834000000002561e+04
2.020145217391304186e+03 2.624334000000002561e+04
2.038022608695652025e+03 2.560234000000002561e+04
2.055899999999999636e+03 2.509934000000002561e+04
2.073777391304347475e+03 2.532734000000002561e+04
2.091654782608695314e+03 2.408634000000002561e+04
2.109532173913043152e+03 2.334034000000002561e+04
2.127409565217390991e+03 2.207134000000002561e+04
2.145286956521738830e+03 2.175434000000002561e+04
2.163164347826086669e+03 1.935834000000002561e+04
2.181041739130434507e+03 1.859534000000002561e+04
2.198919130434782346e+03 1.752534000000002561e+04
2.216796521739130185e+03 1.657734000000002561e+04
2.234673913043478024e+03 1.387834000000002561e+04
2.252551304347825862e+03 1.420734000000002561e+04
2.270428695652173701e+03 1.350934000000002561e+04
2.288306086956521540e+03 1.173634000000002561e+04
2.306183478260869379e+03 1.084034000000002561e+04
2.324060869565217217e+03 9.361340000000025611e+03
2.341938260869565056e+03 1.005434000000002561e+04
2.359815652173912895e+03 9.218340000000025611e+03
2.377693043478260734e+03 7.044340000000025611e+03
2.395570434782608572e+03 6.262340000000025611e+03
2.413447826086956411e+03 5.507340000000025611e+03
2.431325217391304250e+03 4.898340000000025611e+03
2.449202608695652088e+03 4.153340000000025611e+03
2.467079999999999927e+03 3.282340000000025611e+03
2.484957391304347766e+03 2.753340000000025611e+03
2.502834782608695605e+03 3.484340000000025611e+03
2.520712173913043443e+03 2.119340000000025611e+03
2.538589565217391282e+03 1.695340000000025611e+03
2.556466956521739121e+03 1.785340000000025611e+03
2.574344347826086960e+03 1.698340000000025611e+03
2.592221739130434344e+03 1.757340000000025611e+03
2.610099130434782182e+03 8.833400000000256114e+02
2.627976521739130021e+03 4.434000000002561137e+01
2.645853913043477860e+03 3.513400000000256114e+02
2.663731304347825699e+03 4.093400000000256114e+02
2.681608695652173537e+03 -2.756599999999743886e+02
2.699486086956521376e+03 -6.356599999999743886e+02
2.717363478260869215e+03 -5.616599999999743886e+02
2.735240869565217054e+03 -2.856599999999743886e+02
2.753118260869564892e+03 -1.146659999999974389e+03
2.770995652173912731e+03 -1.003659999999974389e+03
2.788873043478260570e+03 -1.317659999999974389e+03
2.806750434782608409e+03 -1.698659999999974389e+03
2.824627826086956247e+03 -1.973659999999974389e+03
2.842505217391304086e+03 -2.255659999999974389e+03
2.860382608695651925e+03 -2.699659999999974389e+03
2.878259999999999764e+03 -1.567659999999974389e+03
2.896137391304347602e+03 -1.432659999999974389e+03
2.914014782608695441e+03 -1.786659999999974389e+03
2.931892173913043280e+03 -2.059659999999974389e+03
2.949769565217391118e+03 -1.666659999999974389e+03
2.967646956521738957e+03 -2.182659999999974389e+03
2.985524347826086796e+03 -1.912659999999974389e+03
3.003401739130434635e+03 -1.839659999999974389e+03
3.021279130434782473e+03 -1.829659999999974389e+03
3.039156521739130312e+03 -1.359659999999974389e+03
3.057033913043478151e+03 -2.038659999999974389e+03
3.074911304347825990e+03 -1.806599999999743886e+02
3.092788695652173828e+03 -1.956659999999974389e+03
3.110666086956521667e+03 -1.511659999999974389e+03
3.128543478260869506e+03 4.654340000000025611e+03
3.146420869565216890e+03 -6.876599999999743886e+02
3.164298260869564729e+03 2.383400000000256114e+02
3.182175652173912567e+03 -7.006599999999743886e+02
3.200053043478260406e+03 -1.416659999999974389e+03
3.217930434782608245e+03 -1.385659999999974389e+03
3.235807826086956084e+03 -1.939659999999974389e+03
3.253685217391303922e+03 -2.026659999999974389e+03
3.271562608695651761e+03 -1.741659999999974389e+03
3.289439999999999600e+03 -1.674659999999974389e+03
3.307317391304347439e+03 -5.566599999999743886e+02
3.325194782608695277e+03 -1.715659999999974389e+03
3.343072173913043116e+03 -1.719659999999974389e+03
3.360949565217390955e+03 -9.296599999999743886e+02
3.378826956521738794e+03 -1.788659999999974389e+03
3.396704347826086632e+03 -1.896659999999974389e+03
3.414581739130434471e+03 -1.388659999999974389e+03
3.432459130434782310e+03 -2.188659999999974389e+03
3.450336521739130148e+03 -1.386659999999974389e+03
3.468213913043477987e+03 -2.103659999999974389e+03
3.486091304347825826e+03 -2.356659999999974389e+03
3.503968695652173665e+03 -1.823659999999974389e+03
3.521846086956521503e+03 -1.791659999999974389e+03
3.539723478260869342e+03 -2.296659999999974389e+03
3.557600869565217181e+03 -2.549659999999974389e+03
3.575478260869565020e+03 -1.896659999999974389e+03
3.593355652173912858e+03 -1.688659999999974389e+03
3.611233043478260697e+03 -9.556599999999743886e+02
3.629110434782608536e+03 -1.694659999999974389e+03
3.646987826086956375e+03 -2.034659999999974389e+03
3.664865217391304213e+03 -1.991659999999974389e+03
3.682742608695652052e+03 -2.025659999999974389e+03
3.700619999999999891e+03 -1.187659999999974389e+03
3.718497391304347730e+03 -1.217659999999974389e+03
3.736374782608695114e+03 -1.963659999999974389e+03
3.754252173913042952e+03 -1.945659999999974389e+03
3.772129565217390791e+03 -1.621659999999974389e+03
3.790006956521738630e+03 -2.036659999999974389e+03
3.807884347826086469e+03 -1.532659999999974389e+03
3.825761739130434307e+03 -2.074659999999974389e+03
3.843639130434782146e+03 -2.634659999999974389e+03
3.861516521739129985e+03 -2.435659999999974389e+03
3.879393913043477824e+03 -1.819659999999974389e+03
3.897271304347825662e+03 -1.230659999999974389e+03
3.915148695652173501e+03 -1.771659999999974389e+03
3.933026086956521340e+03 -1.981659999999974389e+03
3.950903478260869178e+03 -1.687659999999974389e+03
3.968780869565217017e+03 -1.994659999999974389e+03
3.986658260869564856e+03 -1.458659999999974389e+03
4.004535652173912695e+03 -1.602659999999974389e+03
4.022413043478260533e+03 -1.416659999999974389e+03
4.040290434782608372e+03 -1.378659999999974389e+03
4.058167826086956211e+03 -9.906599999999743886e+02
4.076045217391304050e+03 -1.427659999999974389e+03
4.093922608695651888e+03 -2.193659999999974389e+03
4.111799999999999272e+03 -1.721659999999974389e+03
4.129677391304347111e+03 -1.934659999999974389e+03
4.147554782608694950e+03 -6.586599999999743886e+02
4.165432173913042789e+03 -1.157659999999974389e+03
4.183309565217390627e+03 -1.250659999999974389e+03
4.201186956521738466e+03 -1.963659999999974389e+03
4.219064347826086305e+03 -1.895659999999974389e+03
4.236941739130434144e+03 -1.493659999999974389e+03
4.254819130434781982e+03 -1.601659999999974389e+03
4.272696521739129821e+03 -1.035659999999974389e+03
4.290573913043477660e+03 -1.253659999999974389e+03
4.308451304347825499e+03 -1.478659999999974389e+03
4.326328695652173337e+03 -1.624659999999974389e+03
4.344206086956521176e+03 -2.232659999999974389e+03
4.362083478260869015e+03 -1.790659999999974389e+03
4.379960869565216854e+03 -1.462659999999974389e+03
4.397838260869564692e+03 -7.446599999999743886e+02
4.415715652173912531e+03 -1.883659999999974389e+03
4.433593043478260370e+03 -9.896599999999743886e+02
4.451470434782608208e+03 -1.082659999999974389e+03
4.469347826086956047e+03 -1.564659999999974389e+03
4.487225217391303886e+03 -1.988659999999974389e+03
4.505102608695651725e+03 -1.549659999999974389e+03
4.522979999999999563e+03 -1.613659999999974389e+03
4.540857391304347402e+03 -1.056659999999974389e+03
4.558734782608695241e+03 -4.596599999999743886e+02
4.576612173913043080e+03 -9.016599999999743886e+02
4.594489565217390918e+03 7.434000000002561137e+01
4.612366956521738757e+03 -5.416599999999743886e+02
4.630244347826086596e+03 -7.546599999999743886e+02
4.648121739130434435e+03 -5.576599999999743886e+02
4.665999130434782273e+03 2.513400000000256114e+02
4.683876521739130112e+03 -2.556599999999743886e+02
4.701753913043477951e+03 -2.216599999999743886e+02
4.719631304347825790e+03 -1.083659999999974389e+03
4.737508695652173628e+03 -8.956599999999743886e+02
4.755386086956521467e+03 1.473400000000256114e+02
4.773263478260869306e+03 -8.066599999999743886e+02
4.791140869565217145e+03 1.323400000000256114e+02
4.809018260869564983e+03 -1.376599999999743886e+02
4.826895652173912822e+03 -8.216599999999743886e+02
4.844773043478260661e+03 9.443400000000256114e+02
4.862650434782608500e+03 -6.956599999999743886e+02
4.880527826086956338e+03 1.503400000000256114e+02
4.898405217391304177e+03 -1.106599999999743886e+02
4.916282608695652016e+03 -1.046659999999974389e+03
4.934159999999999854e+03 -1.078659999999974389e+03
4.952037391304347693e+03 -4.476599999999743886e+02
4.969914782608695532e+03 1.523400000000256114e+02
4.987792173913043371e+03 -2.316599999999743886e+02
5.005669565217391209e+03 -5.606599999999743886e+02
5.023546956521739048e+03 -4.696599999999743886e+02
5.041424347826086887e+03 -3.936599999999743886e+02
5.059301739130434726e+03 1.823400000000256114e+02
5.077179130434782564e+03 -4.196599999999743886e+02
5.095056521739130403e+03 2.434000000002561137e+01
5.112933913043478242e+03 6.243400000000256114e+02
5.130811304347826081e+03 3.134000000002561137e+01
5.148688695652173919e+03 3.113400000000256114e+02
5.166566086956520849e+03 -2.306599999999743886e+02
5.184443478260868687e+03 2.043400000000256114e+02
5.202320869565216526e+03 1.807340000000025611e+03
5.220198260869564365e+03 2.903400000000256114e+02
5.238075652173912204e+03 3.863400000000256114e+02
5.255953043478260042e+03 3.873400000000256114e+02
5.273830434782607881e+03 4.193400000000256114e+02
5.291707826086955720e+03 1.103400000000256114e+02
5.309585217391303559e+03 1.084340000000025611e+03
5.327462608695651397e+03 4.453400000000256114e+02
5.345339999999999236e+03 -1.706599999999743886e+02
5.363217391304347075e+03 5.443400000000256114e+02
5.381094782608694914e+03 9.273400000000256114e+02
5.398972173913042752e+03 7.053400000000256114e+02
5.416849565217390591e+03 2.543400000000256114e+02
5.434726956521738430e+03 4.713400000000256114e+02
5.452604347826086268e+03 1.062340000000025611e+03
5.470481739130434107e+03 4.194340000000025611e+03
5.488359130434781946e+03 1.072340000000025611e+03
5.506236521739129785e+03 8.313400000000256114e+02
5.524113913043477623e+03 1.308340000000025611e+03
5.541991304347825462e+03 9.403400000000256114e+02
5.559868695652173301e+03 -4.765999999997438863e+01
5.577746086956521140e+03 4.143400000000256114e+02
5.595623478260868978e+03 1.903400000000256114e+02
5.613500869565216817e+03 6.993400000000256114e+02
5.631378260869564656e+03 3.613400000000256114e+02
5.649255652173912495e+03 7.363400000000256114e+02
5.667133043478260333e+03 2.023400000000256114e+02
5.685010434782608172e+03 8.963400000000256114e+02
5.702887826086956011e+03 7.433400000000256114e+02
5.720765217391303850e+03 -2.176599999999743886e+02
5.738642608695651688e+03 1.276340000000025611e+03
5.756519999999999527e+03 1.097340000000025611e+03
5.774397391304347366e+03 -8.865999999997438863e+01
5.792274782608695205e+03 9.873400000000256114e+02
5.810152173913043043e+03 1.421340000000025611e+03
5.828029565217390882e+03 6.153400000000256114e+02
5.845906956521738721e+03 1.153340000000025611e+03
5.863784347826086560e+03 2.903400000000256114e+02
5.881661739130434398e+03 1.834340000000025611e+03
5.899539130434782237e+03 5.023400000000256114e+02
5.917416521739130076e+03 -2.856599999999743886e+02
5.935293913043477914e+03 5.903400000000256114e+02
5.953171304347825753e+03 7.203400000000256114e+02
5.971048695652173592e+03 1.543400000000256114e+02
5.988926086956521431e+03 1.592340000000025611e+03
6.006803478260869269e+03 3.613400000000256114e+02
6.024680869565217108e+03 -6.116599999999743886e+02
6.042558260869564947e+03 5.843400000000256114e+02
6.060435652173912786e+03 2.943400000000256114e+02
6.078313043478260624e+03 1.320340000000025611e+03
6.096190434782608463e+03 2.543400000000256114e+02
6.114067826086956302e+03 5.873400000000256114e+02
6.131945217391304141e+03 7.203400000000256114e+02
6.149822608695651979e+03 6.363400000000256114e+02
6.167699999999999818e+03 4.533400000000256114e+02
6.185577391304347657e+03 -3.586599999999743886e+02
6.203454782608695496e+03 1.249340000000025611e+03
6.221332173913043334e+03 8.893400000000256114e+02
6.239209565217391173e+03 7.863400000000256114e+02
6.257086956521739012e+03 2.234000000002561137e+01
6.274964347826086851e+03 1.043400000000256114e+02
6.292841739130433780e+03 1.052340000000025611e+03
6.310719130434781619e+03 1.393400000000256114e+02
6.328596521739129457e+03 1.463400000000256114e+02
6.346473913043477296e+03 1.424340000000025611e+03
6.364351304347825135e+03 3.043400000000256114e+02
6.382228695652172973e+03 1.773340000000025611e+03
6.400106086956520812e+03 7.063400000000256114e+02
6.417983478260868651e+03 1.174340000000025611e+03
6.435860869565216490e+03 6.543400000000256114e+02
6.453738260869564328e+03 4.143400000000256114e+02
6.471615652173912167e+03 -9.665999999997438863e+01
6.489493043478260006e+03 -5.453659999999974389e+03
6.507370434782607845e+03 -1.206565999999997439e+04
6.525247826086955683e+03 -1.182665999999997439e+04
6.543125217391303522e+03 -1.182365999999997439e+04
6.561002608695651361e+03 -1.198865999999997439e+04
6.578879999999999200e+03 -1.197365999999997439e+04
6.596757391304347038e+03 -1.180165999999997439e+04
6.614634782608694877e+03 -1.196365999999997439e+04
6.632512173913042716e+03 -1.190265999999997439e+04
6.650389565217390555e+03 -1.190365999999997439e+04
6.668266956521738393e+03 -1.211865999999997439e+04
6.686144347826086232e+03 -1.200065999999997439e+04
6.704021739130434071e+03 -1.207565999999997439e+04
6.721899130434781910e+03 -1.192565999999997439e+04
6.739776521739129748e+03 -1.188165999999997439e+04
6.757653913043477587e+03 -1.189365999999997439e+04
6.775531304347825426e+03 -1.221365999999997439e+04
6.793408695652173265e+03 -1.190865999999997439e+04
6.811286086956521103e+03 -1.188665999999997439e+04
6.829163478260868942e+03 -1.212065999999997439e+04
6.847040869565216781e+03 -1.195365999999997439e+04
6.864918260869564619e+03 -1.199765999999997439e+04
6.882795652173912458e+03 -1.195365999999997439e+04
6.900673043478260297e+03 -1.195065999999997439e+04
