-2.022748303249097489e+03 -1.108619999999995343e+03
-2.008893862815884404e+03 -6.933619999999995343e+03
-1.995039422382671546e+03 -7.969619999999995343e+03
-1.981184981949458461e+03 -8.839619999999995343e+03
-1.967330541516245603e+03 -8.889619999999995343e+03
-1.953476101083032518e+03 -9.483619999999995343e+03
-1.939621660649819432e+03 -9.714619999999995343e+03
-1.925767220216606574e+03 -9.886619999999995343e+03
-1.911912779783393489e+03 -1.025361999999999534e+04
-1.898058339350180404e+03 -1.045761999999999534e+04
-1.884203898916967546e+03 -1.053861999999999534e+04
-1.870349458483754461e+03 -1.060761999999999534e+04
-1.856495018050541603e+03 -5.799619999999995343e+03
-1.842640577617328518e+03 -1.366199999999953434e+02
-1.828786137184115432e+03 -7.116199999999953434e+02
-1.814931696750902574e+03 -5.946199999999953434e+02
-1.801077256317689489e+03 -1.066619999999995343e+03
-1.787222815884476631e+03 -4.816199999999953434e+02
-1.773368375451263546e+03 -1.109619999999995343e+03
-1.759513935018050461e+03 -1.329619999999995343e+03
-1.745659494584837603e+03 -1.241619999999995343e+03
-1.731805054151624518e+03 -1.378619999999995343e+03
-1.717950613718411660e+03 -1.521619999999995343e+03
-1.704096173285198574e+03 9.933800000000046566e+02
-1.690241732851985489e+03 -1.886619999999995343e+03
-1.676387292418772631e+03 -1.378619999999995343e+03
-1.662532851985559546e+03 -8.416199999999953434e+02
-1.648678411552346688e+03 -2.407619999999995343e+03
-1.634823971119133603e+03 -1.087619999999995343e+03
-1.620969530685920517e+03 -1.826619999999995343e+03
-1.607115090252707660e+03 -1.914619999999995343e+03
-1.593260649819494574e+03 -1.855619999999995343e+03
-1.579406209386281489e+03 -2.071619999999995343e+03
-1.565551768953068631e+03 -2.176619999999995343e+03
-1.551697328519855546e+03 -2.867619999999995343e+03
-1.537842888086642688e+03 -1.930619999999995343e+03
-1.523988447653429603e+03 -2.069619999999995343e+03
-1.510134007220216517e+03 -1.951619999999995343e+03
-1.496279566787003660e+03 -1.139619999999995343e+03
-1.482425126353790574e+03 -2.536619999999995343e+03
-1.468570685920577716e+03 -1.668619999999995343e+03
-1.454716245487364631e+03 -1.855619999999995343e+03
-1.440861805054151546e+03 -1.285619999999995343e+03
-1.427007364620938688e+03 -1.992619999999995343e+03
-1.413152924187725603e+03 -2.266619999999995343e+03
-1.399298483754512745e+03 -2.104619999999995343e+03
-1.385444043321299660e+03 -1.690619999999995343e+03
-1.371589602888086574e+03 -4.256199999999953434e+02
-1.357735162454873716e+03 -2.415619999999995343e+03
-1.343880722021660631e+03 -1.937619999999995343e+03
-1.330026281588447546e+03 -2.126619999999995343e+03
-1.316171841155234688e+03 -2.012619999999995343e+03
-1.302317400722021603e+03 -1.602619999999995343e+03
-1.288462960288808745e+03 -1.291619999999995343e+03
-1.274608519855595659e+03 -8.596199999999953434e+02
-1.260754079422382574e+03 -4.826199999999953434e+02
-1.246899638989169716e+03 1.933800000000046566e+02
-1.233045198555956631e+03 -1.955619999999995343e+03
-1.219190758122743773e+03 -2.210619999999995343e+03
-1.205336317689530688e+03 -2.795619999999995343e+03
-1.191481877256317603e+03 -2.985619999999995343e+03
-1.177627436823104745e+03 -1.637619999999995343e+03
-1.163772996389891659e+03 -2.723619999999995343e+03
-1.149918555956678802e+03 -1.649619999999995343e+03
-1.136064115523465716e+03 -1.746619999999995343e+03
-1.122209675090252631e+03 -1.320619999999995343e+03
-1.108355234657039773e+03 -2.329619999999995343e+03
-1.094500794223826688e+03 -2.093619999999995343e+03
-1.080646353790613830e+03 -2.855619999999995343e+03
-1.066791913357400745e+03 -2.272619999999995343e+03
-1.052937472924187659e+03 -2.006619999999995343e+03
-1.039083032490974801e+03 -2.100619999999995343e+03
-1.025228592057761716e+03 -1.634619999999995343e+03
-1.011374151624548745e+03 -1.349619999999995343e+03
-9.975197111913357730e+02 -1.969619999999995343e+03
-9.836652707581228015e+02 -2.093619999999995343e+03
-9.698108303249097162e+02 -2.054619999999995343e+03
-9.559563898916967446e+02 6.949380000000004657e+03
-9.421019494584837730e+02 -1.719619999999995343e+03
-9.282475090252708014e+02 -1.643619999999995343e+03
-9.143930685920577162e+02 -2.154619999999995343e+03
-9.005386281588447446e+02 -2.957619999999995343e+03
-8.866841877256317730e+02 -1.800619999999995343e+03
-8.728297472924188014e+02 -2.149619999999995343e+03
-8.589753068592058298e+02 -1.907619999999995343e+03
-8.451208664259927446e+02 -2.041619999999995343e+03
-8.312664259927797730e+02 -1.952619999999995343e+03
-8.174119855595668014e+02 -1.927619999999995343e+03
-8.035575451263538298e+02 -1.754619999999995343e+03
-7.897031046931407445e+02 -2.499619999999995343e+03
-7.758486642599277729e+02 -2.383619999999995343e+03
-7.619942238267148014e+02 -2.086619999999995343e+03
-7.481397833935018298e+02 -2.268619999999995343e+03
-7.342853429602888582e+02 -2.467619999999995343e+03
-7.204309025270757729e+02 -2.486619999999995343e+03
-7.065764620938628013e+02 -2.420619999999995343e+03
-6.927220216606498298e+02 -2.226619999999995343e+03
-6.788675812274368582e+02 -1.964619999999995343e+03
-6.650131407942237729e+02 -1.806619999999995343e+03
-6.511587003610108013e+02 -2.333619999999995343e+03
-6.373042599277978297e+02 -1.870619999999995343e+03
-6.234498194945848581e+02 -2.678619999999995343e+03
-6.095953790613718866e+02 -2.283619999999995343e+03
-5.957409386281588013e+02 -2.203619999999995343e+03
-5.818864981949458297e+02 -2.286619999999995343e+03
-5.680320577617328581e+02 -1.956619999999995343e+03
-5.541776173285198865e+02 -2.377619999999995343e+03
-5.403231768953069150e+02 -2.465619999999995343e+03
-5.264687364620938297e+02 -2.885619999999995343e+03
-5.126142960288808581e+02 -2.383619999999995343e+03
-4.987598555956678865e+02 -2.839619999999995343e+03
-4.849054151624548581e+02 -2.501619999999995343e+03
-4.710509747292418865e+02 -2.510619999999995343e+03
-4.571965342960288581e+02 -3.389619999999995343e+03
-4.433420938628158865e+02 -2.793619999999995343e+03
-4.294876534296029149e+02 -2.715619999999995343e+03
-4.156332129963898865e+02 -3.281619999999995343e+03
-4.017787725631769149e+02 -2.984619999999995343e+03
-3.879243321299638865e+02 -1.721619999999995343e+03
-3.740698916967509149e+02 -2.790619999999995343e+03
-3.602154512635378865e+02 -2.609619999999995343e+03
-3.463610108303249149e+02 -2.775619999999995343e+03
-3.325065703971118865e+02 -2.307619999999995343e+03
-3.186521299638989149e+02 -2.867619999999995343e+03
-3.047976895306859433e+02 -2.433619999999995343e+03
-2.909432490974729149e+02 -2.931619999999995343e+03
-2.770888086642599433e+02 -2.180619999999995343e+03
-2.632343682310469148e+02 -2.639619999999995343e+03
-2.493799277978339433e+02 -2.433619999999995343e+03
-2.355254873646209433e+02 -2.126619999999995343e+03
-2.216710469314079432e+02 -2.555619999999995343e+03
-2.078166064981949432e+02 -2.794619999999995343e+03
-1.939621660649819432e+02 -2.712619999999995343e+03
-1.801077256317689432e+02 -2.417619999999995343e+03
-1.662532851985559432e+02 -2.245619999999995343e+03
-1.523988447653429716e+02 -2.094619999999995343e+03
-1.385444043321299716e+02 -2.699619999999995343e+03
-1.246899638989169716e+02 -2.458619999999995343e+03
-1.108355234657039716e+02 -1.850619999999995343e+03
-9.698108303249097162e+01 -1.719619999999995343e+03
-8.312664259927797161e+01 -1.116619999999995343e+03
-6.927220216606498582e+01 1.329380000000004657e+03
-5.541776173285198581e+01 4.759380000000004657e+03
-4.156332129963898581e+01 1.000038000000000466e+04
-2.770888086642599291e+01 1.857538000000000466e+04
-1.385444043321299645e+01 3.463438000000000466e+04
0.000000000000000000e+00 5.847838000000000466e+04
1.385444043321299645e+01 9.086038000000000466e+04
2.770888086642599291e+01 1.347073800000000047e+05
4.156332129963898581e+01 1.891423800000000047e+05
5.541776173285198581e+01 2.567193800000000047e+05
6.927220216606498582e+01 3.322693800000000047e+05
8.312664259927797161e+01 4.330563800000000047e+05
9.698108303249097162e+01 5.487113800000000047e+05
1.108355234657039716e+02 6.699043800000000047e+05
1.246899638989169716e+02 7.984463800000000047e+05
1.385444043321299716e+02 9.290573800000000047e+05
1.523988447653429716e+02 1.063311379999999888e+06
1.662532851985559432e+02 1.199164379999999888e+06
1.801077256317689432e+02 1.320236379999999888e+06
1.939621660649819432e+02 1.440928379999999888e+06
2.078166064981949432e+02 1.548910379999999888e+06
2.216710469314079432e+02 1.656577379999999888e+06
2.355254873646209433e+02 1.762101379999999888e+06
2.493799277978339433e+02 1.847995379999999888e+06
2.632343682310469148e+02 1.913479379999999888e+06
2.770888086642599433e+02 1.993256379999999888e+06
2.909432490974729149e+02 2.056970379999999888e+06
3.047976895306859433e+02 2.101212379999999888e+06
3.186521299638989149e+02 2.139575379999999888e+06
3.325065703971118865e+02 2.165730379999999888e+06
3.463610108303249149e+02 2.185649379999999888e+06
3.602154512635378865e+02 2.204972379999999888e+06
3.740698916967509149e+02 2.235013379999999888e+06
3.879243321299638865e+02 2.240968379999999888e+06
4.017787725631769149e+02 2.245580379999999888e+06
4.156332129963898865e+02 2.240861379999999888e+06
4.294876534296029149e+02 2.229070379999999888e+06
4.433420938628158865e+02 2.227306379999999888e+06
4.571965342960288581e+02 2.236624379999999888e+06
4.710509747292418865e+02 2.224741379999999888e+06
4.849054151624548581e+02 2.210892379999999888e+06
4.987598555956678865e+02 2.225724379999999888e+06
5.126142960288808581e+02 2.221134379999999888e+06
5.264687364620938297e+02 2.207376379999999888e+06
5.403231768953069150e+02 2.201690379999999888e+06
5.541776173285198865e+02 2.196797379999999888e+06
5.680320577617328581e+02 2.194929379999999888e+06
5.818864981949458297e+02 2.191473379999999888e+06
5.957409386281588013e+02 2.201393379999999888e+06
6.095953790613718866e+02 2.197447379999999888e+06
6.234498194945848581e+02 2.196027379999999888e+06
6.373042599277978297e+02 2.199974379999999888e+06
6.511587003610108013e+02 2.202232379999999888e+06
6.650131407942237729e+02 2.207969379999999888e+06
6.788675812274368582e+02 2.198169379999999888e+06
6.927220216606498298e+02 2.206263379999999888e+06
7.065764620938628013e+02 2.218845379999999888e+06
7.204309025270757729e+02 2.228713379999999888e+06
7.342853429602888582e+02 2.237004379999999888e+06
7.481397833935018298e+02 2.228268379999999888e+06
7.619942238267148014e+02 2.221589379999999888e+06
7.758486642599277729e+02 2.240324379999999888e+06
7.897031046931407445e+02 2.261471379999999888e+06
8.035575451263538298e+02 2.257771379999999888e+06
8.174119855595668014e+02 2.257387379999999888e+06
8.312664259927797730e+02 2.259733379999999888e+06
8.451208664259927446e+02 2.270379379999999888e+06
8.589753068592058298e+02 2.259141379999999888e+06
8.728297472924188014e+02 2.245852379999999888e+06
8.866841877256317730e+02 2.248632379999999888e+06
9.005386281588447446e+02 2.250244379999999888e+06
9.143930685920577162e+02 2.248500379999999888e+06
9.282475090252708014e+02 2.247340379999999888e+06
9.421019494584837730e+02 2.246317379999999888e+06
9.559563898916967446e+02 2.244195379999999888e+06
9.698108303249097162e+02 2.261414379999999888e+06
9.836652707581228015e+02 2.267988379999999888e+06
9.975197111913357730e+02 2.268385379999999888e+06
1.011374151624548745e+03 2.272603379999999888e+06
1.025228592057761716e+03 2.285594379999999888e+06
1.039083032490974801e+03 2.289264379999999888e+06
1.052937472924187659e+03 2.298431379999999888e+06
1.066791913357400745e+03 2.308424379999999888e+06
1.080646353790613830e+03 2.305296379999999888e+06
1.094500794223826688e+03 2.316499379999999888e+06
1.108355234657039773e+03 2.330264379999999888e+06
1.122209675090252631e+03 2.334941379999999888e+06
1.136064115523465716e+03 2.333887379999999888e+06
1.149918555956678802e+03 2.338806379999999888e+06
1.163772996389891659e+03 2.352033379999999888e+06
1.177627436823104745e+03 2.353722379999999888e+06
1.191481877256317603e+03 2.363764379999999888e+06
1.205336317689530688e+03 2.364105379999999888e+06
1.219190758122743773e+03 2.362705379999999888e+06
1.233045198555956631e+03 2.370086379999999888e+06
1.246899638989169716e+03 2.373752379999999888e+06
1.260754079422382574e+03 2.388471379999999888e+06
1.274608519855595659e+03 2.385981379999999888e+06
1.288462960288808745e+03 2.372651379999999888e+06
1.302317400722021603e+03 2.368468379999999888e+06
1.316171841155234688e+03 2.368134379999999888e+06
1.330026281588447546e+03 2.376953379999999888e+06
1.343880722021660631e+03 2.373492379999999888e+06
1.357735162454873716e+03 2.374562379999999888e+06
1.371589602888086574e+03 2.366292379999999888e+06
1.385444043321299660e+03 2.352961379999999888e+06
1.399298483754512745e+03 2.341377379999999888e+06
1.413152924187725603e+03 2.351661379999999888e+06
1.427007364620938688e+03 2.346824379999999888e+06
1.440861805054151546e+03 2.348088379999999888e+06
1.454716245487364631e+03 2.360915379999999888e+06
1.468570685920577716e+03 2.406152379999999888e+06
1.482425126353790574e+03 2.412540379999999888e+06
1.496279566787003660e+03 2.407098379999999888e+06
1.510134007220216517e+03 2.390376379999999888e+06
1.523988447653429603e+03 2.383085379999999888e+06
1.537842888086642688e+03 2.375348379999999888e+06
1.551697328519855546e+03 2.368594379999999888e+06
1.565551768953068631e+03 2.360544379999999888e+06
1.579406209386281489e+03 2.348649379999999888e+06
1.593260649819494574e+03 2.351272379999999888e+06
1.607115090252707660e+03 2.365572379999999888e+06
1.620969530685920517e+03 2.370165379999999888e+06
1.634823971119133603e+03 2.365766379999999888e+06
1.648678411552346688e+03 2.375959379999999888e+06
1.662532851985559546e+03 2.385967379999999888e+06
1.676387292418772631e+03 2.392367379999999888e+06
1.690241732851985489e+03 2.383695379999999888e+06
1.704096173285198574e+03 2.403337379999999888e+06
1.717950613718411660e+03 2.419293379999999888e+06
1.731805054151624518e+03 2.418184379999999888e+06
1.745659494584837603e+03 2.414514379999999888e+06
1.759513935018050461e+03 2.423878379999999888e+06
1.773368375451263546e+03 2.429419379999999888e+06
1.787222815884476631e+03 2.406775379999999888e+06
1.801077256317689489e+03 2.389751379999999888e+06
1.814931696750902574e+03 2.363648379999999888e+06
1.828786137184115432e+03 2.331973379999999888e+06
1.842640577617328518e+03 2.261466379999999888e+06
1.856495018050541603e+03 2.196374379999999888e+06
1.870349458483754461e+03 2.111911379999999888e+06
1.884203898916967546e+03 2.006850379999999888e+06
1.898058339350180404e+03 1.907523379999999888e+06
1.911912779783393489e+03 1.777329379999999888e+06
1.925767220216606574e+03 1.624273379999999888e+06
1.939621660649819432e+03 1.473043379999999888e+06
1.953476101083032518e+03 1.314200379999999888e+06
1.967330541516245603e+03 1.150486379999999888e+06
1.981184981949458461e+03 9.897223800000000047e+05
1.995039422382671546e+03 8.257273800000000047e+05
2.008893862815884404e+03 6.886583800000000047e+05
2.022748303249097489e+03 5.673103800000000047e+05
2.036602743682310575e+03 4.566593800000000047e+05
2.050457184115523432e+03 3.653563800000000047e+05
2.064311624548736290e+03 2.849033800000000047e+05
2.078166064981949603e+03 2.176703800000000047e+05
2.092020505415162461e+03 1.606933800000000047e+05
2.105874945848375319e+03 1.156453800000000047e+05
2.119729386281588631e+03 8.248738000000000466e+04
2.133583826714801489e+03 5.904538000000000466e+04
2.147438267148014347e+03 4.226138000000000466e+04
2.161292707581227660e+03 3.218138000000000466e+04
2.175147148014440518e+03 2.652038000000000466e+04
2.189001588447653376e+03 2.430838000000000466e+04
2.202856028880866234e+03 2.103038000000000466e+04
2.216710469314079546e+03 1.952438000000000466e+04
2.230564909747292404e+03 1.884538000000000466e+04
2.244419350180505262e+03 1.759838000000000466e+04
2.258273790613718575e+03 1.718238000000000466e+04
2.272128231046931433e+03 1.680338000000000466e+04
2.285982671480144290e+03 1.600238000000000466e+04
2.299837111913357603e+03 1.443038000000000466e+04
2.313691552346570461e+03 1.386538000000000466e+04
2.327545992779783319e+03 1.354938000000000466e+04
2.341400433212996177e+03 1.451138000000000466e+04
2.355254873646209489e+03 1.465038000000000466e+04
2.369109314079422347e+03 1.287538000000000466e+04
2.382963754512635205e+03 1.119638000000000466e+04
2.396818194945848518e+03 1.188538000000000466e+04
2.410672635379061376e+03 1.108038000000000466e+04
2.424527075812274234e+03 9.232380000000004657e+03
2.438381516245487546e+03 7.927380000000004657e+03
2.452235956678700404e+03 8.895380000000004657e+03
2.466090397111913262e+03 8.061380000000004657e+03
2.479944837545126575e+03 5.178380000000004657e+03
2.493799277978339433e+03 5.138380000000004657e+03
2.507653718411552290e+03 4.910380000000004657e+03
2.521508158844765148e+03 3.621380000000004657e+03
2.535362599277978461e+03 3.817380000000004657e+03
2.549217039711191319e+03 3.805380000000004657e+03
2.563071480144404177e+03 3.140380000000004657e+03
2.576925920577617489e+03 2.016380000000004657e+03
2.590780361010830347e+03 2.237380000000004657e+03
2.604634801444043205e+03 2.292380000000004657e+03
2.618489241877256518e+03 2.128380000000004657e+03
2.632343682310469376e+03 2.932380000000004657e+03
2.646198122743682234e+03 8.893800000000046566e+02
2.660052563176895092e+03 1.862380000000004657e+03
2.673907003610108404e+03 1.805380000000004657e+03
2.687761444043321262e+03 5.338000000000465661e+01
2.701615884476534120e+03 4.823800000000046566e+02
2.715470324909747433e+03 5.380000000004656613e+00
2.729324765342960291e+03 -3.156199999999953434e+02
2.743179205776173148e+03 -2.161999999999534339e+01
2.757033646209386461e+03 -1.450619999999995343e+03
2.770888086642599319e+03 -4.216199999999953434e+02
2.784742527075812177e+03 -1.344619999999995343e+03
2.798596967509025490e+03 -1.171619999999995343e+03
2.812451407942238347e+03 -1.553619999999995343e+03
2.826305848375451205e+03 -1.493619999999995343e+03
2.840160288808664063e+03 -1.883619999999995343e+03
2.854014729241877376e+03 -3.966199999999953434e+02
2.867869169675090234e+03 -1.807619999999995343e+03
2.881723610108303092e+03 -1.134619999999995343e+03
2.895578050541516404e+03 -2.016619999999995343e+03
2.909432490974729262e+03 -1.578619999999995343e+03
2.923286931407942120e+03 -1.260619999999995343e+03
2.937141371841155433e+03 -1.571619999999995343e+03
2.950995812274368291e+03 -2.291619999999995343e+03
2.964850252707581149e+03 -2.207619999999995343e+03
2.978704693140794461e+03 -1.927619999999995343e+03
2.992559133574007319e+03 -1.400619999999995343e+03
3.006413574007220177e+03 -1.509619999999995343e+03
3.020268014440433035e+03 -2.012619999999995343e+03
3.034122454873646348e+03 -2.068619999999995343e+03
3.047976895306859205e+03 -1.996619999999995343e+03
3.061831335740072063e+03 -2.470619999999995343e+03
3.075685776173285376e+03 -8.346199999999953434e+02
3.089540216606498234e+03 -1.414619999999995343e+03
3.103394657039711092e+03 -2.114619999999995343e+03
3.117249097472924404e+03 -1.898619999999995343e+03
3.131103537906137262e+03 -1.839619999999995343e+03
3.144957978339350120e+03 -1.978619999999995343e+03
3.158812418772562978e+03 -1.516619999999995343e+03
3.172666859205776291e+03 -1.399619999999995343e+03
3.186521299638989149e+03 -2.521619999999995343e+03
3.200375740072202007e+03 -1.924619999999995343e+03
3.214230180505415319e+03 -1.408619999999995343e+03
3.228084620938628177e+03 -1.033619999999995343e+03
3.241939061371841035e+03 -1.694619999999995343e+03
3.255793501805054348e+03 -2.152619999999995343e+03
3.269647942238267206e+03 -1.179619999999995343e+03
3.283502382671480063e+03 -2.068619999999995343e+03
3.297356823104693376e+03 -1.497619999999995343e+03
3.311211263537906234e+03 -9.906199999999953434e+02
3.325065703971119092e+03 -1.076619999999995343e+03
3.338920144404331950e+03 -1.419619999999995343e+03
3.352774584837545262e+03 -1.520619999999995343e+03
3.366629025270758120e+03 -1.754619999999995343e+03
3.380483465703970978e+03 -1.553619999999995343e+03
3.394337906137184291e+03 -1.393619999999995343e+03
3.408192346570397149e+03 -1.561619999999995343e+03
3.422046787003610007e+03 -3.016199999999953434e+02
3.435901227436823319e+03 -1.685619999999995343e+03
3.449755667870036177e+03 -1.394619999999995343e+03
3.463610108303249035e+03 -1.709619999999995343e+03
3.477464548736461893e+03 -1.683619999999995343e+03
3.491318989169675206e+03 -1.625619999999995343e+03
3.505173429602888064e+03 -1.292619999999995343e+03
3.519027870036100921e+03 -8.356199999999953434e+02
3.532882310469314234e+03 -1.768619999999995343e+03
3.546736750902527092e+03 -2.247619999999995343e+03
3.560591191335739950e+03 -1.710619999999995343e+03
3.574445631768953263e+03 -2.251619999999995343e+03
3.588300072202166120e+03 -2.107619999999995343e+03
3.602154512635378978e+03 -1.271619999999995343e+03
3.616008953068592291e+03 -2.361999999999534339e+01
3.629863393501805149e+03 -9.516199999999953434e+02
3.643717833935018007e+03 -8.496199999999953434e+02
3.657572274368230865e+03 -7.566199999999953434e+02
3.671426714801444177e+03 -1.562619999999995343e+03
3.685281155234657035e+03 -1.640619999999995343e+03
3.699135595667869893e+03 -6.266199999999953434e+02
3.712990036101083206e+03 -1.070619999999995343e+03
3.726844476534296064e+03 2.143800000000046566e+02
3.740698916967508922e+03 -4.926199999999953434e+02
3.754553357400722234e+03 -1.028619999999995343e+03
3.768407797833935092e+03 4.533800000000046566e+02
3.782262238267147950e+03 -5.546199999999953434e+02
3.796116678700360808e+03 -1.270619999999995343e+03
3.809971119133574120e+03 -1.259619999999995343e+03
3.823825559566786978e+03 -5.746199999999953434e+02
3.837679999999999836e+03 -5.836199999999953434e+02
3.851534440433213149e+03 -7.956199999999953434e+02
3.865388880866426007e+03 -7.536199999999953434e+02
3.879243321299638865e+03 -1.338619999999995343e+03
3.893097761732852177e+03 -4.446199999999953434e+02
3.906952202166065035e+03 -1.419619999999995343e+03
3.920806642599277893e+03 -6.616199999999953434e+02
3.934661083032491206e+03 -4.226199999999953434e+02
3.948515523465704064e+03 -8.346199999999953434e+02
3.962369963898916922e+03 6.338000000000465661e+01
3.976224404332129780e+03 -1.142619999999995343e+03
3.990078844765343092e+03 -5.646199999999953434e+02
4.003933285198555950e+03 -5.176199999999953434e+02
4.017787725631768808e+03 -7.806199999999953434e+02
4.031642166064982121e+03 -9.176199999999953434e+02
4.045496606498194978e+03 -7.756199999999953434e+02
4.059351046931407836e+03 -1.206199999999953434e+02
4.073205487364621149e+03 -4.916199999999953434e+02
4.087059927797834007e+03 -9.506199999999953434e+02
4.100914368231046865e+03 -8.956199999999953434e+02
4.114768808664260177e+03 -1.266199999999953434e+02
4.128623249097472581e+03 5.463800000000046566e+02
4.142477689530685893e+03 -2.736199999999953434e+02
4.156332129963899206e+03 1.993800000000046566e+02
4.170186570397111609e+03 -5.061999999999534339e+01
4.184041010830324922e+03 -1.176199999999953434e+02
4.197895451263538234e+03 4.438000000000465661e+01
4.211749891696750637e+03 -1.056199999999953434e+02
4.225604332129963950e+03 -4.196199999999953434e+02
4.239458772563177263e+03 1.415380000000004657e+03
4.253313212996389666e+03 1.039380000000004657e+03
4.267167653429602979e+03 1.005380000000004657e+03
4.281022093862816291e+03 5.473800000000046566e+02
4.294876534296028694e+03 2.393800000000046566e+02
4.308730974729242007e+03 2.283800000000046566e+02
4.322585415162455320e+03 4.813800000000046566e+02
4.336439855595667723e+03 5.323800000000046566e+02
4.350294296028881035e+03 5.563800000000046566e+02
4.364148736462093439e+03 3.938000000000465661e+01
4.378003176895306751e+03 4.973800000000046566e+02
4.391857617328520064e+03 9.633800000000046566e+02
4.405712057761732467e+03 9.873800000000046566e+02
4.419566498194945780e+03 1.039380000000004657e+03
4.433420938628159092e+03 6.843800000000046566e+02
4.447275379061371495e+03 3.252380000000004657e+03
4.461129819494584808e+03 -1.619999999995343387e+00
4.474984259927798121e+03 2.803800000000046566e+02
4.488838700361010524e+03 7.873800000000046566e+02
4.502693140794223837e+03 -1.619999999995343387e+00
4.516547581227437149e+03 -6.461999999999534339e+01
4.530402021660649552e+03 1.094380000000004657e+03
4.544256462093862865e+03 8.213800000000046566e+02
4.558110902527076178e+03 5.593800000000046566e+02
4.571965342960288581e+03 5.493800000000046566e+02
4.585819783393501893e+03 1.230380000000004657e+03
4.599674223826715206e+03 5.933800000000046566e+02
4.613528664259927609e+03 1.022380000000004657e+03
4.627383104693140922e+03 4.713800000000046566e+02
4.641237545126354235e+03 2.973800000000046566e+02
4.655091985559566638e+03 1.562380000000004657e+03
4.668946425992779950e+03 1.974380000000004657e+03
4.682800866425992353e+03 7.413800000000046566e+02
4.696655306859205666e+03 8.673800000000046566e+02
4.710509747292418979e+03 1.621380000000004657e+03
4.724364187725631382e+03 7.103800000000046566e+02
4.738218628158844695e+03 1.033380000000004657e+03
4.752073068592058007e+03 2.463800000000046566e+02
4.765927509025270410e+03 1.345380000000004657e+03
4.779781949458483723e+03 6.893800000000046566e+02
4.793636389891697036e+03 -3.146199999999953434e+02
4.807490830324909439e+03 1.019380000000004657e+03
4.821345270758122751e+03 8.413800000000046566e+02
4.835199711191336064e+03 1.202380000000004657e+03
4.849054151624548467e+03 1.879380000000004657e+03
4.862908592057761780e+03 1.226380000000004657e+03
4.876763032490975093e+03 5.553800000000046566e+02
4.890617472924187496e+03 4.903800000000046566e+02
4.904471913357400808e+03 2.593800000000046566e+02
4.918326353790614121e+03 1.928380000000004657e+03
4.932180794223826524e+03 9.083800000000046566e+02
4.946035234657039837e+03 6.353800000000046566e+02
4.959889675090253149e+03 3.853800000000046566e+02
4.973744115523465553e+03 6.063800000000046566e+02
4.987598555956678865e+03 4.853800000000046566e+02
5.001452996389891268e+03 1.983800000000046566e+02
5.015307436823104581e+03 1.151380000000004657e+03
5.029161877256317894e+03 2.893800000000046566e+02
5.043016317689530297e+03 4.783800000000046566e+02
5.056870758122743609e+03 6.363800000000046566e+02
5.070725198555956922e+03 4.133800000000046566e+02
5.084579638989169325e+03 1.243800000000046566e+02
5.098434079422382638e+03 -7.156199999999953434e+02
5.112288519855595951e+03 -3.296199999999953434e+02
5.126142960288808354e+03 6.833800000000046566e+02
5.139997400722021666e+03 -1.386199999999953434e+02
5.153851841155234979e+03 8.223800000000046566e+02
5.167706281588447382e+03 -1.786199999999953434e+02
5.181560722021660695e+03 1.193380000000004657e+03
5.195415162454874007e+03 7.203800000000046566e+02
5.209269602888086411e+03 8.973800000000046566e+02
5.223124043321299723e+03 5.373800000000046566e+02
5.236978483754513036e+03 -5.863619999999995343e+03
5.250832924187725439e+03 -1.232461999999999534e+04
5.264687364620938752e+03 -1.231061999999999534e+04
5.278541805054152064e+03 -1.237861999999999534e+04
5.292396245487364467e+03 -1.249461999999999534e+04
5.306250685920577780e+03 -1.227361999999999534e+04
5.320105126353790183e+03 -1.256461999999999534e+04
5.333959566787003496e+03 -1.251461999999999534e+04
5.347814007220216808e+03 -1.252261999999999534e+04
5.361668447653429212e+03 -1.246561999999999534e+04
5.375522888086642524e+03 -1.258461999999999534e+04
5.389377328519855837e+03 -1.242761999999999534e+04
5.403231768953068240e+03 -1.218561999999999534e+04
5.417086209386281553e+03 -1.262161999999999534e+04
5.430940649819494865e+03 -1.226461999999999534e+04
5.444795090252707269e+03 -1.202261999999999534e+04
5.458649530685920581e+03 -1.233161999999999534e+04
5.472503971119133894e+03 -1.232361999999999534e+04
5.486358411552346297e+03 -1.248361999999999534e+04
5.500212851985559610e+03 -1.236561999999999534e+04
5.514067292418772922e+03 -1.235361999999999534e+04
5.527921732851985325e+03 -1.226261999999999534e+04
5.541776173285198638e+03 -1.240161999999999534e+04
5.555630613718411951e+03 -1.221261999999999534e+04
