-1.389267670250896117e+03 -8.930999999999767169e+02
-1.375512544802867524e+03 -6.494099999999976717e+03
-1.361757419354838930e+03 -7.541099999999976717e+03
-1.348002293906810110e+03 -8.079099999999976717e+03
-1.334247168458781516e+03 -8.690099999999976717e+03
-1.320492043010752695e+03 -8.830099999999976717e+03
-1.306736917562724102e+03 -9.051099999999976717e+03
-1.292981792114695509e+03 -9.315099999999976717e+03
-1.279226666666666688e+03 -9.728099999999976717e+03
-1.265471541218638095e+03 -9.680099999999976717e+03
-1.251716415770609501e+03 -1.004609999999997672e+04
-1.237961290322580680e+03 -1.015509999999997672e+04
-1.224206164874552087e+03 -5.137099999999976717e+03
-1.210451039426523494e+03 1.819000000000232831e+02
-1.196695913978494673e+03 -3.309999999997671694e+01
-1.182940788530466079e+03 -2.350999999999767169e+02
-1.169185663082437486e+03 -4.150999999999767169e+02
-1.155430537634408665e+03 6.199000000000232831e+02
-1.141675412186380072e+03 -5.890999999999767169e+02
-1.127920286738351251e+03 -6.700999999999767169e+02
-1.114165161290322658e+03 -4.040999999999767169e+02
-1.100410035842294064e+03 -1.900999999999767169e+02
-1.086654910394265244e+03 -3.840999999999767169e+02
-1.072899784946236650e+03 2.097900000000023283e+03
-1.059144659498208057e+03 2.866900000000023283e+03
-1.045389534050179236e+03 -3.560999999999767169e+02
-1.031634408602150643e+03 -7.309999999997671694e+01
-1.017879283154121936e+03 -1.685099999999976717e+03
-1.004124157706093229e+03 -6.830999999999767169e+02
-9.903690322580646352e+02 -1.502099999999976717e+03
-9.766139068100359282e+02 -6.290999999999767169e+02
-9.628587813620072211e+02 -1.076099999999976717e+03
-9.491036559139786277e+02 -1.148099999999976717e+03
-9.353485304659499207e+02 -1.330099999999976717e+03
-9.215934050179212136e+02 -1.724099999999976717e+03
-9.078382795698925065e+02 -9.050999999999767169e+02
-8.940831541218639131e+02 -8.760999999999767169e+02
-8.803280286738352061e+02 -1.131099999999976717e+03
-8.665729032258064990e+02 -3.380999999999767169e+02
-8.528177777777779056e+02 -1.839099999999976717e+03
-8.390626523297491985e+02 -8.960999999999767169e+02
-8.253075268817204915e+02 -1.104099999999976717e+03
-8.115524014336917844e+02 -2.680999999999767169e+02
-7.977972759856631910e+02 -8.220999999999767169e+02
-7.840421505376344840e+02 -1.023099999999976717e+03
-7.702870250896057769e+02 -6.510999999999767169e+02
-7.565318996415771835e+02 -8.190999999999767169e+02
-7.427767741935484764e+02 -3.050999999999767169e+02
-7.290216487455197694e+02 -1.303099999999976717e+03
-7.152665232974910623e+02 -1.008099999999976717e+03
-7.015113978494624689e+02 -1.781099999999976717e+03
-6.877562724014337618e+02 -1.897099999999976717e+03
-6.740011469534050548e+02 -1.440099999999976717e+03
-6.602460215053763477e+02 -3.570999999999767169e+02
-6.464908960573477543e+02 -1.040999999999767169e+02
-6.327357706093190473e+02 -1.022099999999976717e+03
-6.189806451612903402e+02 -1.290099999999976717e+03
-6.052255197132617468e+02 -1.461099999999976717e+03
-5.914703942652330397e+02 -1.076099999999976717e+03
-5.777152688172043327e+02 -1.256099999999976717e+03
-5.639601433691756256e+02 -1.497099999999976717e+03
-5.502050179211470322e+02 -7.050999999999767169e+02
-5.364498924731183251e+02 -1.098099999999976717e+03
-5.226947670250896181e+02 -9.570999999999767169e+02
-5.089396415770609678e+02 -1.660999999999767169e+02
-4.951845161290323176e+02 -7.360999999999767169e+02
-4.814293906810036106e+02 -1.550099999999976717e+03
-4.676742652329749603e+02 -1.019099999999976717e+03
-4.539191397849462533e+02 -1.492099999999976717e+03
-4.401640143369176030e+02 -9.650999999999767169e+02
-4.264088888888889528e+02 -1.096099999999976717e+03
-4.126537634408602457e+02 -1.756099999999976717e+03
-3.988986379928315955e+02 -1.068099999999976717e+03
-3.851435125448028884e+02 -3.660999999999767169e+02
-3.713883870967742382e+02 -1.440099999999976717e+03
-3.576332616487455311e+02 -1.204099999999976717e+03
-3.438781362007168809e+02 -1.109099999999976717e+03
-3.301230107526881739e+02 -5.350999999999767169e+02
-3.163678853046595236e+02 -1.154099999999976717e+03
-3.026127598566308734e+02 -9.920999999999767169e+02
-2.888576344086021663e+02 -9.670999999999767169e+02
-2.751025089605735161e+02 -1.659099999999976717e+03
-2.613473835125448090e+02 -1.018099999999976717e+03
-2.475922580645161588e+02 -9.830999999999767169e+02
-2.338371326164874802e+02 -1.318099999999976717e+03
-2.200820071684588015e+02 -1.199099999999976717e+03
-2.063268817204301229e+02 -1.240099999999976717e+03
-1.925717562724014442e+02 -1.434099999999976717e+03
-1.788166308243727656e+02 -9.300999999999767169e+02
-1.650615053763440869e+02 -7.420999999999767169e+02
-1.513063799283154367e+02 -8.850999999999767169e+02
-1.375512544802867581e+02 -1.187099999999976717e+03
-1.237961290322580794e+02 -6.560999999999767169e+02
-1.100410035842294008e+02 -5.150999999999767169e+02
-9.628587813620072211e+01 1.799000000000232831e+02
-8.253075268817204346e+01 1.565900000000023283e+03
-6.877562724014337903e+01 4.317900000000023283e+03
-5.502050179211470038e+01 1.011190000000002328e+04
-4.126537634408602173e+01 2.160190000000002328e+04
-2.751025089605735019e+01 4.146090000000002328e+04
-1.375512544802867509e+01 8.170390000000002328e+04
0.000000000000000000e+00 1.466539000000000233e+05
1.375512544802867509e+01 2.410329000000000233e+05
2.751025089605735019e+01 3.727839000000000233e+05
4.126537634408602173e+01 5.343679000000000233e+05
5.502050179211470038e+01 7.166789000000000233e+05
6.877562724014337903e+01 9.256719000000000233e+05
8.253075268817204346e+01 1.157942899999999907e+06
9.628587813620072211e+01 1.382509899999999907e+06
1.100410035842294008e+02 1.626014899999999907e+06
1.237961290322580794e+02 1.858784899999999907e+06
1.375512544802867581e+02 2.084032899999999907e+06
1.513063799283154367e+02 2.321164899999999907e+06
1.650615053763440869e+02 2.552680899999999907e+06
1.788166308243727656e+02 2.790685899999999907e+06
1.925717562724014442e+02 3.011579899999999907e+06
2.063268817204301229e+02 3.215265899999999907e+06
2.200820071684588015e+02 3.394951899999999907e+06
2.338371326164874802e+02 3.566032899999999907e+06
2.475922580645161588e+02 3.720970899999999907e+06
2.613473835125448090e+02 3.828722899999999907e+06
2.751025089605735161e+02 3.925315899999999907e+06
2.888576344086021663e+02 3.995672899999999907e+06
3.026127598566308734e+02 4.060380899999999907e+06
3.163678853046595236e+02 4.103111899999999907e+06
3.301230107526881739e+02 4.129848899999999907e+06
3.438781362007168809e+02 4.145196899999999907e+06
3.576332616487455311e+02 4.167404899999999907e+06
3.713883870967742382e+02 4.168670899999999907e+06
3.851435125448028884e+02 4.151367899999999907e+06
3.988986379928315955e+02 4.152430899999999907e+06
4.126537634408602457e+02 4.158733899999999907e+06
4.264088888888889528e+02 4.148710899999999907e+06
4.401640143369176030e+02 4.122673899999999907e+06
4.539191397849462533e+02 4.109977899999999907e+06
4.676742652329749603e+02 4.106695899999999907e+06
4.814293906810036106e+02 4.091370899999999907e+06
4.951845161290323176e+02 4.071312899999999907e+06
5.089396415770609678e+02 4.042126899999999907e+06
5.226947670250896181e+02 4.037296899999999907e+06
5.364498924731183251e+02 4.028599899999999907e+06
5.502050179211470322e+02 4.007340899999999907e+06
5.639601433691756256e+02 3.975355899999999907e+06
5.777152688172043327e+02 3.946348899999999907e+06
5.914703942652330397e+02 3.931874899999999907e+06
6.052255197132617468e+02 3.925857899999999907e+06
6.189806451612903402e+02 3.908392899999999907e+06
6.327357706093190473e+02 3.869137899999999907e+06
6.464908960573477543e+02 3.815089899999999907e+06
6.602460215053763477e+02 3.744385899999999907e+06
6.740011469534050548e+02 3.657526899999999907e+06
6.877562724014337618e+02 3.568579899999999907e+06
7.015113978494624689e+02 3.462154899999999907e+06
7.152665232974910623e+02 3.344617899999999907e+06
7.290216487455197694e+02 3.157018899999999907e+06
7.427767741935484764e+02 2.954020899999999907e+06
7.565318996415771835e+02 2.738758899999999907e+06
7.702870250896057769e+02 2.519870899999999907e+06
7.840421505376344840e+02 2.285157899999999907e+06
7.977972759856631910e+02 2.062453899999999907e+06
8.115524014336917844e+02 1.832849899999999907e+06
8.253075268817204915e+02 1.600445899999999907e+06
8.390626523297491985e+02 1.391682899999999907e+06
8.528177777777779056e+02 1.193580899999999907e+06
8.665729032258064990e+02 1.007340900000000023e+06
8.803280286738352061e+02 8.410039000000000233e+05
8.940831541218639131e+02 6.832849000000000233e+05
9.078382795698925065e+02 5.389149000000000233e+05
9.215934050179212136e+02 4.156199000000000233e+05
9.353485304659499207e+02 3.110949000000000233e+05
9.491036559139786277e+02 2.286709000000000233e+05
9.628587813620072211e+02 1.613369000000000233e+05
9.766139068100359282e+02 1.132529000000000233e+05
9.903690322580646352e+02 8.265090000000002328e+04
1.004124157706093229e+03 6.173190000000002328e+04
1.017879283154121936e+03 4.848890000000002328e+04
1.031634408602150643e+03 4.075090000000002328e+04
1.045389534050179236e+03 3.651190000000002328e+04
1.059144659498208057e+03 3.355290000000002328e+04
1.072899784946236650e+03 3.010290000000002328e+04
1.086654910394265244e+03 2.884590000000002328e+04
1.100410035842294064e+03 2.854290000000002328e+04
1.114165161290322658e+03 2.721590000000002328e+04
1.127920286738351251e+03 2.723290000000002328e+04
1.141675412186380072e+03 2.693190000000002328e+04
1.155430537634408665e+03 2.425390000000002328e+04
1.169185663082437486e+03 2.502690000000002328e+04
1.182940788530466079e+03 2.460090000000002328e+04
1.196695913978494673e+03 2.286790000000002328e+04
1.210451039426523494e+03 2.090390000000002328e+04
1.224206164874552087e+03 1.835390000000002328e+04
1.237961290322580680e+03 1.841190000000002328e+04
1.251716415770609501e+03 1.820690000000002328e+04
1.265471541218638095e+03 1.572490000000002328e+04
1.279226666666666688e+03 1.442390000000002328e+04
1.292981792114695509e+03 1.343490000000002328e+04
1.306736917562724102e+03 1.322690000000002328e+04
1.320492043010752695e+03 1.240490000000002328e+04
1.334247168458781516e+03 1.169990000000002328e+04
1.348002293906810110e+03 1.001290000000002328e+04
1.361757419354838930e+03 9.657900000000023283e+03
1.375512544802867524e+03 9.407900000000023283e+03
1.389267670250896117e+03 8.677900000000023283e+03
1.403022795698924938e+03 6.854900000000023283e+03
1.416777921146953531e+03 5.400900000000023283e+03
1.430533046594982125e+03 4.564900000000023283e+03
1.444288172043010945e+03 4.048900000000023283e+03
1.458043297491039539e+03 1.148590000000002328e+04
1.471798422939068132e+03 3.787900000000023283e+03
1.485553548387096953e+03 2.591900000000023283e+03
1.499308673835125546e+03 2.828900000000023283e+03
1.513063799283154367e+03 3.293900000000023283e+03
1.526818924731182960e+03 1.459900000000023283e+03
1.540574050179211554e+03 1.025900000000023283e+03
1.554329175627240375e+03 1.768900000000023283e+03
1.568084301075268968e+03 1.299000000000232831e+02
1.581839426523297561e+03 5.259000000000232831e+02
1.595594551971326382e+03 5.259000000000232831e+02
1.609349677419354975e+03 2.219000000000232831e+02
1.623104802867383569e+03 5.489000000000232831e+02
1.636859928315412390e+03 2.259000000000232831e+02
1.650615053763440983e+03 1.909000000000232831e+02
1.664370179211469576e+03 -5.810999999999767169e+02
1.678125304659498397e+03 -6.670999999999767169e+02
1.691880430107526990e+03 -8.400999999999767169e+02
1.705635555555555811e+03 -1.918099999999976717e+03
1.719390681003584405e+03 -1.545099999999976717e+03
1.733145806451612998e+03 2.139000000000232831e+02
1.746900931899641819e+03 -1.358099999999976717e+03
1.760656057347670412e+03 -6.980999999999767169e+02
1.774411182795699006e+03 -8.809999999997671694e+01
1.788166308243727826e+03 -1.770999999999767169e+02
1.801921433691756420e+03 -9.050999999999767169e+02
1.815676559139785013e+03 1.326590000000002328e+04
1.829431684587813834e+03 -3.940999999999767169e+02
1.843186810035842427e+03 -5.720999999999767169e+02
1.856941935483871248e+03 -1.233099999999976717e+03
1.870697060931899841e+03 -1.055099999999976717e+03
1.884452186379928435e+03 3.049000000000232831e+02
1.898207311827957255e+03 -1.545099999999976717e+03
1.911962437275985849e+03 -1.989099999999976717e+03
1.925717562724014442e+03 -1.793099999999976717e+03
1.939472688172043263e+03 -1.512099999999976717e+03
1.953227813620071856e+03 -2.007099999999976717e+03
1.966982939068100450e+03 -1.529099999999976717e+03
1.980738064516129270e+03 -1.662099999999976717e+03
1.994493189964157864e+03 -1.488099999999976717e+03
2.008248315412186457e+03 -1.430099999999976717e+03
2.022003440860215278e+03 -8.870999999999767169e+02
2.035758566308243871e+03 -1.533099999999976717e+03
2.049513691756272692e+03 -1.241099999999976717e+03
2.063268817204301286e+03 -1.070099999999976717e+03
2.077023942652329879e+03 -1.537099999999976717e+03
2.090779068100358472e+03 -1.667099999999976717e+03
2.104534193548387066e+03 -2.167099999999976717e+03
2.118289318996416114e+03 -1.696099999999976717e+03
2.132044444444444707e+03 -1.880999999999767169e+02
2.145799569892473301e+03 -2.090099999999976717e+03
2.159554695340501894e+03 -1.710099999999976717e+03
2.173309820788530487e+03 -1.775099999999976717e+03
2.187064946236559535e+03 -1.482099999999976717e+03
2.200820071684588129e+03 -1.038099999999976717e+03
2.214575197132616722e+03 -1.813099999999976717e+03
2.228330322580645316e+03 -8.890999999999767169e+02
2.242085448028673909e+03 -1.891099999999976717e+03
2.255840573476702502e+03 -1.694099999999976717e+03
2.269595698924731551e+03 -1.353099999999976717e+03
2.283350824372760144e+03 -1.609099999999976717e+03
2.297105949820788737e+03 -1.596099999999976717e+03
2.310861075268817331e+03 -1.965099999999976717e+03
2.324616200716845924e+03 -1.223099999999976717e+03
2.338371326164874972e+03 -2.200099999999976717e+03
2.352126451612903566e+03 -1.810099999999976717e+03
2.365881577060932159e+03 -1.579099999999976717e+03
2.379636702508960752e+03 -1.446099999999976717e+03
2.393391827956989346e+03 -6.400999999999767169e+02
2.407146953405017939e+03 -1.481099999999976717e+03
2.420902078853046987e+03 -2.247099999999976717e+03
2.434657204301075581e+03 -1.421099999999976717e+03
2.448412329749104174e+03 -2.165099999999976717e+03
2.462167455197132767e+03 -2.568099999999976717e+03
2.475922580645161361e+03 -1.635099999999976717e+03
2.489677706093190409e+03 -1.146099999999976717e+03
2.503432831541219002e+03 -1.569099999999976717e+03
2.517187956989247596e+03 -1.544099999999976717e+03
2.530943082437276189e+03 -6.240999999999767169e+02
2.544698207885304782e+03 -1.741099999999976717e+03
2.558453333333333376e+03 -1.460099999999976717e+03
2.572208458781362424e+03 -1.729099999999976717e+03
2.585963584229391017e+03 -2.014099999999976717e+03
2.599718709677419611e+03 -1.039099999999976717e+03
2.613473835125448204e+03 -1.276099999999976717e+03
2.627228960573476797e+03 -7.920999999999767169e+02
2.640984086021505391e+03 -8.650999999999767169e+02
2.654739211469534439e+03 -1.747099999999976717e+03
2.668494336917563032e+03 -1.895099999999976717e+03
2.682249462365591626e+03 -1.144099999999976717e+03
2.696004587813620219e+03 -1.102099999999976717e+03
2.709759713261648812e+03 -1.242099999999976717e+03
2.723514838709677861e+03 -1.499099999999976717e+03
2.737269964157706454e+03 -2.254099999999976717e+03
2.751025089605735047e+03 -1.793099999999976717e+03
2.764780215053763641e+03 -2.299099999999976717e+03
2.778535340501792234e+03 -1.551099999999976717e+03
2.792290465949820828e+03 -2.322099999999976717e+03
2.806045591397849876e+03 -2.082099999999976717e+03
2.819800716845878469e+03 -1.252099999999976717e+03
2.833555842293907062e+03 -1.448099999999976717e+03
2.847310967741935656e+03 -1.877099999999976717e+03
2.861066093189964249e+03 -1.954099999999976717e+03
2.874821218637993297e+03 -1.410099999999976717e+03
2.888576344086021891e+03 -1.782099999999976717e+03
2.902331469534050484e+03 -2.124099999999976717e+03
2.916086594982079077e+03 -2.058099999999976717e+03
2.929841720430107671e+03 -1.734099999999976717e+03
2.943596845878136264e+03 -2.176099999999976717e+03
2.957351971326165312e+03 -1.025099999999976717e+03
2.971107096774193906e+03 -1.276099999999976717e+03
2.984862222222222499e+03 -2.249099999999976717e+03
2.998617347670251092e+03 -1.834099999999976717e+03
3.012372473118279686e+03 -1.915099999999976717e+03
3.026127598566308734e+03 -2.699099999999976717e+03
3.039882724014337327e+03 -2.387099999999976717e+03
3.053637849462365921e+03 -2.383099999999976717e+03
3.067392974910394514e+03 -2.263099999999976717e+03
3.081148100358423108e+03 -2.597099999999976717e+03
3.094903225806451701e+03 -1.592099999999976717e+03
3.108658351254480749e+03 -2.106099999999976717e+03
3.122413476702509342e+03 -2.188099999999976717e+03
3.136168602150537936e+03 -2.311099999999976717e+03
3.149923727598566529e+03 -1.837099999999976717e+03
3.163678853046595123e+03 -1.955099999999976717e+03
3.177433978494624171e+03 -3.019099999999976717e+03
3.191189103942652764e+03 -1.218099999999976717e+03
3.204944229390681357e+03 -2.549099999999976717e+03
3.218699354838709951e+03 -1.616099999999976717e+03
3.232454480286738544e+03 -3.080999999999767169e+02
3.246209605734767138e+03 -1.230099999999976717e+03
3.259964731182796186e+03 -4.570999999999767169e+02
3.273719856630824779e+03 -8.530999999999767169e+02
3.287474982078853373e+03 -1.402099999999976717e+03
3.301230107526881966e+03 -1.374099999999976717e+03
3.314985232974910559e+03 -2.129099999999976717e+03
3.328740358422939153e+03 -1.815099999999976717e+03
3.342495483870968201e+03 -1.115099999999976717e+03
3.356250609318996794e+03 -2.125099999999976717e+03
3.370005734767025388e+03 -8.030999999999767169e+02
3.383760860215053981e+03 -1.564099999999976717e+03
3.397515985663082574e+03 -1.508099999999976717e+03
3.411271111111111622e+03 -1.943099999999976717e+03
3.425026236559140216e+03 -1.968099999999976717e+03
3.438781362007168809e+03 -2.256099999999976717e+03
3.452536487455197403e+03 -1.397099999999976717e+03
3.466291612903225996e+03 -1.467099999999976717e+03
3.480046738351254589e+03 -1.466099999999976717e+03
3.493801863799283637e+03 -2.170099999999976717e+03
3.507556989247312231e+03 -1.532099999999976717e+03
3.521312114695340824e+03 -7.820999999999767169e+02
3.535067240143369418e+03 -1.392099999999976717e+03
3.548822365591398011e+03 -2.059099999999976717e+03
3.562577491039427059e+03 -2.016099999999976717e+03
3.576332616487455653e+03 -1.798099999999976717e+03
3.590087741935484246e+03 -1.242099999999976717e+03
3.603842867383512839e+03 -7.800999999999767169e+02
3.617597992831541433e+03 -1.342099999999976717e+03
3.631353118279570026e+03 -2.024099999999976717e+03
3.645108243727599074e+03 -1.545099999999976717e+03
3.658863369175627668e+03 -1.615099999999976717e+03
3.672618494623656261e+03 -7.700999999999767169e+02
3.686373620071684854e+03 -8.430999999999767169e+02
3.700128745519713448e+03 -1.786099999999976717e+03
3.713883870967742496e+03 -1.792099999999976717e+03
3.727638996415771089e+03 -1.423099999999976717e+03
3.741394121863799683e+03 -1.883099999999976717e+03
3.755149247311828276e+03 -1.308099999999976717e+03
3.768904372759856869e+03 -7.800999999999767169e+02
3.782659498207885463e+03 -1.409099999999976717e+03
3.796414623655914511e+03 -1.776099999999976717e+03
3.810169749103943104e+03 -1.533099999999976717e+03
3.823924874551971698e+03 -1.089099999999976717e+03
3.837680000000000291e+03 -1.205099999999976717e+03
3.851435125448028884e+03 -1.250099999999976717e+03
3.865190250896057478e+03 -9.100999999999767169e+02
3.878945376344086526e+03 -1.094099999999976717e+03
3.892700501792115119e+03 -1.179099999999976717e+03
3.906455627240143713e+03 -8.430999999999767169e+02
3.920210752688172306e+03 -6.480999999999767169e+02
3.933965878136200899e+03 -5.160999999999767169e+02
3.947721003584229948e+03 -2.290999999999767169e+02
3.961476129032258541e+03 -7.660999999999767169e+02
3.975231254480287134e+03 -1.021099999999976717e+03
3.988986379928315728e+03 -1.268099999999976717e+03
4.002741505376344321e+03 -1.301099999999976717e+03
4.016496630824372915e+03 -3.980999999999767169e+02
4.030251756272401963e+03 -7.340999999999767169e+02
4.044006881720430556e+03 -1.397099999999976717e+03
4.057762007168459149e+03 -1.154099999999976717e+03
4.071517132616487743e+03 -1.578099999999976717e+03
4.085272258064516336e+03 -1.745099999999976717e+03
4.099027383512545384e+03 -1.140099999999976717e+03
4.112782508960573978e+03 -1.083099999999976717e+03
4.126537634408602571e+03 -1.987099999999976717e+03
4.140292759856631164e+03 -1.648099999999976717e+03
4.154047885304659758e+03 -1.543099999999976717e+03
4.167803010752688351e+03 -1.751099999999976717e+03
4.181558136200716945e+03 -9.740999999999767169e+02
4.195313261648745538e+03 -1.152099999999976717e+03
4.209068387096774131e+03 -1.036099999999976717e+03
4.222823512544803634e+03 -1.437099999999976717e+03
4.236578637992832228e+03 -9.050999999999767169e+02
4.250333763440860821e+03 -9.780999999999767169e+02
4.264088888888889414e+03 -1.265099999999976717e+03
4.277844014336918008e+03 -1.268099999999976717e+03
4.291599139784946601e+03 -1.320099999999976717e+03
4.305354265232975195e+03 -1.693099999999976717e+03
4.319109390681003788e+03 -2.160999999999767169e+02
4.332864516129032381e+03 1.269000000000232831e+02
4.346619641577060975e+03 -1.180099999999976717e+03
4.360374767025089568e+03 -3.750999999999767169e+02
4.374129892473119071e+03 -7.870999999999767169e+02
4.387885017921147664e+03 -1.467099999999976717e+03
4.401640143369176258e+03 -1.304099999999976717e+03
4.415395268817204851e+03 -7.680999999999767169e+02
4.429150394265233444e+03 -7.280999999999767169e+02
4.442905519713262038e+03 -6.950999999999767169e+02
4.456660645161290631e+03 -8.260999999999767169e+02
4.470415770609319225e+03 -1.308099999999976717e+03
4.484170896057347818e+03 -4.080999999999767169e+02
4.497926021505376411e+03 -1.374099999999976717e+03
4.511681146953405005e+03 -2.530999999999767169e+02
4.525436272401434508e+03 2.319000000000232831e+02
4.539191397849463101e+03 -1.079099999999976717e+03
4.552946523297491694e+03 4.479000000000232831e+02
4.566701648745520288e+03 -2.190999999999767169e+02
4.580456774193548881e+03 -6.680999999999767169e+02
4.594211899641577475e+03 -6.550999999999767169e+02
4.607967025089606068e+03 -1.067099999999976717e+03
4.621722150537634661e+03 -9.290999999999767169e+02
4.635477275985663255e+03 -7.890999999999767169e+02
4.649232401433691848e+03 1.659000000000232831e+02
4.662987526881720441e+03 -8.570999999999767169e+02
4.676742652329749944e+03 -1.050099999999976717e+03
4.690497777777778538e+03 -8.430999999999767169e+02
4.704252903225807131e+03 2.899000000000232831e+02
4.718008028673835724e+03 6.009000000000232831e+02
4.731763154121864318e+03 -3.540999999999767169e+02
4.745518279569892911e+03 -1.460999999999767169e+02
4.759273405017921505e+03 -1.570999999999767169e+02
4.773028530465950098e+03 -5.980999999999767169e+02
4.786783655913978691e+03 1.349000000000232831e+02
4.800538781362007285e+03 -7.209999999997671694e+01
4.814293906810035878e+03 3.190000000002328306e+01
4.828049032258065381e+03 1.424900000000023283e+03
4.841804157706093974e+03 9.000000000232830644e-01
4.855559283154122568e+03 1.249000000000232831e+02
4.869314408602151161e+03 3.479000000000232831e+02
4.883069534050179755e+03 1.989000000000232831e+02
4.896824659498208348e+03 3.689000000000232831e+02
4.910579784946236941e+03 9.990000000002328306e+01
4.924334910394265535e+03 5.209000000000232831e+02
4.938090035842294128e+03 7.739000000000232831e+02
4.951845161290322721e+03 3.479000000000232831e+02
4.965600286738351315e+03 1.739000000000232831e+02
4.979355412186380818e+03 7.509000000000232831e+02
4.993110537634409411e+03 1.799000000000232831e+02
5.006865663082438004e+03 -2.930999999999767169e+02
5.020620788530466598e+03 1.399000000000232831e+02
5.034375913978495191e+03 3.342900000000023283e+03
5.048131039426523785e+03 1.569000000000232831e+02
5.061886164874552378e+03 7.089000000000232831e+02
5.075641290322580971e+03 2.689000000000232831e+02
5.089396415770609565e+03 3.829000000000232831e+02
5.103151541218638158e+03 -9.309999999997671694e+01
5.116906666666666752e+03 8.289000000000232831e+02
5.130661792114696254e+03 4.069000000000232831e+02
5.144416917562724848e+03 8.419000000000232831e+02
5.158172043010753441e+03 8.579000000000232831e+02
5.171927168458782035e+03 1.715900000000023283e+03
5.185682293906810628e+03 1.118900000000023283e+03
5.199437419354839221e+03 1.370900000000023283e+03
5.213192544802867815e+03 1.031900000000023283e+03
5.226947670250896408e+03 7.859000000000232831e+02
5.240702795698925001e+03 2.162900000000023283e+03
5.254457921146953595e+03 1.624900000000023283e+03
5.268213046594982188e+03 3.489000000000232831e+02
5.281968172043010782e+03 8.049000000000232831e+02
5.295723297491040285e+03 1.831900000000023283e+03
5.309478422939068878e+03 1.123900000000023283e+03
5.323233548387097471e+03 1.104900000000023283e+03
5.336988673835126065e+03 4.749000000000232831e+02
5.350743799283154658e+03 1.839900000000023283e+03
5.364498924731183251e+03 3.979000000000232831e+02
5.378254050179211845e+03 2.949000000000232831e+02
5.392009175627240438e+03 8.959000000000232831e+02
5.405764301075269032e+03 1.163900000000023283e+03
5.419519426523297625e+03 6.119000000000232831e+02
5.433274551971326218e+03 2.385900000000023283e+03
5.447029677419355721e+03 1.115900000000023283e+03
5.460784802867384315e+03 7.329000000000232831e+02
5.474539928315412908e+03 1.382900000000023283e+03
5.488295053763441501e+03 6.939000000000232831e+02
5.502050179211470095e+03 8.179000000000232831e+02
5.515805304659498688e+03 6.609000000000232831e+02
5.529560430107527282e+03 5.109000000000232831e+02
5.543315555555555875e+03 6.799000000000232831e+02
5.557070681003584468e+03 9.829000000000232831e+02
5.570825806451613062e+03 7.199000000000232831e+02
5.584580931899641655e+03 2.149000000000232831e+02
5.598336057347671158e+03 1.487900000000023283e+03
5.612091182795699751e+03 1.554900000000023283e+03
5.625846308243728345e+03 1.671900000000023283e+03
5.639601433691756938e+03 1.375900000000023283e+03
5.653356559139785531e+03 7.329000000000232831e+02
5.667111684587814125e+03 9.859000000000232831e+02
5.680866810035842718e+03 5.339000000000232831e+02
5.694621935483871312e+03 1.043900000000023283e+03
5.708377060931899905e+03 1.846900000000023283e+03
5.722132186379928498e+03 1.072900000000023283e+03
5.735887311827957092e+03 1.409900000000023283e+03
5.749642437275986595e+03 9.649000000000232831e+02
5.763397562724015188e+03 7.299000000000232831e+02
5.777152688172043781e+03 4.639000000000232831e+02
5.790907813620072375e+03 4.539000000000232831e+02
5.804662939068100968e+03 8.759000000000232831e+02
5.818418064516129562e+03 -5.061099999999976717e+03
5.832173189964158155e+03 -1.177609999999997672e+04
5.845928315412186748e+03 -1.179409999999997672e+04
5.859683440860215342e+03 -1.172809999999997672e+04
5.873438566308243935e+03 -1.189209999999997672e+04
5.887193691756272528e+03 -1.191009999999997672e+04
5.900948817204302031e+03 -1.187509999999997672e+04
5.914703942652330625e+03 -1.191109999999997672e+04
5.928459068100359218e+03 -1.192209999999997672e+04
5.942214193548387811e+03 -1.181109999999997672e+04
5.955969318996416405e+03 -1.202509999999997672e+04
5.969724444444444998e+03 -1.182109999999997672e+04
5.983479569892473592e+03 -1.195609999999997672e+04
5.997234695340502185e+03 -1.188809999999997672e+04
6.010989820788530778e+03 -1.192409999999997672e+04
6.024744946236559372e+03 -1.196009999999997672e+04
6.038500071684587965e+03 -1.189909999999997672e+04
6.052255197132617468e+03 -1.180609999999997672e+04
6.066010322580646061e+03 -1.189809999999997672e+04
6.079765448028674655e+03 -1.182109999999997672e+04
6.093520573476703248e+03 -1.175809999999997672e+04
6.107275698924731842e+03 -1.179609999999997672e+04
6.121030824372760435e+03 -1.202609999999997672e+04
6.134785949820789028e+03 -1.165209999999997672e+04
