-2.322074492753622962e+03 3.797399999999906868e+02
-2.308169855072463633e+03 -5.074260000000009313e+03
-2.294265217391304304e+03 -6.321260000000009313e+03
-2.280360579710144975e+03 -7.035260000000009313e+03
-2.266455942028985191e+03 -7.537260000000009313e+03
-2.252551304347825862e+03 -7.718260000000009313e+03
-2.238646666666666533e+03 -8.306260000000009313e+03
-2.224742028985507204e+03 -8.292260000000009313e+03
-2.210837391304347875e+03 -8.521260000000009313e+03
-2.196932753623188091e+03 -8.906260000000009313e+03
-2.183028115942028762e+03 -8.805260000000009313e+03
-2.169123478260869433e+03 -9.001260000000009313e+03
-2.155218840579710104e+03 -4.165260000000009313e+03
-2.141314202898550775e+03 6.027399999999906868e+02
-2.127409565217390991e+03 1.057399999999906868e+02
-2.113504927536231662e+03 -1.312600000000093132e+02
-2.099600289855072333e+03 1.217399999999906868e+02
-2.085695652173913004e+03 8.197399999999906868e+02
-2.071791014492753675e+03 -2.892600000000093132e+02
-2.057886376811593891e+03 1.127399999999906868e+02
-2.043981739130434789e+03 5.373999999999068677e+01
-2.030077101449275233e+03 -5.422600000000093132e+02
-2.016172463768115904e+03 -6.262600000000093132e+02
-2.002267826086956347e+03 2.342739999999990687e+03
-1.988363188405797018e+03 -9.822600000000093132e+02
-1.974458550724637689e+03 -4.522600000000093132e+02
-1.960553913043478133e+03 2.727399999999906868e+02
-1.946649275362318804e+03 -1.333260000000009313e+03
-1.932744637681159247e+03 -5.292600000000093132e+02
-1.918839999999999918e+03 -8.012600000000093132e+02
-1.904935362318840589e+03 -7.122600000000093132e+02
-1.891030724637681033e+03 -8.242600000000093132e+02
-1.877126086956521704e+03 -1.199260000000009313e+03
-1.863221449275362147e+03 -1.475260000000009313e+03
-1.849316811594202818e+03 -1.723260000000009313e+03
-1.835412173913043489e+03 -1.069260000000009313e+03
-1.821507536231883932e+03 -7.312600000000093132e+02
-1.807602898550724603e+03 -1.028260000000009313e+03
-1.793698260869565047e+03 -4.052600000000093132e+02
-1.779793623188405718e+03 -1.470260000000009313e+03
-1.765888985507246389e+03 -9.102600000000093132e+02
-1.751984347826086832e+03 -9.512600000000093132e+02
-1.738079710144927503e+03 -5.042600000000093132e+02
-1.724175072463767947e+03 -8.242600000000093132e+02
-1.710270434782608618e+03 -7.122600000000093132e+02
-1.696365797101449289e+03 -7.402600000000093132e+02
-1.682461159420289732e+03 -1.141260000000009313e+03
-1.668556521739130403e+03 -9.142600000000093132e+02
-1.654651884057970847e+03 -1.206260000000009313e+03
-1.640747246376811518e+03 -1.002260000000009313e+03
-1.626842608695652189e+03 -1.047260000000009313e+03
-1.612937971014492632e+03 -1.596260000000009313e+03
-1.599033333333333303e+03 -1.449260000000009313e+03
-1.585128695652173747e+03 -8.052600000000093132e+02
-1.571224057971014417e+03 -2.626000000000931323e+01
-1.557319420289855088e+03 -1.650260000000009313e+03
-1.543414782608695532e+03 -8.582600000000093132e+02
-1.529510144927536203e+03 -1.295260000000009313e+03
-1.515605507246376646e+03 -1.054260000000009313e+03
-1.501700869565217317e+03 -1.455260000000009313e+03
-1.487796231884057988e+03 -1.364260000000009313e+03
-1.473891594202898432e+03 -7.482600000000093132e+02
-1.459986956521739103e+03 -1.126260000000009313e+03
-1.446082318840579546e+03 -6.912600000000093132e+02
-1.432177681159420217e+03 -9.312600000000093132e+02
-1.418273043478260888e+03 -5.352600000000093132e+02
-1.404368405797101332e+03 -1.498260000000009313e+03
-1.390463768115942003e+03 -9.202600000000093132e+02
-1.376559130434782446e+03 -1.484260000000009313e+03
-1.362654492753623117e+03 -1.151260000000009313e+03
-1.348749855072463788e+03 -1.415260000000009313e+03
-1.334845217391304232e+03 -1.911260000000009313e+03
-1.320940579710144902e+03 -4.352600000000093132e+02
-1.307035942028985346e+03 -8.102600000000093132e+02
-1.293131304347826017e+03 -1.425260000000009313e+03
-1.279226666666666688e+03 -1.471260000000009313e+03
-1.265322028985507131e+03 -1.120260000000009313e+03
-1.251417391304347802e+03 -9.742600000000093132e+02
-1.237512753623188246e+03 -1.268260000000009313e+03
-1.223608115942028917e+03 -1.038260000000009313e+03
-1.209703478260869588e+03 -1.019260000000009313e+03
-1.195798840579710031e+03 -1.870260000000009313e+03
-1.181894202898550702e+03 -6.372600000000093132e+02
-1.167989565217391146e+03 1.547739999999990687e+03
-1.154084927536231817e+03 4.867399999999906868e+02
-1.140180289855072488e+03 -1.559260000000009313e+03
-1.126275652173912931e+03 -1.640260000000009313e+03
-1.112371014492753602e+03 -1.879260000000009313e+03
-1.098466376811594046e+03 -9.872600000000093132e+02
-1.084561739130434717e+03 -1.683260000000009313e+03
-1.070657101449275387e+03 -1.657260000000009313e+03
-1.056752463768115831e+03 -1.545260000000009313e+03
-1.042847826086956502e+03 -1.286260000000009313e+03
-1.028943188405796946e+03 -1.705260000000009313e+03
-1.015038550724637616e+03 -1.907260000000009313e+03
-1.001133913043478174e+03 -1.622260000000009313e+03
-9.872292753623188446e+02 -1.443260000000009313e+03
-9.733246376811594018e+02 -1.052260000000009313e+03
-9.594199999999999591e+02 -1.051260000000009313e+03
-9.455153623188405163e+02 -1.378260000000009313e+03
-9.316107246376810735e+02 -8.372600000000093132e+02
-9.177060869565217445e+02 -2.055260000000009313e+03
-9.038014492753623017e+02 -1.142260000000009313e+03
-8.898968115942028589e+02 -1.522260000000009313e+03
-8.759921739130434162e+02 -1.616260000000009313e+03
-8.620875362318839734e+02 -1.465260000000009313e+03
-8.481828985507246443e+02 -1.382260000000009313e+03
-8.342782608695652016e+02 -1.773260000000009313e+03
-8.203736231884057588e+02 -2.161260000000009313e+03
-8.064689855072463160e+02 -1.210260000000009313e+03
-7.925643478260868733e+02 -1.877260000000009313e+03
-7.786597101449275442e+02 -1.806260000000009313e+03
-7.647550724637681014e+02 -1.690260000000009313e+03
-7.508504347826086587e+02 -2.555260000000009313e+03
-7.369457971014492159e+02 -1.953260000000009313e+03
-7.230411594202897732e+02 -2.491260000000009313e+03
-7.091365217391304441e+02 -2.365260000000009313e+03
-6.952318840579710013e+02 -2.297260000000009313e+03
-6.813272463768115585e+02 -1.047260000000009313e+03
-6.674226086956521158e+02 -2.026260000000009313e+03
-6.535179710144926730e+02 -2.125260000000009313e+03
-6.396133333333333439e+02 -2.105260000000009313e+03
-6.257086956521739012e+02 -1.798260000000009313e+03
-6.118040579710144584e+02 -2.022260000000009313e+03
-5.978994202898550157e+02 -1.292260000000009313e+03
-5.839947826086955729e+02 -1.671260000000009313e+03
-5.700901449275362438e+02 -1.573260000000009313e+03
-5.561855072463768010e+02 -1.922260000000009313e+03
-5.422808695652173583e+02 -1.383260000000009313e+03
-5.283762318840579155e+02 -1.826260000000009313e+03
-5.144715942028984728e+02 -1.985260000000009313e+03
-5.005669565217390868e+02 -2.281260000000009313e+03
-4.866623188405797009e+02 -2.111260000000009313e+03
-4.727576811594202582e+02 -2.160260000000009313e+03
-4.588530434782608722e+02 -1.230260000000009313e+03
-4.449484057971014295e+02 -1.611260000000009313e+03
-4.310437681159419867e+02 -2.126260000000009313e+03
-4.171391304347826008e+02 -1.937260000000009313e+03
-4.032344927536231580e+02 -2.112260000000009313e+03
-3.893298550724637721e+02 -2.014260000000009313e+03
-3.754252173913043293e+02 -1.861260000000009313e+03
-3.615205797101448866e+02 -1.256260000000009313e+03
-3.476159420289855007e+02 -1.821260000000009313e+03
-3.337113043478260579e+02 -2.264260000000009313e+03
-3.198066666666666720e+02 -2.132260000000009313e+03
-3.059020289855072292e+02 -1.550260000000009313e+03
-2.919973913043477864e+02 -1.685260000000009313e+03
-2.780927536231884005e+02 -2.017260000000009313e+03
-2.641881159420289578e+02 -2.194260000000009313e+03
-2.502834782608695434e+02 -2.052260000000009313e+03
-2.363788405797101291e+02 -1.044260000000009313e+03
-2.224742028985507147e+02 -2.184260000000009313e+03
-2.085695652173913004e+02 -1.256260000000009313e+03
-1.946649275362318861e+02 -1.967260000000009313e+03
-1.807602898550724433e+02 -1.703260000000009313e+03
-1.668556521739130289e+02 -1.671260000000009313e+03
-1.529510144927536146e+02 -1.272260000000009313e+03
-1.390463768115942003e+02 -1.522260000000009313e+03
-1.251417391304347717e+02 -1.875260000000009313e+03
-1.112371014492753574e+02 -1.499260000000009313e+03
-9.733246376811594303e+01 -1.498260000000009313e+03
-8.342782608695651447e+01 -1.138260000000009313e+03
-6.952318840579710013e+01 -6.302600000000093132e+02
-5.561855072463767868e+01 5.117399999999906868e+02
-4.171391304347825724e+01 2.090739999999990687e+03
-2.780927536231883934e+01 7.518739999999990687e+03
-1.390463768115941967e+01 2.092373999999999069e+04
0.000000000000000000e+00 4.680773999999999069e+04
1.390463768115941967e+01 9.081373999999999069e+04
2.780927536231883934e+01 1.604987399999999907e+05
4.171391304347825724e+01 2.608827399999999907e+05
5.561855072463767868e+01 4.042487399999999907e+05
6.952318840579710013e+01 5.855007399999999907e+05
8.342782608695651447e+01 7.895187399999999907e+05
9.733246376811594303e+01 9.995717399999999907e+05
1.112371014492753574e+02 1.207280739999999991e+06
1.251417391304347717e+02 1.406919739999999991e+06
1.390463768115942003e+02 1.574722739999999991e+06
1.529510144927536146e+02 1.701143739999999991e+06
1.668556521739130289e+02 1.788318739999999991e+06
1.807602898550724433e+02 1.824083739999999991e+06
1.946649275362318861e+02 1.819352739999999991e+06
2.085695652173913004e+02 1.798633739999999991e+06
2.224742028985507147e+02 1.744854739999999991e+06
2.363788405797101291e+02 1.653511739999999991e+06
2.502834782608695434e+02 1.536774739999999991e+06
2.641881159420289578e+02 1.411926739999999991e+06
2.780927536231884005e+02 1.278311739999999991e+06
2.919973913043477864e+02 1.140345739999999991e+06
3.059020289855072292e+02 1.001717739999999991e+06
3.198066666666666720e+02 8.578367399999999907e+05
3.337113043478260579e+02 7.056767399999999907e+05
3.476159420289855007e+02 5.572437399999999907e+05
3.615205797101448866e+02 4.167507399999999907e+05
3.754252173913043293e+02 2.969727399999999907e+05
3.893298550724637721e+02 2.017247399999999907e+05
4.032344927536231580e+02 1.306107399999999907e+05
4.171391304347826008e+02 7.888973999999999069e+04
4.310437681159419867e+02 4.568073999999999069e+04
4.449484057971014295e+02 2.447973999999999069e+04
4.588530434782608722e+02 1.407673999999999069e+04
4.727576811594202582e+02 8.921739999999990687e+03
4.866623188405797009e+02 5.841739999999990687e+03
5.005669565217390868e+02 4.802739999999990687e+03
5.144715942028984728e+02 5.342739999999990687e+03
5.283762318840579155e+02 4.669739999999990687e+03
5.422808695652173583e+02 4.756739999999990687e+03
5.561855072463768010e+02 5.153739999999990687e+03
5.700901449275362438e+02 5.387739999999990687e+03
5.839947826086955729e+02 5.981739999999990687e+03
5.978994202898550157e+02 6.671739999999990687e+03
6.118040579710144584e+02 7.906739999999990687e+03
6.257086956521739012e+02 6.888739999999990687e+03
6.396133333333333439e+02 6.796739999999990687e+03
6.535179710144926730e+02 8.679739999999990687e+03
6.674226086956521158e+02 8.130739999999990687e+03
6.813272463768115585e+02 8.239739999999990687e+03
6.952318840579710013e+02 6.748739999999990687e+03
7.091365217391304441e+02 6.820739999999990687e+03
7.230411594202897732e+02 6.818739999999990687e+03
7.369457971014492159e+02 6.928739999999990687e+03
7.508504347826086587e+02 5.544739999999990687e+03
7.647550724637681014e+02 4.291739999999990687e+03
7.786597101449275442e+02 3.770739999999990687e+03
7.925643478260868733e+02 3.383739999999990687e+03
8.064689855072463160e+02 3.119739999999990687e+03
8.203736231884057588e+02 3.875739999999990687e+03
8.342782608695652016e+02 4.003739999999990687e+03
8.481828985507246443e+02 4.091739999999990687e+03
8.620875362318839734e+02 4.658739999999990687e+03
8.759921739130434162e+02 4.382739999999990687e+03
8.898968115942028589e+02 3.246739999999990687e+03
9.038014492753623017e+02 2.280739999999990687e+03
9.177060869565217445e+02 1.872739999999990687e+03
9.316107246376810735e+02 8.739999999990686774e+00
9.455153623188405163e+02 1.217739999999990687e+03
9.594199999999999591e+02 8.097399999999906868e+02
9.733246376811594018e+02 4.127399999999906868e+02
9.872292753623188446e+02 1.684739999999990687e+03
1.001133913043478174e+03 -2.832600000000093132e+02
1.015038550724637616e+03 -9.526000000000931323e+01
1.028943188405796946e+03 1.477399999999906868e+02
1.042847826086956502e+03 5.787399999999906868e+02
1.056752463768115831e+03 6.873999999999068677e+01
1.070657101449275387e+03 -4.032600000000093132e+02
1.084561739130434717e+03 -5.242600000000093132e+02
1.098466376811594046e+03 -1.385260000000009313e+03
1.112371014492753602e+03 -1.810260000000009313e+03
1.126275652173912931e+03 -5.912600000000093132e+02
1.140180289855072488e+03 -1.861260000000009313e+03
1.154084927536231817e+03 -1.416260000000009313e+03
1.167989565217391146e+03 -1.329260000000009313e+03
1.181894202898550702e+03 -1.457260000000009313e+03
1.195798840579710031e+03 -1.653260000000009313e+03
1.209703478260869588e+03 -1.976260000000009313e+03
1.223608115942028917e+03 -1.323260000000009313e+03
1.237512753623188246e+03 -1.592600000000093132e+02
1.251417391304347802e+03 -1.610260000000009313e+03
1.265322028985507131e+03 -1.375260000000009313e+03
1.279226666666666688e+03 -1.970260000000009313e+03
1.293131304347826017e+03 -1.767260000000009313e+03
1.307035942028985346e+03 -9.432600000000093132e+02
1.320940579710144902e+03 -1.663260000000009313e+03
1.334845217391304232e+03 -6.632600000000093132e+02
1.348749855072463788e+03 -1.797260000000009313e+03
1.362654492753623117e+03 -2.165260000000009313e+03
1.376559130434782446e+03 -1.955260000000009313e+03
1.390463768115942003e+03 -1.717260000000009313e+03
1.404368405797101332e+03 -1.525260000000009313e+03
1.418273043478260888e+03 -1.596260000000009313e+03
1.432177681159420217e+03 -1.100260000000009313e+03
1.446082318840579546e+03 -1.733260000000009313e+03
1.459986956521739103e+03 -1.597260000000009313e+03
1.473891594202898432e+03 -1.412260000000009313e+03
1.487796231884057988e+03 -1.376260000000009313e+03
1.501700869565217317e+03 -9.422600000000093132e+02
1.515605507246376646e+03 -9.682600000000093132e+02
1.529510144927536203e+03 -1.749260000000009313e+03
1.543414782608695532e+03 -1.559260000000009313e+03
1.557319420289855088e+03 -1.650260000000009313e+03
1.571224057971014417e+03 -1.996260000000009313e+03
1.585128695652173747e+03 -1.212260000000009313e+03
1.599033333333333303e+03 -1.326260000000009313e+03
1.612937971014492632e+03 -1.921260000000009313e+03
1.626842608695652189e+03 -1.647260000000009313e+03
1.640747246376811518e+03 -1.269260000000009313e+03
1.654651884057970847e+03 -1.575260000000009313e+03
1.668556521739130403e+03 -1.388260000000009313e+03
1.682461159420289732e+03 -1.726260000000009313e+03
1.696365797101449289e+03 -1.904260000000009313e+03
1.710270434782608618e+03 -1.606260000000009313e+03
1.724175072463767947e+03 -1.363260000000009313e+03
1.738079710144927503e+03 -1.698260000000009313e+03
1.751984347826086832e+03 -1.748260000000009313e+03
1.765888985507246389e+03 -2.028260000000009313e+03
1.779793623188405718e+03 -2.162260000000009313e+03
1.793698260869565047e+03 -8.402600000000093132e+02
1.807602898550724603e+03 -1.008260000000009313e+03
1.821507536231883932e+03 -1.355260000000009313e+03
1.835412173913043489e+03 -1.628260000000009313e+03
1.849316811594202818e+03 -1.996260000000009313e+03
1.863221449275362147e+03 -1.425260000000009313e+03
1.877126086956521704e+03 -1.923260000000009313e+03
1.891030724637681033e+03 -1.300260000000009313e+03
1.904935362318840589e+03 -1.535260000000009313e+03
1.918839999999999918e+03 -2.134260000000009313e+03
1.932744637681159247e+03 -1.229260000000009313e+03
1.946649275362318804e+03 -1.570260000000009313e+03
1.960553913043478133e+03 -2.448260000000009313e+03
1.974458550724637689e+03 -1.593260000000009313e+03
1.988363188405797018e+03 -1.141260000000009313e+03
2.002267826086956347e+03 -1.334260000000009313e+03
2.016172463768115904e+03 -2.361260000000009313e+03
2.030077101449275233e+03 -2.485260000000009313e+03
2.043981739130434789e+03 -1.803260000000009313e+03
2.057886376811593891e+03 -1.809260000000009313e+03
2.071791014492753675e+03 -1.719260000000009313e+03
2.085695652173913004e+03 -2.067260000000009313e+03
2.099600289855072333e+03 -1.837260000000009313e+03
2.113504927536231662e+03 -2.033260000000009313e+03
2.127409565217390991e+03 -1.783260000000009313e+03
2.141314202898550775e+03 -2.165260000000009313e+03
2.155218840579710104e+03 -1.855260000000009313e+03
2.169123478260869433e+03 -1.757260000000009313e+03
2.183028115942028762e+03 -2.150260000000009313e+03
2.196932753623188091e+03 -2.573260000000009313e+03
2.210837391304347875e+03 -1.768260000000009313e+03
2.224742028985507204e+03 -2.363260000000009313e+03
2.238646666666666533e+03 -2.087260000000009313e+03
2.252551304347825862e+03 -1.998260000000009313e+03
2.266455942028985191e+03 -2.030260000000009313e+03
2.280360579710144975e+03 -1.784260000000009313e+03
2.294265217391304304e+03 -2.474260000000009313e+03
2.308169855072463633e+03 -1.177260000000009313e+03
2.322074492753622962e+03 -2.331260000000009313e+03
2.335979130434782292e+03 -1.678260000000009313e+03
2.349883768115942075e+03 4.431739999999990687e+03
2.363788405797101404e+03 -1.083260000000009313e+03
2.377693043478260734e+03 -9.142600000000093132e+02
2.391597681159420063e+03 -5.792600000000093132e+02
2.405502318840579392e+03 -1.577260000000009313e+03
2.419406956521739176e+03 -1.464260000000009313e+03
2.433311594202898505e+03 -1.335260000000009313e+03
2.447216231884057834e+03 -1.774260000000009313e+03
2.461120869565217163e+03 -1.217260000000009313e+03
2.475025507246376492e+03 -1.693260000000009313e+03
2.488930144927536276e+03 -1.069260000000009313e+03
2.502834782608695605e+03 -1.942260000000009313e+03
2.516739420289854934e+03 -1.787260000000009313e+03
2.530644057971014263e+03 -1.921260000000009313e+03
2.544548695652173592e+03 -2.515260000000009313e+03
2.558453333333333376e+03 -2.266260000000009313e+03
2.572357971014492705e+03 -1.392260000000009313e+03
2.586262608695652034e+03 -1.946260000000009313e+03
2.600167246376811363e+03 -1.813260000000009313e+03
2.614071884057970692e+03 -1.887260000000009313e+03
2.627976521739130476e+03 -1.819260000000009313e+03
2.641881159420289805e+03 -1.657260000000009313e+03
2.655785797101449134e+03 -2.070260000000009313e+03
2.669690434782608463e+03 -2.312260000000009313e+03
2.683595072463767792e+03 -2.231260000000009313e+03
2.697499710144927576e+03 -2.179260000000009313e+03
2.711404347826086905e+03 -1.593260000000009313e+03
2.725308985507246234e+03 -1.099260000000009313e+03
2.739213623188405563e+03 -2.145260000000009313e+03
2.753118260869564892e+03 -2.440260000000009313e+03
2.767022898550724676e+03 -2.035260000000009313e+03
2.780927536231884005e+03 -1.975260000000009313e+03
2.794832173913043334e+03 -1.185260000000009313e+03
2.808736811594202663e+03 -1.030260000000009313e+03
2.822641449275361992e+03 -1.411260000000009313e+03
2.836546086956521776e+03 -2.053260000000009313e+03
2.850450724637681105e+03 -1.898260000000009313e+03
2.864355362318840434e+03 -1.857260000000009313e+03
2.878259999999999764e+03 -1.766260000000009313e+03
2.892164637681159093e+03 -9.862600000000093132e+02
2.906069275362318876e+03 -1.877260000000009313e+03
2.919973913043478206e+03 -2.086260000000009313e+03
2.933878550724637535e+03 -1.756260000000009313e+03
2.947783188405796864e+03 -9.192600000000093132e+02
2.961687826086956193e+03 -1.153260000000009313e+03
2.975592463768115977e+03 -2.019260000000009313e+03
2.989497101449275306e+03 -1.356260000000009313e+03
3.003401739130434635e+03 -1.877260000000009313e+03
3.017306376811593964e+03 -1.380260000000009313e+03
3.031211014492753293e+03 -7.712600000000093132e+02
3.045115652173913077e+03 -9.642600000000093132e+02
3.059020289855072406e+03 -1.016260000000009313e+03
3.072924927536231735e+03 -1.149260000000009313e+03
3.086829565217391064e+03 -1.740260000000009313e+03
3.100734202898550393e+03 -1.764260000000009313e+03
3.114638840579710177e+03 -1.534260000000009313e+03
3.128543478260869506e+03 -1.478260000000009313e+03
3.142448115942028835e+03 -7.572600000000093132e+02
3.156352753623188164e+03 -1.508260000000009313e+03
3.170257391304347493e+03 -1.616260000000009313e+03
3.184162028985507277e+03 -1.710260000000009313e+03
3.198066666666666606e+03 -1.384260000000009313e+03
3.211971304347825935e+03 -1.460260000000009313e+03
3.225875942028985264e+03 -1.528260000000009313e+03
3.239780579710144593e+03 -1.136260000000009313e+03
3.253685217391304377e+03 -1.564260000000009313e+03
3.267589855072463706e+03 -1.196260000000009313e+03
3.281494492753623035e+03 -1.476260000000009313e+03
3.295399130434782364e+03 -1.341260000000009313e+03
3.309303768115941693e+03 -1.391260000000009313e+03
3.323208405797101477e+03 -7.632600000000093132e+02
3.337113043478260806e+03 -4.322600000000093132e+02
3.351017681159420135e+03 -1.162260000000009313e+03
3.364922318840579464e+03 -8.262600000000093132e+02
3.378826956521738794e+03 -7.672600000000093132e+02
3.392731594202898577e+03 -1.291260000000009313e+03
3.406636231884057906e+03 -1.574260000000009313e+03
3.420540869565217236e+03 -9.802600000000093132e+02
3.434445507246376565e+03 -1.084260000000009313e+03
3.448350144927535894e+03 1.773999999999068677e+01
3.462254782608695677e+03 -8.472600000000093132e+02
3.476159420289855007e+03 -1.172260000000009313e+03
3.490064057971014336e+03 2.717399999999906868e+02
3.503968695652173665e+03 -3.452600000000093132e+02
3.517873333333332994e+03 -7.102600000000093132e+02
3.531777971014492778e+03 -1.241260000000009313e+03
3.545682608695652107e+03 -1.107260000000009313e+03
3.559587246376811436e+03 -1.036260000000009313e+03
3.573491884057970765e+03 -6.012600000000093132e+02
3.587396521739130094e+03 -9.162600000000093132e+02
3.601301159420289878e+03 -1.204260000000009313e+03
3.615205797101449207e+03 -4.862600000000093132e+02
3.629110434782608536e+03 -1.462260000000009313e+03
3.643015072463767865e+03 -4.732600000000093132e+02
3.656919710144927194e+03 -5.162600000000093132e+02
3.670824347826086978e+03 -7.582600000000093132e+02
3.684728985507246307e+03 3.817399999999906868e+02
3.698633623188405636e+03 -5.932600000000093132e+02
3.712538260869564965e+03 -5.642600000000093132e+02
3.726442898550724294e+03 -6.712600000000093132e+02
3.740347536231884078e+03 -1.412600000000093132e+02
3.754252173913043407e+03 -5.862600000000093132e+02
3.768156811594202736e+03 7.073999999999068677e+01
3.782061449275362065e+03 1.377399999999906868e+02
3.795966086956521394e+03 6.207399999999906868e+02
3.809870724637681178e+03 -3.042600000000093132e+02
3.823775362318840507e+03 -3.552600000000093132e+02
3.837679999999999836e+03 3.597399999999906868e+02
3.851584637681159165e+03 5.147399999999906868e+02
3.865489275362318494e+03 7.173999999999068677e+01
3.879393913043478278e+03 3.673999999999068677e+01
3.893298550724637607e+03 1.073999999999068677e+01
3.907203188405796936e+03 -6.152600000000093132e+02
3.921107826086956265e+03 -4.422600000000093132e+02
3.935012463768115595e+03 -8.852600000000093132e+02
3.948917101449275378e+03 -3.182600000000093132e+02
3.962821739130434707e+03 8.317399999999906868e+02
3.976726376811594037e+03 -2.572600000000093132e+02
3.990631014492753366e+03 6.287399999999906868e+02
4.004535652173912695e+03 -3.712600000000093132e+02
4.018440289855072479e+03 2.467399999999906868e+02
4.032344927536231808e+03 1.657399999999906868e+02
4.046249565217391137e+03 3.827399999999906868e+02
4.060154202898550466e+03 -2.042600000000093132e+02
4.074058840579709795e+03 -2.562600000000093132e+02
4.087963478260869579e+03 -9.726000000000931323e+01
4.101868115942028453e+03 4.197399999999906868e+02
4.115772753623187782e+03 4.997399999999906868e+02
4.129677391304348021e+03 1.347399999999906868e+02
4.143582028985507350e+03 4.887399999999906868e+02
4.157486666666666679e+03 3.747399999999906868e+02
4.171391304347826008e+03 3.524739999999990687e+03
4.185295942028985337e+03 -1.726000000000931323e+01
4.199200579710144666e+03 7.197399999999906868e+02
4.213105217391303995e+03 8.727399999999906868e+02
4.227009855072463324e+03 3.207399999999906868e+02
4.240914492753622653e+03 1.827399999999906868e+02
4.254819130434781982e+03 9.127399999999906868e+02
4.268723768115942221e+03 4.977399999999906868e+02
4.282628405797101550e+03 8.647399999999906868e+02
4.296533043478260879e+03 7.577399999999906868e+02
4.310437681159420208e+03 1.359739999999990687e+03
4.324342318840579537e+03 5.027399999999906868e+02
4.338246956521738866e+03 1.227739999999990687e+03
4.352151594202898195e+03 4.397399999999906868e+02
4.366056231884057524e+03 7.167399999999906868e+02
4.379960869565216854e+03 2.152739999999990687e+03
4.393865507246376183e+03 1.597739999999990687e+03
4.407770144927536421e+03 6.747399999999906868e+02
4.421674782608695750e+03 9.367399999999906868e+02
4.435579420289855079e+03 1.818739999999990687e+03
4.449484057971014408e+03 8.237399999999906868e+02
4.463388695652173737e+03 1.199739999999990687e+03
4.477293333333333067e+03 3.317399999999906868e+02
4.491197971014492396e+03 1.890739999999990687e+03
4.505102608695651725e+03 5.527399999999906868e+02
4.519007246376811054e+03 3.047399999999906868e+02
4.532911884057970383e+03 9.277399999999906868e+02
4.546816521739130621e+03 5.897399999999906868e+02
4.560721159420289951e+03 5.827399999999906868e+02
4.574625797101449280e+03 1.306739999999990687e+03
4.588530434782608609e+03 2.497399999999906868e+02
4.602435072463767938e+03 1.717399999999906868e+02
4.616339710144927267e+03 8.647399999999906868e+02
4.630244347826086596e+03 1.034739999999990687e+03
4.644148985507245925e+03 1.592739999999990687e+03
4.658053623188405254e+03 3.547399999999906868e+02
4.671958260869564583e+03 8.317399999999906868e+02
4.685862898550724822e+03 7.577399999999906868e+02
4.699767536231884151e+03 7.307399999999906868e+02
4.713672173913043480e+03 8.017399999999906868e+02
4.727576811594202809e+03 -4.126000000000931323e+01
4.741481449275362138e+03 1.132739999999990687e+03
4.755386086956521467e+03 1.082739999999990687e+03
4.769290724637680796e+03 1.224739999999990687e+03
4.783195362318840125e+03 5.027399999999906868e+02
4.797099999999999454e+03 1.180739999999990687e+03
4.811004637681158783e+03 7.507399999999906868e+02
4.824909275362319022e+03 -3.426000000000931323e+01
4.838813913043478351e+03 4.657399999999906868e+02
4.852718550724637680e+03 1.666739999999990687e+03
4.866623188405797009e+03 7.927399999999906868e+02
4.880527826086956338e+03 1.670739999999990687e+03
4.894432463768115667e+03 8.977399999999906868e+02
4.908337101449274996e+03 1.699739999999990687e+03
4.922241739130434325e+03 1.154739999999990687e+03
4.936146376811593655e+03 7.387399999999906868e+02
4.950051014492752984e+03 5.117399999999906868e+02
4.963955652173913222e+03 -4.724260000000009313e+03
4.977860289855072551e+03 -1.066826000000000931e+04
4.991764927536231880e+03 -1.078126000000000931e+04
5.005669565217391209e+03 -1.062726000000000931e+04
5.019574202898550539e+03 -1.067526000000000931e+04
5.033478840579709868e+03 -1.064226000000000931e+04
5.047383478260869197e+03 -1.067526000000000931e+04
5.061288115942028526e+03 -1.074926000000000931e+04
5.075192753623187855e+03 -1.059726000000000931e+04
5.089097391304347184e+03 -1.062426000000000931e+04
5.103002028985507422e+03 -1.062726000000000931e+04
5.116906666666666752e+03 -1.063126000000000931e+04
5.130811304347826081e+03 -1.085926000000000931e+04
5.144715942028985410e+03 -1.074626000000000931e+04
5.158620579710144739e+03 -1.076626000000000931e+04
5.172525217391304068e+03 -1.086826000000000931e+04
5.186429855072463397e+03 -1.078326000000000931e+04
5.200334492753622726e+03 -1.061626000000000931e+04
5.214239130434782055e+03 -1.075026000000000931e+04
5.228143768115941384e+03 -1.058026000000000931e+04
5.242048405797101623e+03 -1.067326000000000931e+04
5.255953043478260952e+03 -1.067926000000000931e+04
5.269857681159420281e+03 -1.084326000000000931e+04
5.283762318840579610e+03 -1.084226000000000931e+04
