-1.925717562724014442e+03 -9.879000000000232831e+02
-1.911962437275985849e+03 -6.494900000000023283e+03
-1.898207311827957255e+03 -7.915900000000023283e+03
-1.884452186379928435e+03 -8.626900000000023283e+03
-1.870697060931899841e+03 -8.912900000000023283e+03
-1.856941935483871248e+03 -8.977900000000023283e+03
-1.843186810035842427e+03 -9.360900000000023283e+03
-1.829431684587813834e+03 -9.567900000000023283e+03
-1.815676559139785013e+03 -9.774900000000023283e+03
-1.801921433691756420e+03 -9.881900000000023283e+03
-1.788166308243727826e+03 -1.020790000000002328e+04
-1.774411182795699006e+03 -1.049990000000002328e+04
-1.760656057347670412e+03 -5.292900000000023283e+03
-1.746900931899641819e+03 7.209999999997671694e+01
-1.733145806451612998e+03 -6.490000000002328306e+01
-1.719390681003584405e+03 -5.479000000000232831e+02
-1.705635555555555811e+03 -8.019000000000232831e+02
-1.691880430107526990e+03 5.020999999999767169e+02
-1.678125304659498397e+03 -9.959000000000232831e+02
-1.664370179211469576e+03 -1.015900000000023283e+03
-1.650615053763440983e+03 -9.769000000000232831e+02
-1.636859928315412390e+03 -1.104900000000023283e+03
-1.623104802867383569e+03 -9.789000000000232831e+02
-1.609349677419354975e+03 1.383099999999976717e+03
-1.595594551971326382e+03 -1.578900000000023283e+03
-1.581839426523297561e+03 -1.322900000000023283e+03
-1.568084301075268968e+03 -5.039000000000232831e+02
-1.554329175627240375e+03 -1.961900000000023283e+03
-1.540574050179211554e+03 -6.239000000000232831e+02
-1.526818924731182960e+03 5.380999999999767169e+02
-1.513063799283154367e+03 -1.471900000000023283e+03
-1.499308673835125546e+03 -1.761900000000023283e+03
-1.485553548387096953e+03 -1.855900000000023283e+03
-1.471798422939068132e+03 -2.295900000000023283e+03
-1.458043297491039539e+03 -2.348900000000023283e+03
-1.444288172043010945e+03 -2.101900000000023283e+03
-1.430533046594982125e+03 -1.820900000000023283e+03
-1.416777921146953531e+03 -1.774900000000023283e+03
-1.403022795698924938e+03 -9.939000000000232831e+02
-1.389267670250896117e+03 -2.178900000000023283e+03
-1.375512544802867524e+03 -1.277900000000023283e+03
-1.361757419354838930e+03 -2.109900000000023283e+03
-1.348002293906810110e+03 -8.419000000000232831e+02
-1.334247168458781516e+03 -1.321900000000023283e+03
-1.320492043010752695e+03 -1.290900000000023283e+03
-1.306736917562724102e+03 -1.415900000000023283e+03
-1.292981792114695509e+03 -1.468900000000023283e+03
-1.279226666666666688e+03 -6.519000000000232831e+02
-1.265471541218638095e+03 -1.956900000000023283e+03
-1.251716415770609501e+03 -1.919900000000023283e+03
-1.237961290322580680e+03 -2.607900000000023283e+03
-1.224206164874552087e+03 -2.266900000000023283e+03
-1.210451039426523494e+03 -2.100900000000023283e+03
-1.196695913978494673e+03 -1.162900000000023283e+03
-1.182940788530466079e+03 -1.516900000000023283e+03
-1.169185663082437486e+03 -2.110900000000023283e+03
-1.155430537634408665e+03 -1.510900000000023283e+03
-1.141675412186380072e+03 -2.209900000000023283e+03
-1.127920286738351251e+03 -1.994900000000023283e+03
-1.114165161290322658e+03 -2.402900000000023283e+03
-1.100410035842294064e+03 -2.231900000000023283e+03
-1.086654910394265244e+03 -1.427900000000023283e+03
-1.072899784946236650e+03 -2.036900000000023283e+03
-1.059144659498208057e+03 -1.646900000000023283e+03
-1.045389534050179236e+03 -1.841900000000023283e+03
-1.031634408602150643e+03 -1.143900000000023283e+03
-1.017879283154121936e+03 -2.182900000000023283e+03
-1.004124157706093229e+03 -1.411900000000023283e+03
-9.903690322580646352e+02 -2.139900000000023283e+03
-9.766139068100359282e+02 -1.681900000000023283e+03
-9.628587813620072211e+02 -2.032900000000023283e+03
-9.491036559139786277e+02 -2.333900000000023283e+03
-9.353485304659499207e+02 -1.244900000000023283e+03
-9.215934050179212136e+02 -7.329000000000232831e+02
-9.078382795698925065e+02 -1.277900000000023283e+03
-8.940831541218639131e+02 -1.656900000000023283e+03
-8.803280286738352061e+02 -9.889000000000232831e+02
-8.665729032258064990e+02 -1.176900000000023283e+03
-8.528177777777779056e+02 -1.794900000000023283e+03
-8.390626523297491985e+02 -1.387900000000023283e+03
-8.253075268817204915e+02 -1.398900000000023283e+03
-8.115524014336917844e+02 -2.347900000000023283e+03
-7.977972759856631910e+02 -1.899900000000023283e+03
-7.840421505376344840e+02 -1.834900000000023283e+03
-7.702870250896057769e+02 -1.963900000000023283e+03
-7.565318996415771835e+02 -1.857900000000023283e+03
-7.427767741935484764e+02 -2.137900000000023283e+03
-7.290216487455197694e+02 -1.748900000000023283e+03
-7.152665232974910623e+02 -1.553900000000023283e+03
-7.015113978494624689e+02 -2.160900000000023283e+03
-6.877562724014337618e+02 -1.576900000000023283e+03
-6.740011469534050548e+02 -2.056900000000023283e+03
-6.602460215053763477e+02 -1.839900000000023283e+03
-6.464908960573477543e+02 -2.029900000000023283e+03
-6.327357706093190473e+02 -1.740900000000023283e+03
-6.189806451612903402e+02 -1.598900000000023283e+03
-6.052255197132617468e+02 -1.349900000000023283e+03
-5.914703942652330397e+02 -1.066900000000023283e+03
-5.777152688172043327e+02 -1.146900000000023283e+03
-5.639601433691756256e+02 -1.523900000000023283e+03
-5.502050179211470322e+02 -1.588900000000023283e+03
-5.364498924731183251e+02 -2.039900000000023283e+03
-5.226947670250896181e+02 -1.126900000000023283e+03
-5.089396415770609678e+02 -2.024900000000023283e+03
-4.951845161290323176e+02 -1.808900000000023283e+03
-4.814293906810036106e+02 -1.627900000000023283e+03
-4.676742652329749603e+02 -1.956900000000023283e+03
-4.539191397849462533e+02 -1.979900000000023283e+03
-4.401640143369176030e+02 -2.761900000000023283e+03
-4.264088888888889528e+02 -1.522900000000023283e+03
-4.126537634408602457e+02 -2.689900000000023283e+03
-3.988986379928315955e+02 -2.886900000000023283e+03
-3.851435125448028884e+02 -2.212900000000023283e+03
-3.713883870967742382e+02 -3.266900000000023283e+03
-3.576332616487455311e+02 -1.885900000000023283e+03
-3.438781362007168809e+02 -1.718900000000023283e+03
-3.301230107526881739e+02 -2.141900000000023283e+03
-3.163678853046595236e+02 -2.644900000000023283e+03
-3.026127598566308734e+02 -1.154900000000023283e+03
-2.888576344086021663e+02 -2.315900000000023283e+03
-2.751025089605735161e+02 -1.867900000000023283e+03
-2.613473835125448090e+02 -2.207900000000023283e+03
-2.475922580645161588e+02 -1.976900000000023283e+03
-2.338371326164874802e+02 -2.203900000000023283e+03
-2.200820071684588015e+02 -1.363900000000023283e+03
-2.063268817204301229e+02 -1.568900000000023283e+03
-1.925717562724014442e+02 -1.218900000000023283e+03
-1.788166308243727656e+02 -1.754900000000023283e+03
-1.650615053763440869e+02 -1.700900000000023283e+03
-1.513063799283154367e+02 -1.902900000000023283e+03
-1.375512544802867581e+02 -1.960900000000023283e+03
-1.237961290322580794e+02 -1.641900000000023283e+03
-1.100410035842294008e+02 -1.890900000000023283e+03
-9.628587813620072211e+01 -1.553900000000023283e+03
-8.253075268817204346e+01 4.780999999999767169e+02
-6.877562724014337903e+01 3.810999999999767169e+02
-5.502050179211470038e+01 2.522099999999976717e+03
-4.126537634408602173e+01 8.550099999999976717e+03
-2.751025089605735019e+01 1.838509999999997672e+04
-1.375512544802867509e+01 3.836109999999997672e+04
0.000000000000000000e+00 7.231209999999997672e+04
1.375512544802867509e+01 1.246040999999999767e+05
2.751025089605735019e+01 1.961150999999999767e+05
4.126537634408602173e+01 2.925820999999999767e+05
5.502050179211470038e+01 4.162710999999999767e+05
6.877562724014337903e+01 5.594470999999999767e+05
8.253075268817204346e+01 7.271150999999999767e+05
9.628587813620072211e+01 8.972430999999999767e+05
1.100410035842294008e+02 1.071269100000000093e+06
1.237961290322580794e+02 1.274892100000000093e+06
1.375512544802867581e+02 1.474413100000000093e+06
1.513063799283154367e+02 1.672727100000000093e+06
1.650615053763440869e+02 1.879182100000000093e+06
1.788166308243727656e+02 2.072156100000000093e+06
1.925717562724014442e+02 2.251857100000000093e+06
2.063268817204301229e+02 2.446758100000000093e+06
2.200820071684588015e+02 2.612484100000000093e+06
2.338371326164874802e+02 2.757555100000000093e+06
2.475922580645161588e+02 2.896426100000000093e+06
2.613473835125448090e+02 3.034988100000000093e+06
2.751025089605735161e+02 3.142894100000000093e+06
2.888576344086021663e+02 3.216282100000000093e+06
3.026127598566308734e+02 3.282204100000000093e+06
3.163678853046595236e+02 3.343074100000000093e+06
3.301230107526881739e+02 3.394021100000000093e+06
3.438781362007168809e+02 3.444810100000000093e+06
3.576332616487455311e+02 3.461429100000000093e+06
3.713883870967742382e+02 3.448451100000000093e+06
3.851435125448028884e+02 3.453726100000000093e+06
3.988986379928315955e+02 3.471273100000000093e+06
4.126537634408602457e+02 3.490055100000000093e+06
4.264088888888889528e+02 3.487217100000000093e+06
4.401640143369176030e+02 3.495037100000000093e+06
4.539191397849462533e+02 3.491853100000000093e+06
4.676742652329749603e+02 3.515882100000000093e+06
4.814293906810036106e+02 3.531678100000000093e+06
4.951845161290323176e+02 3.540241100000000093e+06
5.089396415770609678e+02 3.551114100000000093e+06
5.226947670250896181e+02 3.561531100000000093e+06
5.364498924731183251e+02 3.577193100000000093e+06
5.502050179211470322e+02 3.579113100000000093e+06
5.639601433691756256e+02 3.578543100000000093e+06
5.777152688172043327e+02 3.577835100000000093e+06
5.914703942652330397e+02 3.558758100000000093e+06
6.052255197132617468e+02 3.564589100000000093e+06
6.189806451612903402e+02 3.568103100000000093e+06
6.327357706093190473e+02 3.556874100000000093e+06
6.464908960573477543e+02 3.557766100000000093e+06
6.602460215053763477e+02 3.555168100000000093e+06
6.740011469534050548e+02 3.552616100000000093e+06
6.877562724014337618e+02 3.538303100000000093e+06
7.015113978494624689e+02 3.535902100000000093e+06
7.152665232974910623e+02 3.547131100000000093e+06
7.290216487455197694e+02 3.539293100000000093e+06
7.427767741935484764e+02 3.536753100000000093e+06
7.565318996415771835e+02 3.533231100000000093e+06
7.702870250896057769e+02 3.543362100000000093e+06
7.840421505376344840e+02 3.534748100000000093e+06
7.977972759856631910e+02 3.514339100000000093e+06
8.115524014336917844e+02 3.510086100000000093e+06
8.253075268817204915e+02 3.510642100000000093e+06
8.390626523297491985e+02 3.512082100000000093e+06
8.528177777777779056e+02 3.517149100000000093e+06
8.665729032258064990e+02 3.509013100000000093e+06
8.803280286738352061e+02 3.500756100000000093e+06
8.940831541218639131e+02 3.483006100000000093e+06
9.078382795698925065e+02 3.463085100000000093e+06
9.215934050179212136e+02 3.477176100000000093e+06
9.353485304659499207e+02 3.466104100000000093e+06
9.491036559139786277e+02 3.446488100000000093e+06
9.628587813620072211e+02 3.428828100000000093e+06
9.766139068100359282e+02 3.440086100000000093e+06
9.903690322580646352e+02 3.436089100000000093e+06
1.004124157706093229e+03 3.418775100000000093e+06
1.017879283154121936e+03 3.414834100000000093e+06
1.031634408602150643e+03 3.418505100000000093e+06
1.045389534050179236e+03 3.423988100000000093e+06
1.059144659498208057e+03 3.397655100000000093e+06
1.072899784946236650e+03 3.356744100000000093e+06
1.086654910394265244e+03 3.329179100000000093e+06
1.100410035842294064e+03 3.302632100000000093e+06
1.114165161290322658e+03 3.235396100000000093e+06
1.127920286738351251e+03 3.134660100000000093e+06
1.141675412186380072e+03 3.038514100000000093e+06
1.155430537634408665e+03 2.919368100000000093e+06
1.169185663082437486e+03 2.804709100000000093e+06
1.182940788530466079e+03 2.649363100000000093e+06
1.196695913978494673e+03 2.472871100000000093e+06
1.210451039426523494e+03 2.272419100000000093e+06
1.224206164874552087e+03 2.055764100000000093e+06
1.237961290322580680e+03 1.836629100000000093e+06
1.251716415770609501e+03 1.624569100000000093e+06
1.265471541218638095e+03 1.403232100000000093e+06
1.279226666666666688e+03 1.200697100000000093e+06
1.292981792114695509e+03 1.017287099999999977e+06
1.306736917562724102e+03 8.544390999999999767e+05
1.320492043010752695e+03 7.007700999999999767e+05
1.334247168458781516e+03 5.596840999999999767e+05
1.348002293906810110e+03 4.405640999999999767e+05
1.361757419354838930e+03 3.393900999999999767e+05
1.375512544802867524e+03 2.547670999999999767e+05
1.389267670250896117e+03 1.892110999999999767e+05
1.403022795698924938e+03 1.413720999999999767e+05
1.416777921146953531e+03 1.047000999999999767e+05
1.430533046594982125e+03 7.615609999999997672e+04
1.444288172043010945e+03 5.590609999999997672e+04
1.458043297491039539e+03 4.466109999999997672e+04
1.471798422939068132e+03 3.691609999999997672e+04
1.485553548387096953e+03 3.248909999999997672e+04
1.499308673835125546e+03 2.889909999999997672e+04
1.513063799283154367e+03 2.698709999999997672e+04
1.526818924731182960e+03 2.687609999999997672e+04
1.540574050179211554e+03 2.680109999999997672e+04
1.554329175627240375e+03 2.675309999999997672e+04
1.568084301075268968e+03 2.575009999999997672e+04
1.581839426523297561e+03 2.417809999999997672e+04
1.595594551971326382e+03 2.500909999999997672e+04
1.609349677419354975e+03 2.043709999999997672e+04
1.623104802867383569e+03 2.026809999999997672e+04
1.636859928315412390e+03 2.001809999999997672e+04
1.650615053763440983e+03 1.981609999999997672e+04
1.664370179211469576e+03 1.931209999999997672e+04
1.678125304659498397e+03 1.806909999999997672e+04
1.691880430107526990e+03 1.777009999999997672e+04
1.705635555555555811e+03 1.458709999999997672e+04
1.719390681003584405e+03 1.335409999999997672e+04
1.733145806451612998e+03 1.269709999999997672e+04
1.746900931899641819e+03 1.371509999999997672e+04
1.760656057347670412e+03 1.107709999999997672e+04
1.774411182795699006e+03 1.033109999999997672e+04
1.788166308243727826e+03 1.001009999999997672e+04
1.801921433691756420e+03 8.398099999999976717e+03
1.815676559139785013e+03 8.227099999999976717e+03
1.829431684587813834e+03 7.620099999999976717e+03
1.843186810035842427e+03 6.838099999999976717e+03
1.856941935483871248e+03 6.999099999999976717e+03
1.870697060931899841e+03 6.157099999999976717e+03
1.884452186379928435e+03 4.280099999999976717e+03
1.898207311827957255e+03 3.649099999999976717e+03
1.911962437275985849e+03 3.174099999999976717e+03
1.925717562724014442e+03 2.886099999999976717e+03
1.939472688172043263e+03 2.933099999999976717e+03
1.953227813620071856e+03 2.738099999999976717e+03
1.966982939068100450e+03 1.865099999999976717e+03
1.980738064516129270e+03 2.275099999999976717e+03
1.994493189964157864e+03 2.887099999999976717e+03
2.008248315412186457e+03 1.545099999999976717e+03
2.022003440860215278e+03 1.299099999999976717e+03
2.035758566308243871e+03 5.060999999999767169e+02
2.049513691756272692e+03 -3.900000000023283064e+00
2.063268817204301286e+03 3.150999999999767169e+02
2.077023942652329879e+03 4.409999999997671694e+01
2.090779068100358472e+03 1.720999999999767169e+02
2.104534193548387066e+03 -3.090000000002328306e+01
2.118289318996416114e+03 -5.969000000000232831e+02
2.132044444444444707e+03 -1.683900000000023283e+03
2.145799569892473301e+03 -1.322900000000023283e+03
2.159554695340501894e+03 -1.412900000000023283e+03
2.173309820788530487e+03 -1.425900000000023283e+03
2.187064946236559535e+03 -1.602900000000023283e+03
2.200820071684588129e+03 -1.565900000000023283e+03
2.214575197132616722e+03 -1.245900000000023283e+03
2.228330322580645316e+03 -2.065900000000023283e+03
2.242085448028673909e+03 -1.649900000000023283e+03
2.255840573476702502e+03 -1.207900000000023283e+03
2.269595698924731551e+03 -1.542900000000023283e+03
2.283350824372760144e+03 -3.209000000000232831e+02
2.297105949820788737e+03 -1.105900000000023283e+03
2.310861075268817331e+03 -1.687900000000023283e+03
2.324616200716845924e+03 -6.849000000000232831e+02
2.338371326164874972e+03 -8.439000000000232831e+02
2.352126451612903566e+03 -9.389000000000232831e+02
2.365881577060932159e+03 -1.466900000000023283e+03
2.379636702508960752e+03 -1.219900000000023283e+03
2.393391827956989346e+03 -5.099000000000232831e+02
2.407146953405017939e+03 -9.139000000000232831e+02
2.420902078853046987e+03 -1.551900000000023283e+03
2.434657204301075581e+03 -1.419900000000023283e+03
2.448412329749104174e+03 -2.037900000000023283e+03
2.462167455197132767e+03 -1.927900000000023283e+03
2.475922580645161361e+03 -1.891900000000023283e+03
2.489677706093190409e+03 -2.407900000000023283e+03
2.503432831541219002e+03 -1.858900000000023283e+03
2.517187956989247596e+03 -1.207900000000023283e+03
2.530943082437276189e+03 -1.286900000000023283e+03
2.544698207885304782e+03 -1.800900000000023283e+03
2.558453333333333376e+03 -9.509000000000232831e+02
2.572208458781362424e+03 -1.526900000000023283e+03
2.585963584229391017e+03 -1.378900000000023283e+03
2.599718709677419611e+03 -9.219000000000232831e+02
2.613473835125448204e+03 -4.949000000000232831e+02
2.627228960573476797e+03 -1.382900000000023283e+03
2.640984086021505391e+03 -2.671900000000023283e+03
2.654739211469534439e+03 -1.251900000000023283e+03
2.668494336917563032e+03 -1.991900000000023283e+03
2.682249462365591626e+03 -1.509900000000023283e+03
2.696004587813620219e+03 4.115099999999976717e+03
2.709759713261648812e+03 -1.245900000000023283e+03
2.723514838709677861e+03 -9.139000000000232831e+02
2.737269964157706454e+03 -1.115900000000023283e+03
2.751025089605735047e+03 -2.149900000000023283e+03
2.764780215053763641e+03 -1.329900000000023283e+03
2.778535340501792234e+03 -1.069900000000023283e+03
2.792290465949820828e+03 -6.709000000000232831e+02
2.806045591397849876e+03 -4.469000000000232831e+02
2.819800716845878469e+03 -1.261900000000023283e+03
2.833555842293907062e+03 -4.379000000000232831e+02
2.847310967741935656e+03 -1.950900000000023283e+03
2.861066093189964249e+03 -1.833900000000023283e+03
2.874821218637993297e+03 -2.029900000000023283e+03
2.888576344086021891e+03 -2.198900000000023283e+03
2.902331469534050484e+03 -2.425900000000023283e+03
2.916086594982079077e+03 -1.856900000000023283e+03
2.929841720430107671e+03 -2.256900000000023283e+03
2.943596845878136264e+03 -1.948900000000023283e+03
2.957351971326165312e+03 -2.455900000000023283e+03
2.971107096774193906e+03 -2.172900000000023283e+03
2.984862222222222499e+03 -2.005900000000023283e+03
2.998617347670251092e+03 -2.415900000000023283e+03
3.012372473118279686e+03 -2.605900000000023283e+03
3.026127598566308734e+03 -2.481900000000023283e+03
3.039882724014337327e+03 -2.417900000000023283e+03
3.053637849462365921e+03 -1.852900000000023283e+03
3.067392974910394514e+03 -1.463900000000023283e+03
3.081148100358423108e+03 -2.402900000000023283e+03
3.094903225806451701e+03 -1.908900000000023283e+03
3.108658351254480749e+03 -1.719900000000023283e+03
3.122413476702509342e+03 -1.746900000000023283e+03
3.136168602150537936e+03 -1.224900000000023283e+03
3.149923727598566529e+03 -1.648900000000023283e+03
3.163678853046595123e+03 -1.743900000000023283e+03
3.177433978494624171e+03 -2.058900000000023283e+03
3.191189103942652764e+03 -2.446900000000023283e+03
3.204944229390681357e+03 -2.613900000000023283e+03
3.218699354838709951e+03 -1.619900000000023283e+03
3.232454480286738544e+03 -1.177900000000023283e+03
3.246209605734767138e+03 -1.927900000000023283e+03
3.259964731182796186e+03 -1.669900000000023283e+03
3.273719856630824779e+03 -1.867900000000023283e+03
3.287474982078853373e+03 -2.023900000000023283e+03
3.301230107526881966e+03 -1.282900000000023283e+03
3.314985232974910559e+03 -2.101900000000023283e+03
3.328740358422939153e+03 -1.578900000000023283e+03
3.342495483870968201e+03 -1.899900000000023283e+03
3.356250609318996794e+03 -1.584900000000023283e+03
3.370005734767025388e+03 -6.489000000000232831e+02
3.383760860215053981e+03 -1.154900000000023283e+03
3.397515985663082574e+03 -1.011900000000023283e+03
3.411271111111111622e+03 -5.759000000000232831e+02
3.425026236559140216e+03 -1.349900000000023283e+03
3.438781362007168809e+03 -1.221900000000023283e+03
3.452536487455197403e+03 -6.519000000000232831e+02
3.466291612903225996e+03 -1.372900000000023283e+03
3.480046738351254589e+03 -2.799000000000232831e+02
3.493801863799283637e+03 -7.809000000000232831e+02
3.507556989247312231e+03 -4.329000000000232831e+02
3.521312114695340824e+03 -1.438900000000023283e+03
3.535067240143369418e+03 -1.539900000000023283e+03
3.548822365591398011e+03 -1.476900000000023283e+03
3.562577491039427059e+03 -1.132900000000023283e+03
3.576332616487455653e+03 -1.042900000000023283e+03
3.590087741935484246e+03 -1.491900000000023283e+03
3.603842867383512839e+03 -9.869000000000232831e+02
3.617597992831541433e+03 -1.474900000000023283e+03
3.631353118279570026e+03 -1.686900000000023283e+03
3.645108243727599074e+03 -1.185900000000023283e+03
3.658863369175627668e+03 -1.146900000000023283e+03
3.672618494623656261e+03 -5.869000000000232831e+02
3.686373620071684854e+03 -1.135900000000023283e+03
3.700128745519713448e+03 -9.809000000000232831e+02
3.713883870967742496e+03 -5.569000000000232831e+02
3.727638996415771089e+03 -1.098900000000023283e+03
3.741394121863799683e+03 -1.307900000000023283e+03
3.755149247311828276e+03 -1.163900000000023283e+03
3.768904372759856869e+03 -1.021900000000023283e+03
3.782659498207885463e+03 2.580999999999767169e+02
3.796414623655914511e+03 -8.900000000023283064e+00
3.810169749103943104e+03 -7.859000000000232831e+02
3.823924874551971698e+03 1.360999999999767169e+02
3.837680000000000291e+03 -7.809000000000232831e+02
3.851435125448028884e+03 -4.899000000000232831e+02
3.865190250896057478e+03 -7.439000000000232831e+02
3.878945376344086526e+03 7.509999999997671694e+01
3.892700501792115119e+03 -8.669000000000232831e+02
3.906455627240143713e+03 -4.229000000000232831e+02
3.920210752688172306e+03 -4.639000000000232831e+02
3.933965878136200899e+03 -1.142900000000023283e+03
3.947721003584229948e+03 -2.359000000000232831e+02
3.961476129032258541e+03 -1.396900000000023283e+03
3.975231254480287134e+03 -5.819000000000232831e+02
3.988986379928315728e+03 2.190999999999767169e+02
4.002741505376344321e+03 -8.019000000000232831e+02
4.016496630824372915e+03 8.240999999999767169e+02
4.030251756272401963e+03 -2.919000000000232831e+02
4.044006881720430556e+03 -4.619000000000232831e+02
4.057762007168459149e+03 -4.199000000000232831e+02
4.071517132616487743e+03 -6.849000000000232831e+02
4.085272258064516336e+03 -5.379000000000232831e+02
4.099027383512545384e+03 -2.090000000002328306e+01
4.112782508960573978e+03 9.160999999999767169e+02
4.126537634408602571e+03 2.150999999999767169e+02
4.140292759856631164e+03 -4.249000000000232831e+02
4.154047885304659758e+03 -5.689000000000232831e+02
4.167803010752688351e+03 -1.079000000000232831e+02
4.181558136200716945e+03 3.170999999999767169e+02
4.195313261648745538e+03 -9.590000000002328306e+01
4.209068387096774131e+03 -4.790000000002328306e+01
4.222823512544803634e+03 -1.289000000000232831e+02
4.236578637992832228e+03 -2.519000000000232831e+02
4.250333763440860821e+03 2.440999999999767169e+02
4.264088888888889414e+03 -2.309000000000232831e+02
4.277844014336918008e+03 7.509999999997671694e+01
4.291599139784946601e+03 1.218099999999976717e+03
4.305354265232975195e+03 2.409999999997671694e+01
4.319109390681003788e+03 3.820999999999767169e+02
4.332864516129032381e+03 7.030999999999767169e+02
4.346619641577060975e+03 9.640999999999767169e+02
4.360374767025089568e+03 2.020999999999767169e+02
4.374129892473119071e+03 2.550999999999767169e+02
4.387885017921147664e+03 -3.379000000000232831e+02
4.401640143369176258e+03 -6.739000000000232831e+02
4.415395268817204851e+03 -3.259000000000232831e+02
4.429150394265233444e+03 3.909999999997671694e+01
4.442905519713262038e+03 1.150999999999767169e+02
4.456660645161290631e+03 5.190999999999767169e+02
4.470415770609319225e+03 -7.990000000002328306e+01
4.484170896057347818e+03 5.430999999999767169e+02
4.497926021505376411e+03 3.112099999999976717e+03
4.511681146953405005e+03 -3.019000000000232831e+02
4.525436272401434508e+03 4.509999999997671694e+01
4.539191397849463101e+03 2.460999999999767169e+02
4.552946523297491694e+03 -3.599000000000232831e+02
4.566701648745520288e+03 -5.399000000000232831e+02
4.580456774193548881e+03 2.530999999999767169e+02
4.594211899641577475e+03 3.500999999999767169e+02
4.607967025089606068e+03 3.280999999999767169e+02
4.621722150537634661e+03 2.440999999999767169e+02
4.635477275985663255e+03 7.790999999999767169e+02
4.649232401433691848e+03 1.640999999999767169e+02
4.662987526881720441e+03 3.460999999999767169e+02
4.676742652329749944e+03 3.230999999999767169e+02
4.690497777777778538e+03 4.509999999997671694e+01
4.704252903225807131e+03 1.496099999999976717e+03
4.718008028673835724e+03 1.652099999999976717e+03
4.731763154121864318e+03 8.360999999999767169e+02
4.745518279569892911e+03 1.111099999999976717e+03
4.759273405017921505e+03 1.814099999999976717e+03
4.773028530465950098e+03 9.750999999999767169e+02
4.786783655913978691e+03 1.754099999999976717e+03
4.800538781362007285e+03 6.900999999999767169e+02
4.814293906810035878e+03 2.355099999999976717e+03
4.828049032258065381e+03 7.420999999999767169e+02
4.841804157706093974e+03 2.650999999999767169e+02
4.855559283154122568e+03 3.409999999997671694e+01
4.869314408602151161e+03 3.320999999999767169e+02
4.883069534050179755e+03 5.590999999999767169e+02
4.896824659498208348e+03 1.538099999999976717e+03
4.910579784946236941e+03 7.790999999999767169e+02
4.924334910394265535e+03 1.309999999997671694e+01
4.938090035842294128e+03 1.058099999999976717e+03
4.951845161290322721e+03 2.270999999999767169e+02
4.965600286738351315e+03 1.181099999999976717e+03
4.979355412186380818e+03 2.450999999999767169e+02
4.993110537634409411e+03 3.290999999999767169e+02
5.006865663082438004e+03 1.920999999999767169e+02
5.020620788530466598e+03 3.990999999999767169e+02
5.034375913978495191e+03 3.720999999999767169e+02
5.048131039426523785e+03 -2.499000000000232831e+02
5.061886164874552378e+03 9.370999999999767169e+02
5.075641290322580971e+03 9.940999999999767169e+02
5.089396415770609565e+03 7.120999999999767169e+02
5.103151541218638158e+03 7.090999999999767169e+02
5.116906666666666752e+03 6.770999999999767169e+02
5.130661792114696254e+03 9.490999999999767169e+02
5.144416917562724848e+03 -1.290000000002328306e+01
5.158172043010753441e+03 2.730999999999767169e+02
5.171927168458782035e+03 1.286099999999976717e+03
5.185682293906810628e+03 1.107099999999976717e+03
5.199437419354839221e+03 1.478099999999976717e+03
5.213192544802867815e+03 1.581099999999976717e+03
5.226947670250896408e+03 1.224099999999976717e+03
5.240702795698925001e+03 1.145099999999976717e+03
5.254457921146953595e+03 4.390999999999767169e+02
5.268213046594982188e+03 4.800999999999767169e+02
5.281968172043010782e+03 -5.741900000000023283e+03
5.295723297491040285e+03 -1.188990000000002328e+04
5.309478422939068878e+03 -1.202990000000002328e+04
5.323233548387097471e+03 -1.211690000000002328e+04
5.336988673835126065e+03 -1.218390000000002328e+04
5.350743799283154658e+03 -1.219490000000002328e+04
5.364498924731183251e+03 -1.201290000000002328e+04
5.378254050179211845e+03 -1.200790000000002328e+04
5.392009175627240438e+03 -1.215690000000002328e+04
5.405764301075269032e+03 -1.229390000000002328e+04
5.419519426523297625e+03 -1.216790000000002328e+04
5.433274551971326218e+03 -1.212190000000002328e+04
5.447029677419355721e+03 -1.217290000000002328e+04
5.460784802867384315e+03 -1.221990000000002328e+04
5.474539928315412908e+03 -1.214090000000002328e+04
5.488295053763441501e+03 -1.216990000000002328e+04
5.502050179211470095e+03 -1.204290000000002328e+04
5.515805304659498688e+03 -1.219690000000002328e+04
5.529560430107527282e+03 -1.219790000000002328e+04
5.543315555555555875e+03 -1.222690000000002328e+04
5.557070681003584468e+03 -1.209990000000002328e+04
5.570825806451613062e+03 -1.224990000000002328e+04
5.584580931899641655e+03 -1.202690000000002328e+04
5.598336057347671158e+03 -1.211990000000002328e+04
