-2.070690647482014356e+03 -1.149960000000020955e+03
-2.056886043165467527e+03 -6.629960000000020955e+03
-2.043081438848920925e+03 -8.021960000000020955e+03
-2.029276834532374323e+03 -8.679960000000020955e+03
-2.015472230215827494e+03 -8.828960000000020955e+03
-2.001667625899280665e+03 -9.261960000000020955e+03
-1.987863021582733836e+03 -9.621960000000020955e+03
-1.974058417266187234e+03 -9.925960000000020955e+03
-1.960253812949640405e+03 -1.015196000000002095e+04
-1.946449208633093576e+03 -1.052796000000002095e+04
-1.932644604316546975e+03 -1.047596000000002095e+04
-1.918840000000000146e+03 -1.053496000000002095e+04
-1.905035395683453316e+03 -5.651960000000020955e+03
-1.891230791366906487e+03 2.030399999999790452e+02
-1.877426187050359886e+03 -8.239600000000209548e+02
-1.863621582733813057e+03 -7.169600000000209548e+02
-1.849816978417266228e+03 -9.779600000000209548e+02
-1.836012374100719626e+03 -4.889600000000209548e+02
-1.822207769784172797e+03 6.790399999999790452e+02
-1.808403165467625968e+03 -1.012960000000020955e+03
-1.794598561151079139e+03 -1.368960000000020955e+03
-1.780793956834532537e+03 -6.449600000000209548e+02
-1.766989352517985708e+03 -1.341960000000020955e+03
-1.753184748201438879e+03 1.369039999999979045e+03
-1.739380143884892277e+03 -1.637960000000020955e+03
-1.725575539568345448e+03 -1.366960000000020955e+03
-1.711770935251798619e+03 -6.629600000000209548e+02
-1.697966330935251790e+03 -1.954960000000020955e+03
-1.684161726618705188e+03 -1.127960000000020955e+03
-1.670357122302158359e+03 -1.500960000000020955e+03
-1.656552517985611530e+03 -1.417960000000020955e+03
-1.642747913669064928e+03 -1.927960000000020955e+03
-1.628943309352518099e+03 -1.871960000000020955e+03
-1.615138705035971270e+03 -2.269960000000020955e+03
-1.601334100719424441e+03 -2.640960000000020955e+03
-1.587529496402877840e+03 -2.208960000000020955e+03
-1.573724892086331010e+03 -1.938960000000020955e+03
-1.559920287769784181e+03 -1.525960000000020955e+03
-1.546115683453237580e+03 -9.829600000000209548e+02
-1.532311079136690751e+03 -2.184960000000020955e+03
-1.518506474820143922e+03 -1.331960000000020955e+03
-1.504701870503597092e+03 -2.308960000000020955e+03
-1.490897266187050491e+03 -1.249960000000020955e+03
-1.477092661870503662e+03 -1.487960000000020955e+03
-1.463288057553956833e+03 -1.921960000000020955e+03
-1.449483453237410231e+03 -2.067960000000020955e+03
-1.435678848920863402e+03 -1.783960000000020955e+03
-1.421874244604316573e+03 -5.196000000002095476e+01
-1.408069640287769971e+03 -2.038960000000020955e+03
-1.394265035971223142e+03 -2.055960000000020955e+03
-1.380460431654676313e+03 -2.294960000000020955e+03
-1.366655827338129484e+03 -2.054960000000020955e+03
-1.352851223021582882e+03 -2.134960000000020955e+03
-1.339046618705036053e+03 -1.289960000000020955e+03
-1.325242014388489224e+03 -8.129600000000209548e+02
-1.311437410071942622e+03 -2.408960000000020955e+03
-1.297632805755395793e+03 -2.009960000000020955e+03
-1.283828201438848964e+03 -1.984960000000020955e+03
-1.270023597122302135e+03 -2.026960000000020955e+03
-1.256218992805755533e+03 -2.041960000000020955e+03
-1.242414388489208704e+03 -2.260960000000020955e+03
-1.228609784172661875e+03 -1.420960000000020955e+03
-1.214805179856115274e+03 -2.049960000000020955e+03
-1.201000575539568445e+03 -1.989960000000020955e+03
-1.187195971223021616e+03 -2.066960000000020955e+03
-1.173391366906474786e+03 -1.431960000000020955e+03
-1.159586762589928185e+03 -2.913960000000020955e+03
-1.145782158273381356e+03 -1.916960000000020955e+03
-1.131977553956834527e+03 -2.132960000000020955e+03
-1.118172949640287925e+03 -1.802960000000020955e+03
-1.104368345323741096e+03 -1.465960000000020955e+03
-1.090563741007194267e+03 -2.539960000000020955e+03
-1.076759136690647438e+03 -1.677960000000020955e+03
-1.062954532374100836e+03 -1.393960000000020955e+03
-1.049149928057554007e+03 -1.894960000000020955e+03
-1.035345323741007178e+03 -2.267960000000020955e+03
-1.021540719424460463e+03 -1.833960000000020955e+03
-1.007736115107913747e+03 -1.327960000000020955e+03
-9.939315107913669181e+02 -1.914960000000020955e+03
-9.801269064748202027e+02 -1.775960000000020955e+03
-9.663223021582734873e+02 -1.926960000000020955e+03
-9.525176978417266582e+02 -2.472960000000020955e+03
-9.387130935251799428e+02 -1.544960000000020955e+03
-9.249084892086331138e+02 -2.267960000000020955e+03
-9.111038848920863984e+02 -1.627960000000020955e+03
-8.972992805755395693e+02 -1.987960000000020955e+03
-8.834946762589928539e+02 -1.467960000000020955e+03
-8.696900719424461386e+02 -2.080960000000020955e+03
-8.558854676258993095e+02 -1.162960000000020955e+03
-8.420808633093525941e+02 -1.818960000000020955e+03
-8.282762589928057650e+02 -1.665960000000020955e+03
-8.144716546762590497e+02 -1.943960000000020955e+03
-8.006670503597122206e+02 -2.125960000000020955e+03
-7.868624460431655052e+02 -2.027960000000020955e+03
-7.730578417266187898e+02 -2.509960000000020955e+03
-7.592532374100719608e+02 -2.131960000000020955e+03
-7.454486330935252454e+02 -1.730960000000020955e+03
-7.316440287769784163e+02 -1.869960000000020955e+03
-7.178394244604317009e+02 -1.475960000000020955e+03
-7.040348201438849856e+02 -1.660960000000020955e+03
-6.902302158273381565e+02 -1.650960000000020955e+03
-6.764256115107914411e+02 -2.421960000000020955e+03
-6.626210071942446120e+02 -2.119960000000020955e+03
-6.488164028776978967e+02 -1.995960000000020955e+03
-6.350117985611510676e+02 -1.762960000000020955e+03
-6.212071942446043522e+02 -1.048960000000020955e+03
-6.074025899280576368e+02 -1.569960000000020955e+03
-5.935979856115108078e+02 -1.351960000000020955e+03
-5.797933812949640924e+02 -2.476960000000020955e+03
-5.659887769784172633e+02 -1.485960000000020955e+03
-5.521841726618705479e+02 -2.357960000000020955e+03
-5.383795683453237189e+02 -2.313960000000020955e+03
-5.245749640287770035e+02 -1.998960000000020955e+03
-5.107703597122302313e+02 -2.959960000000020955e+03
-4.969657553956834590e+02 -2.340960000000020955e+03
-4.831611510791367436e+02 -2.775960000000020955e+03
-4.693565467625899714e+02 -2.821960000000020955e+03
-4.555519424460431992e+02 -3.121960000000020955e+03
-4.417473381294964270e+02 -1.198960000000020955e+03
-4.279427338129496547e+02 -2.419960000000020955e+03
-4.141381294964028825e+02 -1.858960000000020955e+03
-4.003335251798561103e+02 -2.606960000000020955e+03
-3.865289208633093949e+02 -2.481960000000020955e+03
-3.727243165467626227e+02 -2.509960000000020955e+03
-3.589197122302158505e+02 -1.541960000000020955e+03
-3.451151079136690782e+02 -2.463960000000020955e+03
-3.313105035971223060e+02 -2.143960000000020955e+03
-3.175058992805755338e+02 -2.524960000000020955e+03
-3.037012949640288184e+02 -1.615960000000020955e+03
-2.898966906474820462e+02 -2.321960000000020955e+03
-2.760920863309352740e+02 -3.096960000000020955e+03
-2.622874820143885017e+02 -2.776960000000020955e+03
-2.484828776978417295e+02 -2.980960000000020955e+03
-2.346782733812949857e+02 -2.704960000000020955e+03
-2.208736690647482135e+02 -1.764960000000020955e+03
-2.070690647482014413e+02 -2.511960000000020955e+03
-1.932644604316546975e+02 -2.515960000000020955e+03
-1.794598561151079252e+02 -1.840960000000020955e+03
-1.656552517985611530e+02 -1.384960000000020955e+03
-1.518506474820144092e+02 -2.383960000000020955e+03
-1.380460431654676370e+02 -2.182960000000020955e+03
-1.242414388489208648e+02 -1.733960000000020955e+03
-1.104368345323741067e+02 -1.570960000000020955e+03
-9.663223021582734873e+01 -1.621960000000020955e+03
-8.282762589928057650e+01 -9.259600000000209548e+02
-6.902302158273381849e+01 9.470399999999790452e+02
-5.521841726618705337e+01 3.414039999999979045e+03
-4.141381294964028825e+01 1.024103999999997905e+04
-2.760920863309352669e+01 2.321303999999997905e+04
-1.380460431654676334e+01 4.924103999999997905e+04
0.000000000000000000e+00 8.958303999999997905e+04
1.380460431654676334e+01 1.484760399999999790e+05
2.760920863309352669e+01 2.359230399999999790e+05
4.141381294964028825e+01 3.512290399999999790e+05
5.521841726618705337e+01 4.906000399999999790e+05
6.902302158273381849e+01 6.589740400000000373e+05
8.282762589928057650e+01 8.574220400000000373e+05
9.663223021582734873e+01 1.064884040000000037e+06
1.104368345323741067e+02 1.284849040000000037e+06
1.242414388489208648e+02 1.524908040000000037e+06
1.380460431654676370e+02 1.773325040000000037e+06
1.518506474820144092e+02 2.010270040000000037e+06
1.656552517985611530e+02 2.251402040000000037e+06
1.794598561151079252e+02 2.479696040000000037e+06
1.932644604316546975e+02 2.693853040000000037e+06
2.070690647482014413e+02 2.874188040000000037e+06
2.208736690647482135e+02 3.061982040000000037e+06
2.346782733812949857e+02 3.261886040000000037e+06
2.484828776978417295e+02 3.437911040000000037e+06
2.622874820143885017e+02 3.585355040000000037e+06
2.760920863309352740e+02 3.712764040000000037e+06
2.898966906474820462e+02 3.806990040000000037e+06
3.037012949640288184e+02 3.923878040000000037e+06
3.175058992805755338e+02 4.012329040000000037e+06
3.313105035971223060e+02 4.064809040000000037e+06
3.451151079136690782e+02 4.118558040000000037e+06
3.589197122302158505e+02 4.143956040000000037e+06
3.727243165467626227e+02 4.162756040000000037e+06
3.865289208633093949e+02 4.159944040000000037e+06
4.003335251798561103e+02 4.153058040000000037e+06
4.141381294964028825e+02 4.150956040000000037e+06
4.279427338129496547e+02 4.174037040000000037e+06
4.417473381294964270e+02 4.188921040000000037e+06
4.555519424460431992e+02 4.178223040000000037e+06
4.693565467625899714e+02 4.164549040000000037e+06
4.831611510791367436e+02 4.156573040000000037e+06
4.969657553956834590e+02 4.149170040000000037e+06
5.107703597122302313e+02 4.150811040000000037e+06
5.245749640287770035e+02 4.145069040000000037e+06
5.383795683453237189e+02 4.154854040000000037e+06
5.521841726618705479e+02 4.118153040000000037e+06
5.659887769784172633e+02 4.091879040000000037e+06
5.797933812949640924e+02 4.085106040000000037e+06
5.935979856115108078e+02 4.099333040000000037e+06
6.074025899280576368e+02 4.101801040000000037e+06
6.212071942446043522e+02 4.065917040000000037e+06
6.350117985611510676e+02 4.039815040000000037e+06
6.488164028776978967e+02 4.009374040000000037e+06
6.626210071942446120e+02 3.966472040000000037e+06
6.764256115107914411e+02 3.910443040000000037e+06
6.902302158273381565e+02 3.866673040000000037e+06
7.040348201438849856e+02 3.790924040000000037e+06
7.178394244604317009e+02 3.678723040000000037e+06
7.316440287769784163e+02 3.525539040000000037e+06
7.454486330935252454e+02 3.350637040000000037e+06
7.592532374100719608e+02 3.151660040000000037e+06
7.730578417266187898e+02 2.925026040000000037e+06
7.868624460431655052e+02 2.676002040000000037e+06
8.006670503597122206e+02 2.408213040000000037e+06
8.144716546762590497e+02 2.122455040000000037e+06
8.282762589928057650e+02 1.842221040000000037e+06
8.420808633093525941e+02 1.591011040000000037e+06
8.558854676258993095e+02 1.354230040000000037e+06
8.696900719424461386e+02 1.140319040000000037e+06
8.834946762589928539e+02 9.420080400000000373e+05
8.972992805755395693e+02 7.613760400000000373e+05
9.111038848920863984e+02 5.993130400000000373e+05
9.249084892086331138e+02 4.607190399999999790e+05
9.387130935251799428e+02 3.427220399999999790e+05
9.525176978417266582e+02 2.480420399999999790e+05
9.663223021582734873e+02 1.737350399999999790e+05
9.801269064748202027e+02 1.190170399999999790e+05
9.939315107913669181e+02 8.206503999999997905e+04
1.007736115107913747e+03 5.991403999999997905e+04
1.021540719424460463e+03 4.701203999999997905e+04
1.035345323741007178e+03 3.874003999999997905e+04
1.049149928057554007e+03 3.628903999999997905e+04
1.062954532374100836e+03 3.476203999999997905e+04
1.076759136690647438e+03 3.448403999999997905e+04
1.090563741007194267e+03 3.312403999999997905e+04
1.104368345323741096e+03 3.305703999999997905e+04
1.118172949640287925e+03 3.120403999999997905e+04
1.131977553956834527e+03 2.915203999999997905e+04
1.145782158273381356e+03 2.887803999999997905e+04
1.159586762589928185e+03 2.773503999999997905e+04
1.173391366906474786e+03 2.797403999999997905e+04
1.187195971223021616e+03 2.737503999999997905e+04
1.201000575539568445e+03 2.703603999999997905e+04
1.214805179856115274e+03 2.764403999999997905e+04
1.228609784172661875e+03 2.498803999999997905e+04
1.242414388489208704e+03 2.190003999999997905e+04
1.256218992805755533e+03 1.986303999999997905e+04
1.270023597122302135e+03 1.840303999999997905e+04
1.283828201438848964e+03 1.753403999999997905e+04
1.297632805755395793e+03 1.580903999999997905e+04
1.311437410071942622e+03 1.533803999999997905e+04
1.325242014388489224e+03 1.348603999999997905e+04
1.339046618705036053e+03 1.178203999999997905e+04
1.352851223021582882e+03 1.173703999999997905e+04
1.366655827338129484e+03 9.235039999999979045e+03
1.380460431654676313e+03 8.548039999999979045e+03
1.394265035971223142e+03 7.622039999999979045e+03
1.408069640287769971e+03 6.470039999999979045e+03
1.421874244604316573e+03 6.243039999999979045e+03
1.435678848920863402e+03 4.299039999999979045e+03
1.449483453237410231e+03 5.062039999999979045e+03
1.463288057553956833e+03 6.367039999999979045e+03
1.477092661870503662e+03 3.828039999999979045e+03
1.490897266187050491e+03 3.692039999999979045e+03
1.504701870503597092e+03 3.278039999999979045e+03
1.518506474820143922e+03 2.762039999999979045e+03
1.532311079136690751e+03 2.088039999999979045e+03
1.546115683453237580e+03 1.106039999999979045e+03
1.559920287769784181e+03 2.155039999999979045e+03
1.573724892086331010e+03 1.116039999999979045e+03
1.587529496402877840e+03 1.153039999999979045e+03
1.601334100719424441e+03 3.310399999999790452e+02
1.615138705035971270e+03 1.890399999999790452e+02
1.628943309352518099e+03 3.050399999999790452e+02
1.642747913669064928e+03 -1.849600000000209548e+02
1.656552517985611530e+03 -1.469600000000209548e+02
1.670357122302158359e+03 -1.089960000000020955e+03
1.684161726618705188e+03 -1.482960000000020955e+03
1.697966330935251790e+03 -1.630960000000020955e+03
1.711770935251798619e+03 -1.437960000000020955e+03
1.725575539568345448e+03 -8.839600000000209548e+02
1.739380143884892277e+03 -1.153960000000020955e+03
1.753184748201438879e+03 -1.350960000000020955e+03
1.766989352517985708e+03 -9.439600000000209548e+02
1.780793956834532537e+03 -1.062960000000020955e+03
1.794598561151079139e+03 -1.346960000000020955e+03
1.808403165467625968e+03 5.890399999999790452e+02
1.822207769784172797e+03 -7.349600000000209548e+02
1.836012374100719626e+03 -1.053960000000020955e+03
1.849816978417266228e+03 -7.489600000000209548e+02
1.863621582733813057e+03 -7.009600000000209548e+02
1.877426187050359886e+03 -1.551960000000020955e+03
1.891230791366906487e+03 -1.429960000000020955e+03
1.905035395683453316e+03 -2.275960000000020955e+03
1.918840000000000146e+03 -2.157960000000020955e+03
1.932644604316546975e+03 -1.435960000000020955e+03
1.946449208633093576e+03 -1.617960000000020955e+03
1.960253812949640405e+03 -1.485960000000020955e+03
1.974058417266187234e+03 -1.389960000000020955e+03
1.987863021582733836e+03 -1.709960000000020955e+03
2.001667625899280665e+03 -1.934960000000020955e+03
2.015472230215827494e+03 -9.789600000000209548e+02
2.029276834532374323e+03 -9.479600000000209548e+02
2.043081438848920925e+03 -2.029960000000020955e+03
2.056886043165467527e+03 -1.999960000000020955e+03
2.070690647482014356e+03 -1.960960000000020955e+03
2.084495251798561185e+03 -1.282960000000020955e+03
2.098299856115108014e+03 -1.771960000000020955e+03
2.112104460431654843e+03 -1.554960000000020955e+03
2.125909064748201672e+03 -1.861960000000020955e+03
2.139713669064748501e+03 -1.761960000000020955e+03
2.153518273381294875e+03 -9.569600000000209548e+02
2.167322877697841705e+03 -1.809960000000020955e+03
2.181127482014388534e+03 -2.419960000000020955e+03
2.194932086330935363e+03 -1.022960000000020955e+03
2.208736690647482192e+03 -1.717960000000020955e+03
2.222541294964029021e+03 -1.259960000000020955e+03
2.236345899280575850e+03 -2.243960000000020955e+03
2.250150503597122224e+03 -2.153960000000020955e+03
2.263955107913669053e+03 -1.107960000000020955e+03
2.277759712230215882e+03 -1.982960000000020955e+03
2.291564316546762711e+03 -1.867960000000020955e+03
2.305368920863309540e+03 -2.142960000000020955e+03
2.319173525179856370e+03 -2.117960000000020955e+03
2.332978129496403199e+03 -1.911960000000020955e+03
2.346782733812949573e+03 -1.961960000000020955e+03
2.360587338129496402e+03 -2.458960000000020955e+03
2.374391942446043231e+03 -2.105960000000020955e+03
2.388196546762590060e+03 -2.057960000000020955e+03
2.402001151079136889e+03 -2.079960000000020955e+03
2.415805755395683718e+03 -2.176960000000020955e+03
2.429610359712230547e+03 -1.971960000000020955e+03
2.443414964028776922e+03 -2.384960000000020955e+03
2.457219568345323751e+03 -2.300960000000020955e+03
2.471024172661870580e+03 -2.507960000000020955e+03
2.484828776978417409e+03 -2.200960000000020955e+03
2.498633381294964238e+03 -1.724960000000020955e+03
2.512437985611511067e+03 -2.353960000000020955e+03
2.526242589928057896e+03 -9.669600000000209548e+02
2.540047194244604270e+03 -2.448960000000020955e+03
2.553851798561151099e+03 -2.112960000000020955e+03
2.567656402877697928e+03 4.072039999999979045e+03
2.581461007194244758e+03 -1.569960000000020955e+03
2.595265611510791587e+03 -8.409600000000209548e+02
2.609070215827338416e+03 -8.919600000000209548e+02
2.622874820143885245e+03 -2.257960000000020955e+03
2.636679424460431619e+03 -2.059960000000020955e+03
2.650484028776978448e+03 -1.874960000000020955e+03
2.664288633093525277e+03 -2.054960000000020955e+03
2.678093237410072106e+03 -2.291960000000020955e+03
2.691897841726618935e+03 -2.152960000000020955e+03
2.705702446043165764e+03 -1.026960000000020955e+03
2.719507050359712593e+03 -2.203960000000020955e+03
2.733311654676258968e+03 -2.433960000000020955e+03
2.747116258992805797e+03 -2.755960000000020955e+03
2.760920863309352626e+03 -1.081960000000020955e+03
2.774725467625899455e+03 -2.287960000000020955e+03
2.788530071942446284e+03 -1.810960000000020955e+03
2.802334676258993113e+03 -2.363960000000020955e+03
2.816139280575539942e+03 -2.196960000000020955e+03
2.829943884892086317e+03 -2.517960000000020955e+03
2.843748489208633146e+03 -2.640960000000020955e+03
2.857553093525179975e+03 -2.075960000000020955e+03
2.871357697841726804e+03 -2.289960000000020955e+03
2.885162302158273633e+03 -2.654960000000020955e+03
2.898966906474820462e+03 -2.579960000000020955e+03
2.912771510791367291e+03 -2.198960000000020955e+03
2.926576115107913665e+03 -1.979960000000020955e+03
2.940380719424460494e+03 -1.929960000000020955e+03
2.954185323741007323e+03 -2.195960000000020955e+03
2.967989928057554152e+03 -2.332960000000020955e+03
2.981794532374100982e+03 -2.547960000000020955e+03
2.995599136690647811e+03 -2.534960000000020955e+03
3.009403741007194185e+03 -1.976960000000020955e+03
3.023208345323741014e+03 -2.011960000000020955e+03
3.037012949640287843e+03 -2.191960000000020955e+03
3.050817553956834672e+03 -2.358960000000020955e+03
3.064622158273381501e+03 -1.986960000000020955e+03
3.078426762589928330e+03 -2.376960000000020955e+03
3.092231366906475159e+03 -1.829960000000020955e+03
3.106035971223021534e+03 -1.485960000000020955e+03
3.119840575539568363e+03 -2.655960000000020955e+03
3.133645179856115192e+03 -2.801960000000020955e+03
3.147449784172662021e+03 -2.337960000000020955e+03
3.161254388489208850e+03 -1.467960000000020955e+03
3.175058992805755679e+03 -2.156960000000020955e+03
3.188863597122302508e+03 -2.194960000000020955e+03
3.202668201438848882e+03 -1.903960000000020955e+03
3.216472805755395711e+03 -2.150960000000020955e+03
3.230277410071942541e+03 -1.847960000000020955e+03
3.244082014388489370e+03 -1.329960000000020955e+03
3.257886618705036199e+03 -1.564960000000020955e+03
3.271691223021583028e+03 -1.635960000000020955e+03
3.285495827338129857e+03 -1.603960000000020955e+03
3.299300431654676231e+03 -1.563960000000020955e+03
3.313105035971223060e+03 -1.958960000000020955e+03
3.326909640287769889e+03 -1.584960000000020955e+03
3.340714244604316718e+03 -2.041960000000020955e+03
3.354518848920863547e+03 -1.105960000000020955e+03
3.368323453237410376e+03 -1.715960000000020955e+03
3.382128057553957206e+03 -1.383960000000020955e+03
3.395932661870503580e+03 -1.288960000000020955e+03
3.409737266187050409e+03 -9.359600000000209548e+02
3.423541870503597238e+03 -1.498960000000020955e+03
3.437346474820144067e+03 -1.480960000000020955e+03
3.451151079136690896e+03 -1.104960000000020955e+03
3.464955683453237725e+03 -1.798960000000020955e+03
3.478760287769784554e+03 -1.770960000000020955e+03
3.492564892086330929e+03 -2.060960000000020955e+03
3.506369496402877758e+03 -2.113960000000020955e+03
3.520174100719424587e+03 -1.543960000000020955e+03
3.533978705035971416e+03 -1.325960000000020955e+03
3.547783309352518245e+03 -7.309600000000209548e+02
3.561587913669065074e+03 -1.688960000000020955e+03
3.575392517985611903e+03 -7.179600000000209548e+02
3.589197122302158277e+03 -5.719600000000209548e+02
3.603001726618705106e+03 -1.420960000000020955e+03
3.616806330935251935e+03 -1.018960000000020955e+03
3.630610935251798765e+03 -1.274960000000020955e+03
3.644415539568345594e+03 -1.221960000000020955e+03
3.658220143884892423e+03 2.290399999999790452e+02
3.672024748201439252e+03 -3.929600000000209548e+02
3.685829352517985626e+03 -1.186960000000020955e+03
3.699633956834532455e+03 -1.169600000000209548e+02
3.713438561151079284e+03 7.039999999979045242e+00
3.727243165467626113e+03 -1.532960000000020955e+03
3.741047769784172942e+03 -1.651960000000020955e+03
3.754852374100719771e+03 -3.729600000000209548e+02
3.768656978417266600e+03 -8.819600000000209548e+02
3.782461582733812975e+03 -3.139600000000209548e+02
3.796266187050359804e+03 -4.429600000000209548e+02
3.810070791366906633e+03 -9.749600000000209548e+02
3.823875395683453462e+03 -3.896000000002095476e+01
3.837680000000000291e+03 -1.357960000000020955e+03
3.851484604316547120e+03 -5.919600000000209548e+02
3.865289208633093949e+03 -2.189600000000209548e+02
3.879093812949640323e+03 -6.419600000000209548e+02
3.892898417266187153e+03 6.960399999999790452e+02
3.906703021582733982e+03 -6.179600000000209548e+02
3.920507625899280811e+03 -6.329600000000209548e+02
3.934312230215827640e+03 -2.669600000000209548e+02
3.948116834532374469e+03 -4.719600000000209548e+02
3.961921438848921298e+03 -4.409600000000209548e+02
3.975726043165467672e+03 -6.329600000000209548e+02
3.989530647482014501e+03 4.003999999997904524e+01
4.003335251798561330e+03 1.530399999999790452e+02
4.017139856115108159e+03 -6.349600000000209548e+02
4.030944460431654988e+03 -1.091960000000020955e+03
4.044749064748201818e+03 -5.559600000000209548e+02
4.058553669064748647e+03 -8.960000000020954758e+00
4.072358273381295021e+03 -4.319600000000209548e+02
4.086162877697841850e+03 5.803999999997904524e+01
4.099967482014389134e+03 6.530399999999790452e+02
4.113772086330935053e+03 2.660399999999790452e+02
4.127576690647481882e+03 6.290399999999790452e+02
4.141381294964028712e+03 8.120399999999790452e+02
4.155185899280575541e+03 6.620399999999790452e+02
4.168990503597122370e+03 1.685039999999979045e+03
4.182795107913669199e+03 1.008039999999979045e+03
4.196599712230216028e+03 1.054039999999979045e+03
4.210404316546762857e+03 1.150399999999790452e+02
4.224208920863309686e+03 5.390399999999790452e+02
4.238013525179856515e+03 5.720399999999790452e+02
4.251818129496403344e+03 2.080399999999790452e+02
4.265622733812950173e+03 2.400399999999790452e+02
4.279427338129497002e+03 -5.579600000000209548e+02
4.293231942446043831e+03 8.003999999997904524e+01
4.307036546762589751e+03 5.080399999999790452e+02
4.320841151079136580e+03 7.010399999999790452e+02
4.334645755395683409e+03 -2.919600000000209548e+02
4.348450359712230238e+03 5.820399999999790452e+02
4.362254964028777067e+03 1.022039999999979045e+03
4.376059568345323896e+03 3.886039999999979045e+03
4.389864172661870725e+03 -1.449600000000209548e+02
4.403668776978417554e+03 3.260399999999790452e+02
4.417473381294964383e+03 3.070399999999790452e+02
4.431277985611511212e+03 -2.159600000000209548e+02
4.445082589928058042e+03 -1.359600000000209548e+02
4.458887194244604871e+03 1.130039999999979045e+03
4.472691798561151700e+03 8.140399999999790452e+02
4.486496402877698529e+03 9.700399999999790452e+02
4.500301007194244448e+03 2.940399999999790452e+02
4.514105611510791277e+03 8.890399999999790452e+02
4.527910215827338106e+03 2.110399999999790452e+02
4.541714820143884936e+03 3.790399999999790452e+02
4.555519424460431765e+03 4.550399999999790452e+02
4.569324028776978594e+03 1.050399999999790452e+02
4.583128633093525423e+03 1.292039999999979045e+03
4.596933237410072252e+03 1.559039999999979045e+03
4.610737841726619081e+03 3.170399999999790452e+02
4.624542446043165910e+03 7.740399999999790452e+02
4.638347050359712739e+03 1.115039999999979045e+03
4.652151654676259568e+03 5.460399999999790452e+02
4.665956258992806397e+03 1.243039999999979045e+03
4.679760863309353226e+03 1.040039999999979045e+03
4.693565467625899146e+03 2.663039999999979045e+03
4.707370071942445975e+03 6.680399999999790452e+02
4.721174676258992804e+03 -1.349600000000209548e+02
4.734979280575539633e+03 3.670399999999790452e+02
4.748783884892086462e+03 9.830399999999790452e+02
4.762588489208633291e+03 1.240039999999979045e+03
4.776393093525180120e+03 1.300039999999979045e+03
4.790197697841726949e+03 3.740399999999790452e+02
4.804002302158273778e+03 9.603999999997904524e+01
4.817806906474820607e+03 4.900399999999790452e+02
4.831611510791367436e+03 1.360399999999790452e+02
4.845416115107914266e+03 1.468039999999979045e+03
4.859220719424461095e+03 4.710399999999790452e+02
4.873025323741007014e+03 3.220399999999790452e+02
4.886829928057553843e+03 4.170399999999790452e+02
4.900634532374100672e+03 4.720399999999790452e+02
4.914439136690647501e+03 3.880399999999790452e+02
4.928243741007194330e+03 -1.809600000000209548e+02
4.942048345323741160e+03 8.630399999999790452e+02
4.955852949640287989e+03 8.470399999999790452e+02
4.969657553956834818e+03 8.980399999999790452e+02
4.983462158273381647e+03 1.510399999999790452e+02
4.997266762589928476e+03 3.460399999999790452e+02
5.011071366906475305e+03 1.103999999997904524e+01
5.024875971223022134e+03 -1.629600000000209548e+02
5.038680575539568963e+03 -4.059600000000209548e+02
5.052485179856115792e+03 1.546039999999979045e+03
5.066289784172661712e+03 8.620399999999790452e+02
5.080094388489208541e+03 1.387039999999979045e+03
5.093898992805755370e+03 1.157039999999979045e+03
5.107703597122302199e+03 1.461039999999979045e+03
5.121508201438849028e+03 3.710399999999790452e+02
5.135312805755395857e+03 3.930399999999790452e+02
5.149117410071942686e+03 -4.960000000020954758e+00
5.162922014388489515e+03 -5.663960000000020955e+03
5.176726618705036344e+03 -1.242396000000002095e+04
5.190531223021583173e+03 -1.232696000000002095e+04
5.204335827338130002e+03 -1.222896000000002095e+04
5.218140431654676831e+03 -1.229596000000002095e+04
5.231945035971223660e+03 -1.233496000000002095e+04
5.245749640287770490e+03 -1.245296000000002095e+04
5.259554244604316409e+03 -1.234696000000002095e+04
5.273358848920863238e+03 -1.231796000000002095e+04
5.287163453237410067e+03 -1.232396000000002095e+04
5.300968057553956896e+03 -1.240296000000002095e+04
5.314772661870503725e+03 -1.236496000000002095e+04
5.328577266187050554e+03 -1.214496000000002095e+04
5.342381870503597384e+03 -1.220596000000002095e+04
5.356186474820144213e+03 -1.236896000000002095e+04
5.369991079136691042e+03 -1.237196000000002095e+04
5.383795683453237871e+03 -1.205396000000002095e+04
5.397600287769784700e+03 -1.219696000000002095e+04
5.411404892086331529e+03 -1.216096000000002095e+04
5.425209496402878358e+03 -1.234996000000002095e+04
5.439014100719425187e+03 -1.237896000000002095e+04
5.452818705035971107e+03 -1.250096000000002095e+04
5.466623309352517936e+03 -1.228796000000002095e+04
5.480427913669064765e+03 -1.225296000000002095e+04
