-1.918840000000000146e+03 -1.059650000000023283e+03
-1.905035395683453316e+03 -6.875650000000023283e+03
-1.891230791366906487e+03 -8.046650000000023283e+03
-1.877426187050359886e+03 -8.802650000000023283e+03
-1.863621582733813057e+03 -8.928650000000023283e+03
-1.849816978417266228e+03 -9.373650000000023283e+03
-1.836012374100719626e+03 -9.661650000000023283e+03
-1.822207769784172797e+03 -9.912650000000023283e+03
-1.808403165467625968e+03 -1.025265000000002328e+04
-1.794598561151079139e+03 -1.055365000000002328e+04
-1.780793956834532537e+03 -1.038465000000002328e+04
-1.766989352517985708e+03 -1.065365000000002328e+04
-1.753184748201438879e+03 -5.592650000000023283e+03
-1.739380143884892277e+03 1.543499999999767169e+02
-1.725575539568345448e+03 -3.206500000000232831e+02
-1.711770935251798619e+03 -5.316500000000232831e+02
-1.697966330935251790e+03 -8.236500000000232831e+02
-1.684161726618705188e+03 1.033499999999767169e+02
-1.670357122302158359e+03 -1.010650000000023283e+03
-1.656552517985611530e+03 -1.382650000000023283e+03
-1.642747913669064928e+03 -8.316500000000232831e+02
-1.628943309352518099e+03 -1.083650000000023283e+03
-1.615138705035971270e+03 -1.176650000000023283e+03
-1.601334100719424441e+03 2.096349999999976717e+03
-1.587529496402877840e+03 -1.597650000000023283e+03
-1.573724892086331010e+03 -1.233650000000023283e+03
-1.559920287769784181e+03 -4.846500000000232831e+02
-1.546115683453237580e+03 -2.273650000000023283e+03
-1.532311079136690751e+03 -9.966500000000232831e+02
-1.518506474820143922e+03 -1.615650000000023283e+03
-1.504701870503597092e+03 -1.517650000000023283e+03
-1.490897266187050491e+03 -1.988650000000023283e+03
-1.477092661870503662e+03 -2.611650000000023283e+03
-1.463288057553956833e+03 -2.165650000000023283e+03
-1.449483453237410231e+03 -2.688650000000023283e+03
-1.435678848920863402e+03 -2.324650000000023283e+03
-1.421874244604316573e+03 -1.528650000000023283e+03
-1.408069640287769971e+03 -2.363650000000023283e+03
-1.394265035971223142e+03 -1.127650000000023283e+03
-1.380460431654676313e+03 -2.419650000000023283e+03
-1.366655827338129484e+03 -1.372650000000023283e+03
-1.352851223021582882e+03 -2.382650000000023283e+03
-1.339046618705036053e+03 -1.516650000000023283e+03
-1.325242014388489224e+03 -1.714650000000023283e+03
-1.311437410071942622e+03 -2.251650000000023283e+03
-1.297632805755395793e+03 -2.282650000000023283e+03
-1.283828201438848964e+03 -1.969650000000023283e+03
-1.270023597122302135e+03 -8.276500000000232831e+02
-1.256218992805755533e+03 -2.212650000000023283e+03
-1.242414388489208704e+03 -2.062650000000023283e+03
-1.228609784172661875e+03 -1.956650000000023283e+03
-1.214805179856115274e+03 -2.002650000000023283e+03
-1.201000575539568445e+03 -2.119650000000023283e+03
-1.187195971223021616e+03 -1.355650000000023283e+03
-1.173391366906474786e+03 -1.058650000000023283e+03
-1.159586762589928185e+03 -1.824650000000023283e+03
-1.145782158273381356e+03 -1.516650000000023283e+03
-1.131977553956834527e+03 -1.689650000000023283e+03
-1.118172949640287925e+03 -2.182650000000023283e+03
-1.104368345323741096e+03 -2.564650000000023283e+03
-1.090563741007194267e+03 -2.345650000000023283e+03
-1.076759136690647438e+03 -1.623650000000023283e+03
-1.062954532374100836e+03 -2.337650000000023283e+03
-1.049149928057554007e+03 -1.949650000000023283e+03
-1.035345323741007178e+03 -1.768650000000023283e+03
-1.021540719424460463e+03 -1.061650000000023283e+03
-1.007736115107913747e+03 -2.225650000000023283e+03
-9.939315107913669181e+02 -1.452650000000023283e+03
-9.801269064748202027e+02 -1.886650000000023283e+03
-9.663223021582734873e+02 -1.472650000000023283e+03
-9.525176978417266582e+02 -1.879650000000023283e+03
-9.387130935251799428e+02 -2.729650000000023283e+03
-9.249084892086331138e+02 -1.740650000000023283e+03
-9.111038848920863984e+02 -1.158650000000023283e+03
-8.972992805755395693e+02 -1.680650000000023283e+03
-8.834946762589928539e+02 -2.198650000000023283e+03
-8.696900719424461386e+02 -1.548650000000023283e+03
-8.558854676258993095e+02 -1.424650000000023283e+03
-8.420808633093525941e+02 -1.327650000000023283e+03
-8.282762589928057650e+02 -1.478650000000023283e+03
-8.144716546762590497e+02 -1.282650000000023283e+03
-8.006670503597122206e+02 -2.057650000000023283e+03
-7.868624460431655052e+02 -1.484650000000023283e+03
-7.730578417266187898e+02 -1.656650000000023283e+03
-7.592532374100719608e+02 -1.690650000000023283e+03
-7.454486330935252454e+02 -1.864650000000023283e+03
-7.316440287769784163e+02 -1.908650000000023283e+03
-7.178394244604317009e+02 -2.207650000000023283e+03
-7.040348201438849856e+02 -1.823650000000023283e+03
-6.902302158273381565e+02 -2.077650000000023283e+03
-6.764256115107914411e+02 -1.510650000000023283e+03
-6.626210071942446120e+02 -1.445650000000023283e+03
-6.488164028776978967e+02 -1.521650000000023283e+03
-6.350117985611510676e+02 -1.640650000000023283e+03
-6.212071942446043522e+02 -2.166650000000023283e+03
-6.074025899280576368e+02 -1.810650000000023283e+03
-5.935979856115108078e+02 -1.811650000000023283e+03
-5.797933812949640924e+02 -1.826650000000023283e+03
-5.659887769784172633e+02 -1.289650000000023283e+03
-5.521841726618705479e+02 -1.805650000000023283e+03
-5.383795683453237189e+02 -1.677650000000023283e+03
-5.245749640287770035e+02 -2.224650000000023283e+03
-5.107703597122302313e+02 -1.337650000000023283e+03
-4.969657553956834590e+02 -2.264650000000023283e+03
-4.831611510791367436e+02 -1.805650000000023283e+03
-4.693565467625899714e+02 -1.263650000000023283e+03
-4.555519424460431992e+02 -1.763650000000023283e+03
-4.417473381294964270e+02 -1.953650000000023283e+03
-4.279427338129496547e+02 -2.313650000000023283e+03
-4.141381294964028825e+02 -1.253650000000023283e+03
-4.003335251798561103e+02 -1.695650000000023283e+03
-3.865289208633093949e+02 -2.378650000000023283e+03
-3.727243165467626227e+02 -2.133650000000023283e+03
-3.589197122302158505e+02 -3.097650000000023283e+03
-3.451151079136690782e+02 -2.247650000000023283e+03
-3.313105035971223060e+02 -2.412650000000023283e+03
-3.175058992805755338e+02 -2.149650000000023283e+03
-3.037012949640288184e+02 -2.397650000000023283e+03
-2.898966906474820462e+02 -1.013650000000023283e+03
-2.760920863309352740e+02 -2.393650000000023283e+03
-2.622874820143885017e+02 -1.942650000000023283e+03
-2.484828776978417295e+02 -2.047650000000023283e+03
-2.346782733812949857e+02 -1.825650000000023283e+03
-2.208736690647482135e+02 -1.746650000000023283e+03
-2.070690647482014413e+02 -1.723650000000023283e+03
-1.932644604316546975e+02 -1.625650000000023283e+03
-1.794598561151079252e+02 -1.174650000000023283e+03
-1.656552517985611530e+02 -1.194650000000023283e+03
-1.518506474820144092e+02 -1.384650000000023283e+03
-1.380460431654676370e+02 -1.630650000000023283e+03
-1.242414388489208648e+02 -1.834650000000023283e+03
-1.104368345323741067e+02 -1.214650000000023283e+03
-9.663223021582734873e+01 -1.350650000000023283e+03
-8.282762589928057650e+01 -1.059650000000023283e+03
-6.902302158273381849e+01 1.081349999999976717e+03
-5.521841726618705337e+01 3.656349999999976717e+03
-4.141381294964028825e+01 9.658349999999976717e+03
-2.760920863309352669e+01 2.478334999999997672e+04
-1.380460431654676334e+01 5.203334999999997672e+04
0.000000000000000000e+00 9.585934999999997672e+04
1.380460431654676334e+01 1.628053499999999767e+05
2.760920863309352669e+01 2.474283499999999767e+05
4.141381294964028825e+01 3.603733499999999767e+05
5.521841726618705337e+01 5.055343499999999767e+05
6.902302158273381849e+01 6.726043499999999767e+05
8.282762589928057650e+01 8.505583499999999767e+05
9.663223021582734873e+01 1.037758349999999977e+06
1.104368345323741067e+02 1.255413350000000093e+06
1.242414388489208648e+02 1.475162350000000093e+06
1.380460431654676370e+02 1.706940350000000093e+06
1.518506474820144092e+02 1.942759350000000093e+06
1.656552517985611530e+02 2.168717350000000093e+06
1.794598561151079252e+02 2.386632350000000093e+06
1.932644604316546975e+02 2.606810350000000093e+06
2.070690647482014413e+02 2.806396350000000093e+06
2.208736690647482135e+02 2.997787350000000093e+06
2.346782733812949857e+02 3.172148350000000093e+06
2.484828776978417295e+02 3.326822350000000093e+06
2.622874820143885017e+02 3.461371350000000093e+06
2.760920863309352740e+02 3.575840350000000093e+06
2.898966906474820462e+02 3.681621350000000093e+06
3.037012949640288184e+02 3.765999350000000093e+06
3.175058992805755338e+02 3.830921350000000093e+06
3.313105035971223060e+02 3.868061350000000093e+06
3.451151079136690782e+02 3.916639350000000093e+06
3.589197122302158505e+02 3.951721350000000093e+06
3.727243165467626227e+02 3.973450350000000093e+06
3.865289208633093949e+02 3.994846350000000093e+06
4.003335251798561103e+02 4.000239350000000093e+06
4.141381294964028825e+02 4.002886350000000093e+06
4.279427338129496547e+02 4.038822350000000093e+06
4.417473381294964270e+02 4.063428350000000093e+06
4.555519424460431992e+02 4.099123350000000093e+06
4.693565467625899714e+02 4.122862350000000093e+06
4.831611510791367436e+02 4.133803350000000093e+06
4.969657553956834590e+02 4.137312350000000093e+06
5.107703597122302313e+02 4.131486350000000093e+06
5.245749640287770035e+02 4.126202350000000093e+06
5.383795683453237189e+02 4.131420350000000093e+06
5.521841726618705479e+02 4.147912350000000093e+06
5.659887769784172633e+02 4.154458350000000093e+06
5.797933812949640924e+02 4.149945350000000093e+06
5.935979856115108078e+02 4.152706350000000093e+06
6.074025899280576368e+02 4.147124350000000093e+06
6.212071942446043522e+02 4.135554350000000093e+06
6.350117985611510676e+02 4.132645350000000093e+06
6.488164028776978967e+02 4.130105350000000093e+06
6.626210071942446120e+02 4.125632350000000093e+06
6.764256115107914411e+02 4.145128350000000093e+06
6.902302158273381565e+02 4.159072350000000093e+06
7.040348201438849856e+02 4.163111350000000093e+06
7.178394244604317009e+02 4.148245350000000093e+06
7.316440287769784163e+02 4.144196350000000093e+06
7.454486330935252454e+02 4.156617350000000093e+06
7.592532374100719608e+02 4.166634350000000093e+06
7.730578417266187898e+02 4.162351350000000093e+06
7.868624460431655052e+02 4.172358350000000093e+06
8.006670503597122206e+02 4.168350350000000093e+06
8.144716546762590497e+02 4.165639350000000093e+06
8.282762589928057650e+02 4.171620350000000093e+06
8.420808633093525941e+02 4.162895350000000093e+06
8.558854676258993095e+02 4.172925350000000093e+06
8.696900719424461386e+02 4.167075350000000093e+06
8.834946762589928539e+02 4.139251350000000093e+06
8.972992805755395693e+02 4.141540350000000093e+06
9.111038848920863984e+02 4.139329350000000093e+06
9.249084892086331138e+02 4.131716350000000093e+06
9.387130935251799428e+02 4.125581350000000093e+06
9.525176978417266582e+02 4.110712350000000093e+06
9.663223021582734873e+02 4.113425350000000093e+06
9.801269064748202027e+02 4.112857350000000093e+06
9.939315107913669181e+02 4.108194350000000093e+06
1.007736115107913747e+03 4.082673350000000093e+06
1.021540719424460463e+03 4.046022350000000093e+06
1.035345323741007178e+03 4.029509350000000093e+06
1.049149928057554007e+03 4.002697350000000093e+06
1.062954532374100836e+03 3.988921350000000093e+06
1.076759136690647438e+03 3.939436350000000093e+06
1.090563741007194267e+03 3.873857350000000093e+06
1.104368345323741096e+03 3.829879350000000093e+06
1.118172949640287925e+03 3.767786350000000093e+06
1.131977553956834527e+03 3.661179350000000093e+06
1.145782158273381356e+03 3.542530350000000093e+06
1.159586762589928185e+03 3.391816350000000093e+06
1.173391366906474786e+03 3.206764350000000093e+06
1.187195971223021616e+03 3.001121350000000093e+06
1.201000575539568445e+03 2.795649350000000093e+06
1.214805179856115274e+03 2.556818350000000093e+06
1.228609784172661875e+03 2.312519350000000093e+06
1.242414388489208704e+03 2.054393350000000093e+06
1.256218992805755533e+03 1.801929350000000093e+06
1.270023597122302135e+03 1.572969350000000093e+06
1.283828201438848964e+03 1.350141350000000093e+06
1.297632805755395793e+03 1.121064350000000093e+06
1.311437410071942622e+03 9.232803499999999767e+05
1.325242014388489224e+03 7.494833499999999767e+05
1.339046618705036053e+03 5.948513499999999767e+05
1.352851223021582882e+03 4.686023499999999767e+05
1.366655827338129484e+03 3.622763499999999767e+05
1.380460431654676313e+03 2.686743499999999767e+05
1.394265035971223142e+03 2.013683499999999767e+05
1.408069640287769971e+03 1.501923499999999767e+05
1.421874244604316573e+03 1.095433499999999767e+05
1.435678848920863402e+03 8.108034999999997672e+04
1.449483453237410231e+03 6.155734999999997672e+04
1.463288057553956833e+03 4.874134999999997672e+04
1.477092661870503662e+03 4.146834999999997672e+04
1.490897266187050491e+03 3.622634999999997672e+04
1.504701870503597092e+03 3.317034999999997672e+04
1.518506474820143922e+03 2.946334999999997672e+04
1.532311079136690751e+03 3.039034999999997672e+04
1.546115683453237580e+03 3.025734999999997672e+04
1.559920287769784181e+03 2.983734999999997672e+04
1.573724892086331010e+03 2.854334999999997672e+04
1.587529496402877840e+03 2.618834999999997672e+04
1.601334100719424441e+03 2.712834999999997672e+04
1.615138705035971270e+03 2.753534999999997672e+04
1.628943309352518099e+03 2.400734999999997672e+04
1.642747913669064928e+03 2.373534999999997672e+04
1.656552517985611530e+03 2.233634999999997672e+04
1.670357122302158359e+03 2.115934999999997672e+04
1.684161726618705188e+03 2.000334999999997672e+04
1.697966330935251790e+03 1.886734999999997672e+04
1.711770935251798619e+03 1.829034999999997672e+04
1.725575539568345448e+03 1.415134999999997672e+04
1.739380143884892277e+03 1.310334999999997672e+04
1.753184748201438879e+03 1.275534999999997672e+04
1.766989352517985708e+03 1.478734999999997672e+04
1.780793956834532537e+03 1.157534999999997672e+04
1.794598561151079139e+03 1.042934999999997672e+04
1.808403165467625968e+03 9.801349999999976717e+03
1.822207769784172797e+03 7.738349999999976717e+03
1.836012374100719626e+03 8.211349999999976717e+03
1.849816978417266228e+03 7.297349999999976717e+03
1.863621582733813057e+03 6.595349999999976717e+03
1.877426187050359886e+03 6.835349999999976717e+03
1.891230791366906487e+03 5.697349999999976717e+03
1.905035395683453316e+03 4.069349999999976717e+03
1.918840000000000146e+03 3.885349999999976717e+03
1.932644604316546975e+03 3.484349999999976717e+03
1.946449208633093576e+03 2.257349999999976717e+03
1.960253812949640405e+03 3.013349999999976717e+03
1.974058417266187234e+03 3.516349999999976717e+03
1.987863021582733836e+03 2.405349999999976717e+03
2.001667625899280665e+03 2.613349999999976717e+03
2.015472230215827494e+03 2.594349999999976717e+03
2.029276834532374323e+03 1.449349999999976717e+03
2.043081438848920925e+03 1.125349999999976717e+03
2.056886043165467527e+03 1.000349999999976717e+03
2.070690647482014356e+03 7.443499999999767169e+02
2.084495251798561185e+03 4.634999999997671694e+01
2.098299856115108014e+03 -8.665000000002328306e+01
2.112104460431654843e+03 -1.416500000000232831e+02
2.125909064748201672e+03 -4.706500000000232831e+02
2.139713669064748501e+03 -1.404650000000023283e+03
2.153518273381294875e+03 -2.147650000000023283e+03
2.167322877697841705e+03 -8.286500000000232831e+02
2.181127482014388534e+03 -9.956500000000232831e+02
2.194932086330935363e+03 -9.096500000000232831e+02
2.208736690647482192e+03 -1.251650000000023283e+03
2.222541294964029021e+03 -1.459650000000023283e+03
2.236345899280575850e+03 -7.376500000000232831e+02
2.250150503597122224e+03 -1.404650000000023283e+03
2.263955107913669053e+03 -1.198650000000023283e+03
2.277759712230215882e+03 -1.041650000000023283e+03
2.291564316546762711e+03 -1.027650000000023283e+03
2.305368920863309540e+03 -4.046500000000232831e+02
2.319173525179856370e+03 -9.726500000000232831e+02
2.332978129496403199e+03 -1.678650000000023283e+03
2.346782733812949573e+03 -8.366500000000232831e+02
2.360587338129496402e+03 -6.376500000000232831e+02
2.374391942446043231e+03 -8.506500000000232831e+02
2.388196546762590060e+03 -1.613650000000023283e+03
2.402001151079136889e+03 -9.346500000000232831e+02
2.415805755395683718e+03 -5.476500000000232831e+02
2.429610359712230547e+03 -1.004650000000023283e+03
2.443414964028776922e+03 -4.046500000000232831e+02
2.457219568345323751e+03 -1.297650000000023283e+03
2.471024172661870580e+03 -1.617650000000023283e+03
2.484828776978417409e+03 -1.575650000000023283e+03
2.498633381294964238e+03 -1.488650000000023283e+03
2.512437985611511067e+03 -2.053650000000023283e+03
2.526242589928057896e+03 -1.781650000000023283e+03
2.540047194244604270e+03 -1.489650000000023283e+03
2.553851798561151099e+03 -2.011650000000023283e+03
2.567656402877697928e+03 -2.711650000000023283e+03
2.581461007194244758e+03 -1.823650000000023283e+03
2.595265611510791587e+03 -1.800650000000023283e+03
2.609070215827338416e+03 -1.709650000000023283e+03
2.622874820143885245e+03 -1.376650000000023283e+03
2.636679424460431619e+03 -1.414650000000023283e+03
2.650484028776978448e+03 -1.050650000000023283e+03
2.664288633093525277e+03 -1.717650000000023283e+03
2.678093237410072106e+03 -1.245650000000023283e+03
2.691897841726618935e+03 -2.131650000000023283e+03
2.705702446043165764e+03 -1.139650000000023283e+03
2.719507050359712593e+03 4.733349999999976717e+03
2.733311654676258968e+03 -1.314650000000023283e+03
2.747116258992805797e+03 -5.676500000000232831e+02
2.760920863309352626e+03 -5.496500000000232831e+02
2.774725467625899455e+03 -1.471650000000023283e+03
2.788530071942446284e+03 -7.866500000000232831e+02
2.802334676258993113e+03 -9.576500000000232831e+02
2.816139280575539942e+03 -1.930650000000023283e+03
2.829943884892086317e+03 -1.184650000000023283e+03
2.843748489208633146e+03 -2.116650000000023283e+03
2.857553093525179975e+03 -1.098650000000023283e+03
2.871357697841726804e+03 -2.003650000000023283e+03
2.885162302158273633e+03 -1.684650000000023283e+03
2.898966906474820462e+03 -2.142650000000023283e+03
2.912771510791367291e+03 -2.110650000000023283e+03
2.926576115107913665e+03 -2.274650000000023283e+03
2.940380719424460494e+03 -1.193650000000023283e+03
2.954185323741007323e+03 -1.826650000000023283e+03
2.967989928057554152e+03 -1.707650000000023283e+03
2.981794532374100982e+03 -2.222650000000023283e+03
2.995599136690647811e+03 -2.064650000000023283e+03
3.009403741007194185e+03 -1.890650000000023283e+03
3.023208345323741014e+03 -1.793650000000023283e+03
3.037012949640287843e+03 -3.034650000000023283e+03
3.050817553956834672e+03 -2.622650000000023283e+03
3.064622158273381501e+03 -2.544650000000023283e+03
3.078426762589928330e+03 -1.868650000000023283e+03
3.092231366906475159e+03 -1.251650000000023283e+03
3.106035971223021534e+03 -2.336650000000023283e+03
3.119840575539568363e+03 -2.391650000000023283e+03
3.133645179856115192e+03 -2.631650000000023283e+03
3.147449784172662021e+03 -2.399650000000023283e+03
3.161254388489208850e+03 -1.618650000000023283e+03
3.175058992805755679e+03 -1.138650000000023283e+03
3.188863597122302508e+03 -2.015650000000023283e+03
3.202668201438848882e+03 -1.872650000000023283e+03
3.216472805755395711e+03 -1.854650000000023283e+03
3.230277410071942541e+03 -1.791650000000023283e+03
3.244082014388489370e+03 -1.496650000000023283e+03
3.257886618705036199e+03 -1.186650000000023283e+03
3.271691223021583028e+03 -2.376650000000023283e+03
3.285495827338129857e+03 -1.911650000000023283e+03
3.299300431654676231e+03 -1.654650000000023283e+03
3.313105035971223060e+03 -1.202650000000023283e+03
3.326909640287769889e+03 -1.508650000000023283e+03
3.340714244604316718e+03 -2.051650000000023283e+03
3.354518848920863547e+03 -1.892650000000023283e+03
3.368323453237410376e+03 -1.741650000000023283e+03
3.382128057553957206e+03 -1.490650000000023283e+03
3.395932661870503580e+03 -6.786500000000232831e+02
3.409737266187050409e+03 -6.126500000000232831e+02
3.423541870503597238e+03 -8.476500000000232831e+02
3.437346474820144067e+03 -1.097650000000023283e+03
3.451151079136690896e+03 -1.290650000000023283e+03
3.464955683453237725e+03 -1.186650000000023283e+03
3.478760287769784554e+03 -1.490650000000023283e+03
3.492564892086330929e+03 -1.640650000000023283e+03
3.506369496402877758e+03 -9.156500000000232831e+02
3.520174100719424587e+03 -1.272650000000023283e+03
3.533978705035971416e+03 -1.016650000000023283e+03
3.547783309352518245e+03 -1.089650000000023283e+03
3.561587913669065074e+03 -1.025650000000023283e+03
3.575392517985611903e+03 -1.166650000000023283e+03
3.589197122302158277e+03 -1.188650000000023283e+03
3.603001726618705106e+03 -8.806500000000232831e+02
3.616806330935251935e+03 -1.660650000000023283e+03
3.630610935251798765e+03 -1.785650000000023283e+03
3.644415539568345594e+03 -1.548650000000023283e+03
3.658220143884892423e+03 -1.199650000000023283e+03
3.672024748201439252e+03 -1.421650000000023283e+03
3.685829352517985626e+03 -6.266500000000232831e+02
3.699633956834532455e+03 -7.165000000002328306e+01
3.713438561151079284e+03 -1.348650000000023283e+03
3.727243165467626113e+03 -9.036500000000232831e+02
3.741047769784172942e+03 -7.466500000000232831e+02
3.754852374100719771e+03 -6.626500000000232831e+02
3.768656978417266600e+03 -9.616500000000232831e+02
3.782461582733812975e+03 -1.161650000000023283e+03
3.796266187050359804e+03 -1.086650000000023283e+03
3.810070791366906633e+03 2.634999999997671694e+01
3.823875395683453462e+03 -5.065000000002328306e+01
3.837680000000000291e+03 -8.916500000000232831e+02
3.851484604316547120e+03 1.943499999999767169e+02
3.865289208633093949e+03 -4.986500000000232831e+02
3.879093812949640323e+03 -1.516650000000023283e+03
3.892898417266187153e+03 -8.666500000000232831e+02
3.906703021582733982e+03 5.234999999997671694e+01
3.920507625899280811e+03 -8.636500000000232831e+02
3.934312230215827640e+03 -7.286500000000232831e+02
3.948116834532374469e+03 -7.666500000000232831e+02
3.961921438848921298e+03 -4.806500000000232831e+02
3.975726043165467672e+03 7.534999999997671694e+01
3.989530647482014501e+03 -1.271650000000023283e+03
4.003335251798561330e+03 2.693499999999767169e+02
4.017139856115108159e+03 8.903499999999767169e+02
4.030944460431654988e+03 1.673499999999767169e+02
4.044749064748201818e+03 7.373499999999767169e+02
4.058553669064748647e+03 -5.366500000000232831e+02
4.072358273381295021e+03 -3.865000000002328306e+01
4.086162877697841850e+03 -3.806500000000232831e+02
4.099967482014389134e+03 -4.976500000000232831e+02
4.113772086330935053e+03 -1.236500000000232831e+02
4.127576690647481882e+03 -1.656500000000232831e+02
4.141381294964028712e+03 3.673499999999767169e+02
4.155185899280575541e+03 6.583499999999767169e+02
4.168990503597122370e+03 -2.776500000000232831e+02
4.182795107913669199e+03 -4.726500000000232831e+02
4.196599712230216028e+03 7.723499999999767169e+02
4.210404316546762857e+03 9.333499999999767169e+02
4.224208920863309686e+03 -8.650000000023283064e+00
4.238013525179856515e+03 -2.846500000000232831e+02
4.251818129496403344e+03 4.543499999999767169e+02
4.265622733812950173e+03 -4.166500000000232831e+02
4.279427338129497002e+03 1.313499999999767169e+02
4.293231942446043831e+03 -3.556500000000232831e+02
4.307036546762589751e+03 -5.365000000002328306e+01
4.320841151079136580e+03 1.135349999999976717e+03
4.334645755395683409e+03 -5.596500000000232831e+02
4.348450359712230238e+03 4.903499999999767169e+02
4.362254964028777067e+03 9.534999999997671694e+01
4.376059568345323896e+03 4.183499999999767169e+02
4.389864172661870725e+03 7.334999999997671694e+01
4.403668776978417554e+03 6.134999999997671694e+01
4.417473381294964383e+03 -9.465000000002328306e+01
4.431277985611511212e+03 -2.126500000000232831e+02
4.445082589928058042e+03 -1.636500000000232831e+02
4.458887194244604871e+03 1.223499999999767169e+02
4.472691798561151700e+03 3.033499999999767169e+02
4.486496402877698529e+03 -4.726500000000232831e+02
4.500301007194244448e+03 -1.636500000000232831e+02
4.514105611510791277e+03 4.403499999999767169e+02
4.527910215827338106e+03 2.859349999999976717e+03
4.541714820143884936e+03 -6.216500000000232831e+02
4.555519424460431765e+03 2.363499999999767169e+02
4.569324028776978594e+03 3.263499999999767169e+02
4.583128633093525423e+03 -1.806500000000232831e+02
4.596933237410072252e+03 -1.416500000000232831e+02
4.610737841726619081e+03 -2.236500000000232831e+02
4.624542446043165910e+03 1.753499999999767169e+02
4.638347050359712739e+03 2.113499999999767169e+02
4.652151654676259568e+03 3.063499999999767169e+02
4.665956258992806397e+03 1.094349999999976717e+03
4.679760863309353226e+03 3.863499999999767169e+02
4.693565467625899146e+03 1.031349999999976717e+03
4.707370071942445975e+03 4.103499999999767169e+02
4.721174676258992804e+03 2.323499999999767169e+02
4.734979280575539633e+03 1.177349999999976717e+03
4.748783884892086462e+03 9.143499999999767169e+02
4.762588489208633291e+03 1.693499999999767169e+02
4.776393093525180120e+03 9.583499999999767169e+02
4.790197697841726949e+03 1.026349999999976717e+03
4.804002302158273778e+03 6.633499999999767169e+02
4.817806906474820607e+03 1.124349999999976717e+03
4.831611510791367436e+03 5.533499999999767169e+02
4.845416115107914266e+03 1.888349999999976717e+03
4.859220719424461095e+03 5.983499999999767169e+02
4.873025323741007014e+03 6.643499999999767169e+02
4.886829928057553843e+03 6.443499999999767169e+02
4.900634532374100672e+03 6.133499999999767169e+02
4.914439136690647501e+03 1.703499999999767169e+02
4.928243741007194330e+03 1.637349999999976717e+03
4.942048345323741160e+03 6.643499999999767169e+02
4.955852949640287989e+03 1.893499999999767169e+02
4.969657553956834818e+03 6.523499999999767169e+02
4.983462158273381647e+03 4.913499999999767169e+02
4.997266762589928476e+03 1.491349999999976717e+03
5.011071366906475305e+03 2.503499999999767169e+02
5.024875971223022134e+03 3.534999999997671694e+01
5.038680575539568963e+03 -2.256500000000232831e+02
5.052485179856115792e+03 3.283499999999767169e+02
5.066289784172661712e+03 6.323499999999767169e+02
5.080094388489208541e+03 -5.865000000002328306e+01
5.093898992805755370e+03 1.234349999999976717e+03
5.107703597122302199e+03 7.253499999999767169e+02
5.121508201438849028e+03 5.283499999999767169e+02
5.135312805755395857e+03 3.513499999999767169e+02
5.149117410071942686e+03 1.053499999999767169e+02
5.162922014388489515e+03 3.663499999999767169e+02
5.176726618705036344e+03 -5.346500000000232831e+02
5.190531223021583173e+03 -1.526500000000232831e+02
5.204335827338130002e+03 4.583499999999767169e+02
5.218140431654676831e+03 6.243499999999767169e+02
5.231945035971223660e+03 1.396349999999976717e+03
5.245749640287770490e+03 6.383499999999767169e+02
5.259554244604316409e+03 8.683499999999767169e+02
5.273358848920863238e+03 7.313499999999767169e+02
5.287163453237410067e+03 6.523499999999767169e+02
5.300968057553956896e+03 5.073499999999767169e+02
5.314772661870503725e+03 -5.774650000000023283e+03
5.328577266187050554e+03 -1.234565000000002328e+04
5.342381870503597384e+03 -1.241065000000002328e+04
5.356186474820144213e+03 -1.251965000000002328e+04
5.369991079136691042e+03 -1.244765000000002328e+04
5.383795683453237871e+03 -1.254865000000002328e+04
5.397600287769784700e+03 -1.232065000000002328e+04
5.411404892086331529e+03 -1.239365000000002328e+04
5.425209496402878358e+03 -1.253465000000002328e+04
5.439014100719425187e+03 -1.215165000000002328e+04
5.452818705035971107e+03 -1.232665000000002328e+04
5.466623309352517936e+03 -1.232865000000002328e+04
5.480427913669064765e+03 -1.240865000000002328e+04
5.494232517985611594e+03 -1.232465000000002328e+04
5.508037122302158423e+03 -1.240265000000002328e+04
5.521841726618705252e+03 -1.239265000000002328e+04
5.535646330935252081e+03 -1.244565000000002328e+04
5.549450935251798910e+03 -1.248165000000002328e+04
5.563255539568345739e+03 -1.225165000000002328e+04
5.577060143884892568e+03 -1.233965000000002328e+04
5.590864748201439397e+03 -1.242865000000002328e+04
5.604669352517986226e+03 -1.240665000000002328e+04
5.618473956834533055e+03 -1.236065000000002328e+04
5.632278561151079884e+03 -1.244465000000002328e+04
