-1.953227813620071856e+03 -1.083890000000013970e+03
-1.939472688172043263e+03 -6.631890000000013970e+03
-1.925717562724014442e+03 -7.611890000000013970e+03
-1.911962437275985849e+03 -8.331890000000013970e+03
-1.898207311827957255e+03 -8.969890000000013970e+03
-1.884452186379928435e+03 -9.160890000000013970e+03
-1.870697060931899841e+03 -9.395890000000013970e+03
-1.856941935483871248e+03 -9.823890000000013970e+03
-1.843186810035842427e+03 -1.008189000000001397e+04
-1.829431684587813834e+03 -1.008389000000001397e+04
-1.815676559139785013e+03 -1.044389000000001397e+04
-1.801921433691756420e+03 -1.049489000000001397e+04
-1.788166308243727826e+03 -5.194890000000013970e+03
-1.774411182795699006e+03 1.671099999999860302e+02
-1.760656057347670412e+03 -4.928900000000139698e+02
-1.746900931899641819e+03 -4.828900000000139698e+02
-1.733145806451612998e+03 -5.928900000000139698e+02
-1.719390681003584405e+03 3.891099999999860302e+02
-1.705635555555555811e+03 -9.188900000000139698e+02
-1.691880430107526990e+03 -1.022890000000013970e+03
-1.678125304659498397e+03 -1.183890000000013970e+03
-1.664370179211469576e+03 -1.218890000000013970e+03
-1.650615053763440983e+03 -9.788900000000139698e+02
-1.636859928315412390e+03 1.717109999999986030e+03
-1.623104802867383569e+03 -1.400890000000013970e+03
-1.609349677419354975e+03 -1.362890000000013970e+03
-1.595594551971326382e+03 -5.058900000000139698e+02
-1.581839426523297561e+03 -1.973890000000013970e+03
-1.568084301075268968e+03 -1.149890000000013970e+03
-1.554329175627240375e+03 -1.731890000000013970e+03
-1.540574050179211554e+03 -1.526890000000013970e+03
-1.526818924731182960e+03 -1.655890000000013970e+03
-1.513063799283154367e+03 -1.888890000000013970e+03
-1.499308673835125546e+03 -1.822890000000013970e+03
-1.485553548387096953e+03 -2.162890000000013970e+03
-1.471798422939068132e+03 -2.018890000000013970e+03
-1.458043297491039539e+03 -1.762890000000013970e+03
-1.444288172043010945e+03 -1.778890000000013970e+03
-1.430533046594982125e+03 -1.360890000000013970e+03
-1.416777921146953531e+03 -2.254890000000013970e+03
-1.403022795698924938e+03 -1.365890000000013970e+03
-1.389267670250896117e+03 -1.941890000000013970e+03
-1.375512544802867524e+03 -1.375890000000013970e+03
-1.361757419354838930e+03 -1.273890000000013970e+03
-1.348002293906810110e+03 -1.502890000000013970e+03
-1.334247168458781516e+03 -1.591890000000013970e+03
-1.320492043010752695e+03 -1.806890000000013970e+03
-1.306736917562724102e+03 -5.308900000000139698e+02
-1.292981792114695509e+03 -1.968890000000013970e+03
-1.279226666666666688e+03 -1.983890000000013970e+03
-1.265471541218638095e+03 -2.340890000000013970e+03
-1.251716415770609501e+03 -2.068890000000013970e+03
-1.237961290322580680e+03 -2.138890000000013970e+03
-1.224206164874552087e+03 -1.505890000000013970e+03
-1.210451039426523494e+03 -9.158900000000139698e+02
-1.196695913978494673e+03 -1.836890000000013970e+03
-1.182940788530466079e+03 -1.375890000000013970e+03
-1.169185663082437486e+03 -1.739890000000013970e+03
-1.155430537634408665e+03 -1.835890000000013970e+03
-1.141675412186380072e+03 -2.146890000000013970e+03
-1.127920286738351251e+03 -1.911890000000013970e+03
-1.114165161290322658e+03 -1.270890000000013970e+03
-1.100410035842294064e+03 -1.575890000000013970e+03
-1.086654910394265244e+03 -1.664890000000013970e+03
-1.072899784946236650e+03 -1.938890000000013970e+03
-1.059144659498208057e+03 -1.364890000000013970e+03
-1.045389534050179236e+03 -2.236890000000013970e+03
-1.031634408602150643e+03 -2.003890000000013970e+03
-1.017879283154121936e+03 -2.346890000000013970e+03
-1.004124157706093229e+03 -1.749890000000013970e+03
-9.903690322580646352e+02 -2.166890000000013970e+03
-9.766139068100359282e+02 -2.736890000000013970e+03
-9.628587813620072211e+02 -1.441890000000013970e+03
-9.491036559139786277e+02 -1.453890000000013970e+03
-9.353485304659499207e+02 -2.116890000000013970e+03
-9.215934050179212136e+02 -2.165890000000013970e+03
-9.078382795698925065e+02 -1.594890000000013970e+03
-8.940831541218639131e+02 -1.318890000000013970e+03
-8.803280286738352061e+02 -2.021890000000013970e+03
-8.665729032258064990e+02 -2.037890000000013970e+03
-8.528177777777779056e+02 -2.069890000000013970e+03
-8.390626523297491985e+02 -2.152890000000013970e+03
-8.253075268817204915e+02 -1.652890000000013970e+03
-8.115524014336917844e+02 -1.719890000000013970e+03
-7.977972759856631910e+02 -1.914890000000013970e+03
-7.840421505376344840e+02 -1.845890000000013970e+03
-7.702870250896057769e+02 -1.751890000000013970e+03
-7.565318996415771835e+02 -1.807890000000013970e+03
-7.427767741935484764e+02 -1.458890000000013970e+03
-7.290216487455197694e+02 -1.809890000000013970e+03
-7.152665232974910623e+02 -2.104890000000013970e+03
-7.015113978494624689e+02 -1.934890000000013970e+03
-6.877562724014337618e+02 -1.765890000000013970e+03
-6.740011469534050548e+02 -2.223890000000013970e+03
-6.602460215053763477e+02 -2.156890000000013970e+03
-6.464908960573477543e+02 -1.730890000000013970e+03
-6.327357706093190473e+02 -1.621890000000013970e+03
-6.189806451612903402e+02 -1.831890000000013970e+03
-6.052255197132617468e+02 -1.598890000000013970e+03
-5.914703942652330397e+02 -1.759890000000013970e+03
-5.777152688172043327e+02 -1.421890000000013970e+03
-5.639601433691756256e+02 -2.276890000000013970e+03
-5.502050179211470322e+02 -1.594890000000013970e+03
-5.364498924731183251e+02 -2.101890000000013970e+03
-5.226947670250896181e+02 -1.886890000000013970e+03
-5.089396415770609678e+02 -1.446890000000013970e+03
-4.951845161290323176e+02 -1.920890000000013970e+03
-4.814293906810036106e+02 -1.853890000000013970e+03
-4.676742652329749603e+02 -1.965890000000013970e+03
-4.539191397849462533e+02 -1.508890000000013970e+03
-4.401640143369176030e+02 -2.361890000000013970e+03
-4.264088888888889528e+02 -2.308890000000013970e+03
-4.126537634408602457e+02 -2.034890000000013970e+03
-3.988986379928315955e+02 -2.811890000000013970e+03
-3.851435125448028884e+02 -2.227890000000013970e+03
-3.713883870967742382e+02 -2.750890000000013970e+03
-3.576332616487455311e+02 -2.844890000000013970e+03
-3.438781362007168809e+02 -3.056890000000013970e+03
-3.301230107526881739e+02 -1.333890000000013970e+03
-3.163678853046595236e+02 -2.258890000000013970e+03
-3.026127598566308734e+02 -2.117890000000013970e+03
-2.888576344086021663e+02 -2.639890000000013970e+03
-2.751025089605735161e+02 -2.022890000000013970e+03
-2.613473835125448090e+02 -1.957890000000013970e+03
-2.475922580645161588e+02 -1.924890000000013970e+03
-2.338371326164874802e+02 -2.363890000000013970e+03
-2.200820071684588015e+02 -1.677890000000013970e+03
-2.063268817204301229e+02 -1.235890000000013970e+03
-1.925717562724014442e+02 -1.727890000000013970e+03
-1.788166308243727656e+02 -2.076890000000013970e+03
-1.650615053763440869e+02 -2.302890000000013970e+03
-1.513063799283154367e+02 -1.604890000000013970e+03
-1.375512544802867581e+02 -1.981890000000013970e+03
-1.237961290322580794e+02 -1.664890000000013970e+03
-1.100410035842294008e+02 -7.868900000000139698e+02
-9.628587813620072211e+01 -1.136890000000013970e+03
-8.253075268817204346e+01 -1.611890000000013970e+03
-6.877562724014337903e+01 3.961099999999860302e+02
-5.502050179211470038e+01 4.161109999999986030e+03
-4.126537634408602173e+01 1.069310999999998603e+04
-2.751025089605735019e+01 2.356010999999998603e+04
-1.375512544802867509e+01 4.454210999999998603e+04
0.000000000000000000e+00 7.855110999999998603e+04
1.375512544802867509e+01 1.270791099999999860e+05
2.751025089605735019e+01 2.013291099999999860e+05
4.126537634408602173e+01 3.015351099999999860e+05
5.502050179211470038e+01 4.174541099999999860e+05
6.877562724014337903e+01 5.582781099999999860e+05
8.253075268817204346e+01 7.191761099999999860e+05
9.628587813620072211e+01 8.921741099999999860e+05
1.100410035842294008e+02 1.078943109999999870e+06
1.237961290322580794e+02 1.279727109999999870e+06
1.375512544802867581e+02 1.485218109999999870e+06
1.513063799283154367e+02 1.692234109999999870e+06
1.650615053763440869e+02 1.897940109999999870e+06
1.788166308243727656e+02 2.087185109999999870e+06
1.925717562724014442e+02 2.290821109999999870e+06
2.063268817204301229e+02 2.478676109999999870e+06
2.200820071684588015e+02 2.650015109999999870e+06
2.338371326164874802e+02 2.802183109999999870e+06
2.475922580645161588e+02 2.929706109999999870e+06
2.613473835125448090e+02 3.042546109999999870e+06
2.751025089605735161e+02 3.159188109999999870e+06
2.888576344086021663e+02 3.249109109999999870e+06
3.026127598566308734e+02 3.318258109999999870e+06
3.163678853046595236e+02 3.377039109999999870e+06
3.301230107526881739e+02 3.419019109999999870e+06
3.438781362007168809e+02 3.445669109999999870e+06
3.576332616487455311e+02 3.468744109999999870e+06
3.713883870967742382e+02 3.485720109999999870e+06
3.851435125448028884e+02 3.511630109999999870e+06
3.988986379928315955e+02 3.509357109999999870e+06
4.126537634408602457e+02 3.511085109999999870e+06
4.264088888888889528e+02 3.503346109999999870e+06
4.401640143369176030e+02 3.497637109999999870e+06
4.539191397849462533e+02 3.496383109999999870e+06
4.676742652329749603e+02 3.506241109999999870e+06
4.814293906810036106e+02 3.533116109999999870e+06
4.951845161290323176e+02 3.549328109999999870e+06
5.089396415770609678e+02 3.557731109999999870e+06
5.226947670250896181e+02 3.580125109999999870e+06
5.364498924731183251e+02 3.571180109999999870e+06
5.502050179211470322e+02 3.565770109999999870e+06
5.639601433691756256e+02 3.566372109999999870e+06
5.777152688172043327e+02 3.576737109999999870e+06
5.914703942652330397e+02 3.575211109999999870e+06
6.052255197132617468e+02 3.565308109999999870e+06
6.189806451612903402e+02 3.560484109999999870e+06
6.327357706093190473e+02 3.565952109999999870e+06
6.464908960573477543e+02 3.555345109999999870e+06
6.602460215053763477e+02 3.546245109999999870e+06
6.740011469534050548e+02 3.530196109999999870e+06
6.877562724014337618e+02 3.526691109999999870e+06
7.015113978494624689e+02 3.518381109999999870e+06
7.152665232974910623e+02 3.511532109999999870e+06
7.290216487455197694e+02 3.511285109999999870e+06
7.427767741935484764e+02 3.523614109999999870e+06
7.565318996415771835e+02 3.521529109999999870e+06
7.702870250896057769e+02 3.524313109999999870e+06
7.840421505376344840e+02 3.523508109999999870e+06
7.977972759856631910e+02 3.538316109999999870e+06
8.115524014336917844e+02 3.550144109999999870e+06
8.253075268817204915e+02 3.544133109999999870e+06
8.390626523297491985e+02 3.534619109999999870e+06
8.528177777777779056e+02 3.545850109999999870e+06
8.665729032258064990e+02 3.552871109999999870e+06
8.803280286738352061e+02 3.540363109999999870e+06
8.940831541218639131e+02 3.523550109999999870e+06
9.078382795698925065e+02 3.496362109999999870e+06
9.215934050179212136e+02 3.495266109999999870e+06
9.353485304659499207e+02 3.492472109999999870e+06
9.491036559139786277e+02 3.489967109999999870e+06
9.628587813620072211e+02 3.476626109999999870e+06
9.766139068100359282e+02 3.470926109999999870e+06
9.903690322580646352e+02 3.468943109999999870e+06
1.004124157706093229e+03 3.446677109999999870e+06
1.017879283154121936e+03 3.425841109999999870e+06
1.031634408602150643e+03 3.417643109999999870e+06
1.045389534050179236e+03 3.424719109999999870e+06
1.059144659498208057e+03 3.422215109999999870e+06
1.072899784946236650e+03 3.395656109999999870e+06
1.086654910394265244e+03 3.344567109999999870e+06
1.100410035842294064e+03 3.278070109999999870e+06
1.114165161290322658e+03 3.214925109999999870e+06
1.127920286738351251e+03 3.141288109999999870e+06
1.141675412186380072e+03 3.059183109999999870e+06
1.155430537634408665e+03 2.951747109999999870e+06
1.169185663082437486e+03 2.804087109999999870e+06
1.182940788530466079e+03 2.628380109999999870e+06
1.196695913978494673e+03 2.457627109999999870e+06
1.210451039426523494e+03 2.263625109999999870e+06
1.224206164874552087e+03 2.042532109999999870e+06
1.237961290322580680e+03 1.816794109999999870e+06
1.251716415770609501e+03 1.602557109999999870e+06
1.265471541218638095e+03 1.394857109999999870e+06
1.279226666666666688e+03 1.187275109999999870e+06
1.292981792114695509e+03 9.969101099999999860e+05
1.306736917562724102e+03 8.302301099999999860e+05
1.320492043010752695e+03 6.820031099999999860e+05
1.334247168458781516e+03 5.441441099999999860e+05
1.348002293906810110e+03 4.316391099999999860e+05
1.361757419354838930e+03 3.373081099999999860e+05
1.375512544802867524e+03 2.575051099999999860e+05
1.389267670250896117e+03 1.894551099999999860e+05
1.403022795698924938e+03 1.375341099999999860e+05
1.416777921146953531e+03 1.004261099999999860e+05
1.430533046594982125e+03 7.323210999999998603e+04
1.444288172043010945e+03 5.561610999999998603e+04
1.458043297491039539e+03 4.259610999999998603e+04
1.471798422939068132e+03 3.646410999999998603e+04
1.485553548387096953e+03 3.344510999999998603e+04
1.499308673835125546e+03 2.973610999999998603e+04
1.513063799283154367e+03 2.807610999999998603e+04
1.526818924731182960e+03 2.770610999999998603e+04
1.540574050179211554e+03 2.529010999999998603e+04
1.554329175627240375e+03 2.579510999999998603e+04
1.568084301075268968e+03 2.654910999999998603e+04
1.581839426523297561e+03 2.462910999999998603e+04
1.595594551971326382e+03 2.522610999999998603e+04
1.609349677419354975e+03 2.389810999999998603e+04
1.623104802867383569e+03 2.185110999999998603e+04
1.636859928315412390e+03 2.060210999999998603e+04
1.650615053763440983e+03 1.879910999999998603e+04
1.664370179211469576e+03 1.960310999999998603e+04
1.678125304659498397e+03 1.771310999999998603e+04
1.691880430107526990e+03 1.574010999999998603e+04
1.705635555555555811e+03 1.388810999999998603e+04
1.719390681003584405e+03 1.428010999999998603e+04
1.733145806451612998e+03 1.213810999999998603e+04
1.746900931899641819e+03 1.140810999999998603e+04
1.760656057347670412e+03 1.230210999999998603e+04
1.774411182795699006e+03 1.028510999999998603e+04
1.788166308243727826e+03 8.863109999999986030e+03
1.801921433691756420e+03 8.099109999999986030e+03
1.815676559139785013e+03 7.047109999999986030e+03
1.829431684587813834e+03 6.427109999999986030e+03
1.843186810035842427e+03 5.767109999999986030e+03
1.856941935483871248e+03 4.282109999999986030e+03
1.870697060931899841e+03 3.765109999999986030e+03
1.884452186379928435e+03 3.406109999999986030e+03
1.898207311827957255e+03 3.523109999999986030e+03
1.911962437275985849e+03 3.789109999999986030e+03
1.925717562724014442e+03 3.129109999999986030e+03
1.939472688172043263e+03 2.269109999999986030e+03
1.953227813620071856e+03 2.096109999999986030e+03
1.966982939068100450e+03 3.067109999999986030e+03
1.980738064516129270e+03 1.546109999999986030e+03
1.994493189964157864e+03 1.209109999999986030e+03
2.008248315412186457e+03 1.082109999999986030e+03
2.022003440860215278e+03 3.791099999999860302e+02
2.035758566308243871e+03 8.711099999999860302e+02
2.049513691756272692e+03 3.331099999999860302e+02
2.063268817204301286e+03 -4.489000000001396984e+01
2.077023942652329879e+03 -4.928900000000139698e+02
2.090779068100358472e+03 -1.061890000000013970e+03
2.104534193548387066e+03 -1.318890000000013970e+03
2.118289318996416114e+03 -4.008900000000139698e+02
2.132044444444444707e+03 -5.308900000000139698e+02
2.145799569892473301e+03 -1.497890000000013970e+03
2.159554695340501894e+03 -1.386890000000013970e+03
2.173309820788530487e+03 -1.154890000000013970e+03
2.187064946236559535e+03 -7.288900000000139698e+02
2.200820071684588129e+03 -1.667890000000013970e+03
2.214575197132616722e+03 -1.164890000000013970e+03
2.228330322580645316e+03 -1.330890000000013970e+03
2.242085448028673909e+03 -1.980890000000013970e+03
2.255840573476702502e+03 -8.598900000000139698e+02
2.269595698924731551e+03 -1.469890000000013970e+03
2.283350824372760144e+03 -1.897890000000013970e+03
2.297105949820788737e+03 -1.651890000000013970e+03
2.310861075268817331e+03 -1.324890000000013970e+03
2.324616200716845924e+03 -1.283890000000013970e+03
2.338371326164874972e+03 -1.913890000000013970e+03
2.352126451612903566e+03 -1.502890000000013970e+03
2.365881577060932159e+03 -1.027890000000013970e+03
2.379636702508960752e+03 -1.272890000000013970e+03
2.393391827956989346e+03 -1.049890000000013970e+03
2.407146953405017939e+03 -9.318900000000139698e+02
2.420902078853046987e+03 -1.324890000000013970e+03
2.434657204301075581e+03 -2.125890000000013970e+03
2.448412329749104174e+03 -1.460890000000013970e+03
2.462167455197132767e+03 -1.902890000000013970e+03
2.475922580645161361e+03 -1.427890000000013970e+03
2.489677706093190409e+03 -1.660890000000013970e+03
2.503432831541219002e+03 -1.500890000000013970e+03
2.517187956989247596e+03 -1.577890000000013970e+03
2.530943082437276189e+03 -1.204890000000013970e+03
2.544698207885304782e+03 -1.950890000000013970e+03
2.558453333333333376e+03 -1.939890000000013970e+03
2.572208458781362424e+03 -1.182890000000013970e+03
2.585963584229391017e+03 -1.359890000000013970e+03
2.599718709677419611e+03 -1.783890000000013970e+03
2.613473835125448204e+03 -2.290890000000013970e+03
2.627228960573476797e+03 -1.962890000000013970e+03
2.640984086021505391e+03 -2.255890000000013970e+03
2.654739211469534439e+03 -1.876890000000013970e+03
2.668494336917563032e+03 4.803109999999986030e+03
2.682249462365591626e+03 -1.365890000000013970e+03
2.696004587813620219e+03 -5.608900000000139698e+02
2.709759713261648812e+03 -9.058900000000139698e+02
2.723514838709677861e+03 -2.014890000000013970e+03
2.737269964157706454e+03 -1.640890000000013970e+03
2.751025089605735047e+03 -2.068890000000013970e+03
2.764780215053763641e+03 -2.020890000000013970e+03
2.778535340501792234e+03 -1.767890000000013970e+03
2.792290465949820828e+03 -2.134890000000013970e+03
2.806045591397849876e+03 -1.287890000000013970e+03
2.819800716845878469e+03 -2.145890000000013970e+03
2.833555842293907062e+03 -2.366890000000013970e+03
2.847310967741935656e+03 -2.231890000000013970e+03
2.861066093189964249e+03 -2.246890000000013970e+03
2.874821218637993297e+03 -2.364890000000013970e+03
2.888576344086021891e+03 -1.585890000000013970e+03
2.902331469534050484e+03 -1.738890000000013970e+03
2.916086594982079077e+03 -1.557890000000013970e+03
2.929841720430107671e+03 -1.860890000000013970e+03
2.943596845878136264e+03 -1.510890000000013970e+03
2.957351971326165312e+03 -1.428890000000013970e+03
2.971107096774193906e+03 -1.745890000000013970e+03
2.984862222222222499e+03 -2.217890000000013970e+03
2.998617347670251092e+03 -2.689890000000013970e+03
3.012372473118279686e+03 -2.332890000000013970e+03
3.026127598566308734e+03 -1.107890000000013970e+03
3.039882724014337327e+03 -1.192890000000013970e+03
3.053637849462365921e+03 -1.892890000000013970e+03
3.067392974910394514e+03 -2.146890000000013970e+03
3.081148100358423108e+03 -1.808890000000013970e+03
3.094903225806451701e+03 -2.361890000000013970e+03
3.108658351254480749e+03 -1.583890000000013970e+03
3.122413476702509342e+03 -1.479890000000013970e+03
3.136168602150537936e+03 -1.701890000000013970e+03
3.149923727598566529e+03 -1.738890000000013970e+03
3.163678853046595123e+03 -1.870890000000013970e+03
3.177433978494624171e+03 -2.065890000000013970e+03
3.191189103942652764e+03 -1.167890000000013970e+03
3.204944229390681357e+03 -8.488900000000139698e+02
3.218699354838709951e+03 -2.079890000000013970e+03
3.232454480286738544e+03 -2.403890000000013970e+03
3.246209605734767138e+03 -1.753890000000013970e+03
3.259964731182796186e+03 -1.375890000000013970e+03
3.273719856630824779e+03 -1.613890000000013970e+03
3.287474982078853373e+03 -1.990890000000013970e+03
3.301230107526881966e+03 -1.568890000000013970e+03
3.314985232974910559e+03 -1.532890000000013970e+03
3.328740358422939153e+03 -1.888890000000013970e+03
3.342495483870968201e+03 -1.317890000000013970e+03
3.356250609318996794e+03 -1.489890000000013970e+03
3.370005734767025388e+03 -9.618900000000139698e+02
3.383760860215053981e+03 -1.407890000000013970e+03
3.397515985663082574e+03 -1.490890000000013970e+03
3.411271111111111622e+03 -1.387890000000013970e+03
3.425026236559140216e+03 -1.137890000000013970e+03
3.438781362007168809e+03 -1.004890000000013970e+03
3.452536487455197403e+03 -4.398900000000139698e+02
3.466291612903225996e+03 -1.082890000000013970e+03
3.480046738351254589e+03 -1.250890000000013970e+03
3.493801863799283637e+03 -1.516890000000013970e+03
3.507556989247312231e+03 -1.215890000000013970e+03
3.521312114695340824e+03 -9.918900000000139698e+02
3.535067240143369418e+03 -4.608900000000139698e+02
3.548822365591398011e+03 -7.468900000000139698e+02
3.562577491039427059e+03 -1.151890000000013970e+03
3.576332616487455653e+03 -8.728900000000139698e+02
3.590087741935484246e+03 -8.138900000000139698e+02
3.603842867383512839e+03 -1.092890000000013970e+03
3.617597992831541433e+03 -1.092890000000013970e+03
3.631353118279570026e+03 -9.278900000000139698e+02
3.645108243727599074e+03 9.109999999986030161e+00
3.658863369175627668e+03 -1.312890000000013970e+03
3.672618494623656261e+03 -5.538900000000139698e+02
3.686373620071684854e+03 -1.968900000000139698e+02
3.700128745519713448e+03 -7.908900000000139698e+02
3.713883870967742496e+03 -7.888900000000139698e+02
3.727638996415771089e+03 -6.489000000001396984e+01
3.741394121863799683e+03 -6.598900000000139698e+02
3.755149247311828276e+03 9.410999999998603016e+01
3.768904372759856869e+03 7.610999999998603016e+01
3.782659498207885463e+03 -6.938900000000139698e+02
3.796414623655914511e+03 9.151099999999860302e+02
3.810169749103943104e+03 1.311099999999860302e+02
3.823924874551971698e+03 -5.418900000000139698e+02
3.837680000000000291e+03 -7.628900000000139698e+02
3.851435125448028884e+03 -3.588900000000139698e+02
3.865190250896057478e+03 -6.848900000000139698e+02
3.878945376344086526e+03 -5.648900000000139698e+02
3.892700501792115119e+03 -1.064890000000013970e+03
3.906455627240143713e+03 -1.202890000000013970e+03
3.920210752688172306e+03 -7.248900000000139698e+02
3.933965878136200899e+03 -1.249890000000013970e+03
3.947721003584229948e+03 -2.598900000000139698e+02
3.961476129032258541e+03 4.221099999999860302e+02
3.975231254480287134e+03 -1.118900000000139698e+02
3.988986379928315728e+03 1.358109999999986030e+03
4.002741505376344321e+03 -4.628900000000139698e+02
4.016496630824372915e+03 -8.038900000000139698e+02
4.030251756272401963e+03 -1.104890000000013970e+03
4.044006881720430556e+03 -1.402890000000013970e+03
4.057762007168459149e+03 -1.241890000000013970e+03
4.071517132616487743e+03 -3.878900000000139698e+02
4.085272258064516336e+03 1.341099999999860302e+02
4.099027383512545384e+03 -3.268900000000139698e+02
4.112782508960573978e+03 -1.888900000000139698e+02
4.126537634408602571e+03 -4.558900000000139698e+02
4.140292759856631164e+03 8.710999999998603016e+01
4.154047885304659758e+03 4.591099999999860302e+02
4.167803010752688351e+03 5.510999999998603016e+01
4.181558136200716945e+03 2.531099999999860302e+02
4.195313261648745538e+03 1.661099999999860302e+02
4.209068387096774131e+03 -3.658900000000139698e+02
4.222823512544803634e+03 1.510999999998603016e+01
4.236578637992832228e+03 2.461099999999860302e+02
4.250333763440860821e+03 -4.089000000001396984e+01
4.264088888888889414e+03 9.101099999999860302e+02
4.277844014336918008e+03 -1.828900000000139698e+02
4.291599139784946601e+03 -7.089000000001396984e+01
4.305354265232975195e+03 -1.488900000000139698e+02
4.319109390681003788e+03 1.061099999999860302e+02
4.332864516129032381e+03 -8.900000000139698386e-01
4.346619641577060975e+03 5.310999999998603016e+01
4.360374767025089568e+03 -4.089000000001396984e+01
4.374129892473119071e+03 -1.398900000000139698e+02
4.387885017921147664e+03 3.651099999999860302e+02
4.401640143369176258e+03 7.681099999999860302e+02
4.415395268817204851e+03 4.931099999999860302e+02
4.429150394265233444e+03 -3.298900000000139698e+02
4.442905519713262038e+03 -3.528900000000139698e+02
4.456660645161290631e+03 3.910999999998603016e+01
4.470415770609319225e+03 3.180109999999986030e+03
4.484170896057347818e+03 -1.368900000000139698e+02
4.497926021505376411e+03 4.431099999999860302e+02
4.511681146953405005e+03 9.531099999999860302e+02
4.525436272401434508e+03 2.771099999999860302e+02
4.539191397849463101e+03 -5.018900000000139698e+02
4.552946523297491694e+03 5.401099999999860302e+02
4.566701648745520288e+03 7.210999999998603016e+01
4.580456774193548881e+03 2.561099999999860302e+02
4.594211899641577475e+03 -1.568900000000139698e+02
4.607967025089606068e+03 7.461099999999860302e+02
4.621722150537634661e+03 1.381099999999860302e+02
4.635477275985663255e+03 1.018109999999986030e+03
4.649232401433691848e+03 7.221099999999860302e+02
4.662987526881720441e+03 -1.248900000000139698e+02
4.676742652329749944e+03 9.241099999999860302e+02
4.690497777777778538e+03 7.411099999999860302e+02
4.704252903225807131e+03 7.110999999998603016e+01
4.718008028673835724e+03 5.441099999999860302e+02
4.731763154121864318e+03 1.139109999999986030e+03
4.745518279569892911e+03 3.571099999999860302e+02
4.759273405017921505e+03 1.476109999999986030e+03
4.773028530465950098e+03 3.991099999999860302e+02
4.786783655913978691e+03 2.128109999999986030e+03
4.800538781362007285e+03 4.561099999999860302e+02
4.814293906810035878e+03 -7.890000000013969839e+00
4.828049032258065381e+03 6.931099999999860302e+02
4.841804157706093974e+03 8.701099999999860302e+02
4.855559283154122568e+03 7.861099999999860302e+02
4.869314408602151161e+03 1.417109999999986030e+03
4.883069534050179755e+03 4.010999999998603016e+01
4.896824659498208348e+03 -3.089000000001396984e+01
4.910579784946236941e+03 7.531099999999860302e+02
4.924334910394265535e+03 6.210999999998603016e+01
4.938090035842294128e+03 7.601099999999860302e+02
4.951845161290322721e+03 1.401099999999860302e+02
4.965600286738351315e+03 3.091099999999860302e+02
4.979355412186380818e+03 5.571099999999860302e+02
4.993110537634409411e+03 7.341099999999860302e+02
5.006865663082438004e+03 6.361099999999860302e+02
5.020620788530466598e+03 -1.468900000000139698e+02
5.034375913978495191e+03 7.961099999999860302e+02
5.048131039426523785e+03 7.311099999999860302e+02
5.061886164874552378e+03 3.901099999999860302e+02
5.075641290322580971e+03 2.351099999999860302e+02
5.089396415770609565e+03 5.491099999999860302e+02
5.103151541218638158e+03 8.841099999999860302e+02
5.116906666666666752e+03 2.041099999999860302e+02
5.130661792114696254e+03 7.701099999999860302e+02
5.144416917562724848e+03 8.161099999999860302e+02
5.158172043010753441e+03 4.941099999999860302e+02
5.171927168458782035e+03 1.261109999999986030e+03
5.185682293906810628e+03 9.661099999999860302e+02
5.199437419354839221e+03 9.791099999999860302e+02
5.213192544802867815e+03 7.451099999999860302e+02
5.226947670250896408e+03 6.510999999998603016e+01
5.240702795698925001e+03 3.251099999999860302e+02
5.254457921146953595e+03 -5.975890000000013970e+03
5.268213046594982188e+03 -1.197389000000001397e+04
5.281968172043010782e+03 -1.210989000000001397e+04
5.295723297491040285e+03 -1.206289000000001397e+04
5.309478422939068878e+03 -1.229689000000001397e+04
5.323233548387097471e+03 -1.241989000000001397e+04
5.336988673835126065e+03 -1.237989000000001397e+04
5.350743799283154658e+03 -1.230989000000001397e+04
5.364498924731183251e+03 -1.219289000000001397e+04
5.378254050179211845e+03 -1.206789000000001397e+04
5.392009175627240438e+03 -1.201689000000001397e+04
5.405764301075269032e+03 -1.212789000000001397e+04
5.419519426523297625e+03 -1.192889000000001397e+04
5.433274551971326218e+03 -1.213189000000001397e+04
5.447029677419355721e+03 -1.231389000000001397e+04
5.460784802867384315e+03 -1.215489000000001397e+04
5.474539928315412908e+03 -1.222089000000001397e+04
5.488295053763441501e+03 -1.229489000000001397e+04
5.502050179211470095e+03 -1.220589000000001397e+04
5.515805304659498688e+03 -1.228089000000001397e+04
5.529560430107527282e+03 -1.214989000000001397e+04
5.543315555555555875e+03 -1.203289000000001397e+04
5.557070681003584468e+03 -1.214289000000001397e+04
5.570825806451613062e+03 -1.217289000000001397e+04
