-2.246787200000000212e+03 1.493650000000023283e+03
-2.232832000000000335e+03 -5.534349999999976717e+03
-2.218876800000000003e+03 -7.154349999999976717e+03
-2.204921600000000126e+03 -7.827349999999976717e+03
-2.190966400000000249e+03 -8.192349999999976717e+03
-2.177011200000000372e+03 -8.405349999999976717e+03
-2.163056000000000040e+03 -9.038349999999976717e+03
-2.149100800000000163e+03 -9.116349999999976717e+03
-2.135145600000000286e+03 -9.362349999999976717e+03
-2.121190400000000409e+03 -9.578349999999976717e+03
-2.107235200000000077e+03 -9.879349999999976717e+03
-2.093280000000000200e+03 -9.909349999999976717e+03
-2.079324800000000323e+03 -5.166349999999976717e+03
-2.065369599999999991e+03 -2.033499999999767169e+02
-2.051414400000000114e+03 -5.173499999999767169e+02
-2.037459200000000237e+03 -6.893499999999767169e+02
-2.023504000000000133e+03 -6.043499999999767169e+02
-2.009548800000000256e+03 -2.163499999999767169e+02
-1.995593600000000151e+03 -8.813499999999767169e+02
-1.981638400000000274e+03 -8.953499999999767169e+02
-1.967683200000000170e+03 -9.843499999999767169e+02
-1.953728000000000293e+03 -1.076349999999976717e+03
-1.939772800000000188e+03 -1.021349999999976717e+03
-1.925817600000000084e+03 1.498650000000023283e+03
-1.911862400000000207e+03 -1.487349999999976717e+03
-1.897907200000000103e+03 -1.698349999999976717e+03
-1.883952000000000226e+03 -1.044349999999976717e+03
-1.869996800000000121e+03 -2.151349999999976717e+03
-1.856041600000000244e+03 -9.813499999999767169e+02
-1.842086400000000140e+03 -1.199349999999976717e+03
-1.828131200000000263e+03 -1.142349999999976717e+03
-1.814176000000000158e+03 -1.609349999999976717e+03
-1.800220800000000281e+03 -2.167349999999976717e+03
-1.786265600000000177e+03 -2.241349999999976717e+03
-1.772310400000000072e+03 -2.220349999999976717e+03
-1.758355200000000195e+03 -1.739349999999976717e+03
-1.744400000000000091e+03 -1.900349999999976717e+03
-1.730444800000000214e+03 -2.007349999999976717e+03
-1.716489600000000110e+03 -1.110349999999976717e+03
-1.702534400000000232e+03 -2.420349999999976717e+03
-1.688579200000000128e+03 -1.095349999999976717e+03
-1.674624000000000251e+03 -1.892349999999976717e+03
-1.660668800000000147e+03 -1.317349999999976717e+03
-1.646713600000000270e+03 -1.556349999999976717e+03
-1.632758400000000165e+03 -2.193349999999976717e+03
-1.618803200000000061e+03 -1.524349999999976717e+03
-1.604848000000000184e+03 -1.796349999999976717e+03
-1.590892800000000079e+03 -1.606349999999976717e+03
-1.576937600000000202e+03 -2.508349999999976717e+03
-1.562982400000000098e+03 -2.017349999999976717e+03
-1.549027200000000221e+03 -1.969349999999976717e+03
-1.535072000000000116e+03 -2.309349999999976717e+03
-1.521116800000000239e+03 -1.971349999999976717e+03
-1.507161600000000135e+03 -1.023349999999976717e+03
-1.493206400000000258e+03 -1.256349999999976717e+03
-1.479251200000000154e+03 -1.691349999999976717e+03
-1.465296000000000049e+03 -1.694349999999976717e+03
-1.451340800000000172e+03 -2.074349999999976717e+03
-1.437385600000000068e+03 -2.069349999999976717e+03
-1.423430400000000191e+03 -2.721349999999976717e+03
-1.409475200000000086e+03 -2.586349999999976717e+03
-1.395520000000000209e+03 -1.397349999999976717e+03
-1.381564800000000105e+03 -2.136349999999976717e+03
-1.367609600000000228e+03 -1.705349999999976717e+03
-1.353654400000000123e+03 -2.154349999999976717e+03
-1.339699200000000019e+03 -1.162349999999976717e+03
-1.325744000000000142e+03 -2.681349999999976717e+03
-1.311788800000000037e+03 -9.993499999999767169e+02
-1.297833600000000160e+03 -2.342349999999976717e+03
-1.283878400000000056e+03 -1.864349999999976717e+03
-1.269923200000000179e+03 -1.973349999999976717e+03
-1.255968000000000075e+03 -2.490349999999976717e+03
-1.242012800000000198e+03 -1.722349999999976717e+03
-1.228057600000000093e+03 -1.370349999999976717e+03
-1.214102400000000216e+03 -1.768349999999976717e+03
-1.200147200000000112e+03 -2.273349999999976717e+03
-1.186192000000000007e+03 -1.495349999999976717e+03
-1.172236800000000130e+03 -1.558349999999976717e+03
-1.158281600000000026e+03 -2.113349999999976717e+03
-1.144326400000000149e+03 -2.111349999999976717e+03
-1.130371200000000044e+03 -2.013349999999976717e+03
-1.116416000000000167e+03 -2.847349999999976717e+03
-1.102460800000000063e+03 -2.092349999999976717e+03
-1.088505600000000186e+03 -2.139349999999976717e+03
-1.074550400000000081e+03 -2.123349999999976717e+03
-1.060595200000000204e+03 -2.901349999999976717e+03
-1.046640000000000100e+03 -2.443349999999976717e+03
-1.032684799999999996e+03 -2.446349999999976717e+03
-1.018729600000000119e+03 -2.177349999999976717e+03
-1.004774400000000128e+03 -2.429349999999976717e+03
-9.908192000000001372e+02 -2.391349999999976717e+03
-9.768640000000001464e+02 -2.612349999999976717e+03
-9.629088000000000420e+02 -2.169349999999976717e+03
-9.489536000000000513e+02 -1.976349999999976717e+03
-9.349984000000000606e+02 -2.262349999999976717e+03
-9.210432000000000698e+02 -1.913349999999976717e+03
-9.070880000000000791e+02 -2.362349999999976717e+03
-8.931328000000000884e+02 -1.921349999999976717e+03
-8.791776000000000977e+02 -1.184349999999976717e+03
-8.652224000000001070e+02 -2.049349999999976717e+03
-8.512672000000001162e+02 -1.685349999999976717e+03
-8.373120000000001255e+02 -2.748349999999976717e+03
-8.233568000000001348e+02 -1.664349999999976717e+03
-8.094016000000000304e+02 -2.249349999999976717e+03
-7.954464000000000397e+02 -1.961349999999976717e+03
-7.814912000000000489e+02 -1.909349999999976717e+03
-7.675360000000000582e+02 -1.998349999999976717e+03
-7.535808000000000675e+02 -2.236349999999976717e+03
-7.396256000000000768e+02 -2.420349999999976717e+03
-7.256704000000000860e+02 -1.515349999999976717e+03
-7.117152000000000953e+02 -2.439349999999976717e+03
-6.977600000000001046e+02 -2.206349999999976717e+03
-6.838048000000001139e+02 -1.631349999999976717e+03
-6.698496000000000095e+02 -2.826349999999976717e+03
-6.558944000000000187e+02 -2.422349999999976717e+03
-6.419392000000000280e+02 -2.740349999999976717e+03
-6.279840000000000373e+02 -2.723349999999976717e+03
-6.140288000000000466e+02 -2.842349999999976717e+03
-6.000736000000000558e+02 -1.504349999999976717e+03
-5.861184000000000651e+02 -2.371349999999976717e+03
-5.721632000000000744e+02 -2.410349999999976717e+03
-5.582080000000000837e+02 -2.727349999999976717e+03
-5.442528000000000930e+02 -2.313349999999976717e+03
-5.302976000000001022e+02 -2.085349999999976717e+03
-5.163423999999999978e+02 -1.755349999999976717e+03
-5.023872000000000639e+02 -1.963349999999976717e+03
-4.884320000000000732e+02 -1.984349999999976717e+03
-4.744768000000000256e+02 -1.755349999999976717e+03
-4.605216000000000349e+02 -1.718349999999976717e+03
-4.465664000000000442e+02 -1.866349999999976717e+03
-4.326112000000000535e+02 -1.925349999999976717e+03
-4.186560000000000628e+02 -2.315349999999976717e+03
-4.047008000000000152e+02 -2.929349999999976717e+03
-3.907456000000000245e+02 -2.491349999999976717e+03
-3.767904000000000337e+02 -1.828349999999976717e+03
-3.628352000000000430e+02 -2.438349999999976717e+03
-3.488800000000000523e+02 -2.298349999999976717e+03
-3.349248000000000047e+02 -1.608349999999976717e+03
-3.209696000000000140e+02 -1.836349999999976717e+03
-3.070144000000000233e+02 -2.956349999999976717e+03
-2.930592000000000326e+02 -2.115349999999976717e+03
-2.791040000000000418e+02 -1.684349999999976717e+03
-2.651488000000000511e+02 -2.155349999999976717e+03
-2.511936000000000320e+02 -2.046349999999976717e+03
-2.372384000000000128e+02 -2.061349999999976717e+03
-2.232832000000000221e+02 -1.630349999999976717e+03
-2.093280000000000314e+02 -1.996349999999976717e+03
-1.953728000000000122e+02 -2.020349999999976717e+03
-1.814176000000000215e+02 -2.004349999999976717e+03
-1.674624000000000024e+02 -1.872349999999976717e+03
-1.535072000000000116e+02 -3.343499999999767169e+02
-1.395520000000000209e+02 -1.745349999999976717e+03
-1.255968000000000160e+02 -1.044349999999976717e+03
-1.116416000000000111e+02 -9.743499999999767169e+02
-9.768640000000000612e+01 -9.813499999999767169e+02
-8.373120000000000118e+01 4.316500000000232831e+02
-6.977600000000001046e+01 1.577650000000023283e+03
-5.582080000000000553e+01 4.338650000000023283e+03
-4.186560000000000059e+01 1.021365000000002328e+04
-2.791040000000000276e+01 2.344965000000002328e+04
-1.395520000000000138e+01 4.652965000000002328e+04
0.000000000000000000e+00 8.606565000000002328e+04
1.395520000000000138e+01 1.485966500000000233e+05
2.791040000000000276e+01 2.283416500000000233e+05
4.186560000000000059e+01 3.336946500000000233e+05
5.582080000000000553e+01 4.751936500000000233e+05
6.977600000000001046e+01 6.378476500000000233e+05
8.373120000000000118e+01 8.170046500000000233e+05
9.768640000000000612e+01 1.009303650000000023e+06
1.116416000000000111e+02 1.211776649999999907e+06
1.255968000000000160e+02 1.433550649999999907e+06
1.395520000000000209e+02 1.651623649999999907e+06
1.535072000000000116e+02 1.854430649999999907e+06
1.674624000000000024e+02 2.053268649999999907e+06
1.814176000000000215e+02 2.264297649999999907e+06
1.953728000000000122e+02 2.461068649999999907e+06
2.093280000000000314e+02 2.646554649999999907e+06
2.232832000000000221e+02 2.824002649999999907e+06
2.372384000000000128e+02 2.976078649999999907e+06
2.511936000000000320e+02 3.106006649999999907e+06
2.651488000000000511e+02 3.222136649999999907e+06
2.791040000000000418e+02 3.324136649999999907e+06
2.930592000000000326e+02 3.419808649999999907e+06
3.070144000000000233e+02 3.498549649999999907e+06
3.209696000000000140e+02 3.568808649999999907e+06
3.349248000000000047e+02 3.614636649999999907e+06
3.488800000000000523e+02 3.653148649999999907e+06
3.628352000000000430e+02 3.685427649999999907e+06
3.767904000000000337e+02 3.707656649999999907e+06
3.907456000000000245e+02 3.706586649999999907e+06
4.047008000000000152e+02 3.697459649999999907e+06
4.186560000000000628e+02 3.714171649999999907e+06
4.326112000000000535e+02 3.710287649999999907e+06
4.465664000000000442e+02 3.687695649999999907e+06
4.605216000000000349e+02 3.662854649999999907e+06
4.744768000000000256e+02 3.645240649999999907e+06
4.884320000000000732e+02 3.660307649999999907e+06
5.023872000000000639e+02 3.651011649999999907e+06
5.163423999999999978e+02 3.630060649999999907e+06
5.302976000000001022e+02 3.621905649999999907e+06
5.442528000000000930e+02 3.620242649999999907e+06
5.582080000000000837e+02 3.627781649999999907e+06
5.721632000000000744e+02 3.635703649999999907e+06
5.861184000000000651e+02 3.614365649999999907e+06
6.000736000000000558e+02 3.611105649999999907e+06
6.140288000000000466e+02 3.633384649999999907e+06
6.279840000000000373e+02 3.636090649999999907e+06
6.419392000000000280e+02 3.639503649999999907e+06
6.558944000000000187e+02 3.651914649999999907e+06
6.698496000000000095e+02 3.648002649999999907e+06
6.838048000000001139e+02 3.656278649999999907e+06
6.977600000000001046e+02 3.674582649999999907e+06
7.117152000000000953e+02 3.674098649999999907e+06
7.256704000000000860e+02 3.665646649999999907e+06
7.396256000000000768e+02 3.665860649999999907e+06
7.535808000000000675e+02 3.657626649999999907e+06
7.675360000000000582e+02 3.659093649999999907e+06
7.814912000000000489e+02 3.638101649999999907e+06
7.954464000000000397e+02 3.654303649999999907e+06
8.094016000000000304e+02 3.672881649999999907e+06
8.233568000000001348e+02 3.683545649999999907e+06
8.373120000000001255e+02 3.691906649999999907e+06
8.512672000000001162e+02 3.700230649999999907e+06
8.652224000000001070e+02 3.699755649999999907e+06
8.791776000000000977e+02 3.690986649999999907e+06
8.931328000000000884e+02 3.683949649999999907e+06
9.070880000000000791e+02 3.692640649999999907e+06
9.210432000000000698e+02 3.690426649999999907e+06
9.349984000000000606e+02 3.682169649999999907e+06
9.489536000000000513e+02 3.675016649999999907e+06
9.629088000000000420e+02 3.670581649999999907e+06
9.768640000000001464e+02 3.676252649999999907e+06
9.908192000000001372e+02 3.677932649999999907e+06
1.004774400000000128e+03 3.688631649999999907e+06
1.018729600000000119e+03 3.697615649999999907e+06
1.032684799999999996e+03 3.703671649999999907e+06
1.046640000000000100e+03 3.694487649999999907e+06
1.060595200000000204e+03 3.696464649999999907e+06
1.074550400000000081e+03 3.698421649999999907e+06
1.088505600000000186e+03 3.670797649999999907e+06
1.102460800000000063e+03 3.629250649999999907e+06
1.116416000000000167e+03 3.589563649999999907e+06
1.130371200000000044e+03 3.531026649999999907e+06
1.144326400000000149e+03 3.469770649999999907e+06
1.158281600000000026e+03 3.376516649999999907e+06
1.172236800000000130e+03 3.236525649999999907e+06
1.186192000000000007e+03 3.063390649999999907e+06
1.200147200000000112e+03 2.880456649999999907e+06
1.214102400000000216e+03 2.702763649999999907e+06
1.228057600000000093e+03 2.498743649999999907e+06
1.242012800000000198e+03 2.273701649999999907e+06
1.255968000000000075e+03 2.040494649999999907e+06
1.269923200000000179e+03 1.798416649999999907e+06
1.283878400000000056e+03 1.567985649999999907e+06
1.297833600000000160e+03 1.338333649999999907e+06
1.311788800000000037e+03 1.129367649999999907e+06
1.325744000000000142e+03 9.304766500000000233e+05
1.339699200000000019e+03 7.547886500000000233e+05
1.353654400000000123e+03 6.067366500000000233e+05
1.367609600000000228e+03 4.860636500000000233e+05
1.381564800000000105e+03 3.785056500000000233e+05
1.395520000000000209e+03 2.869736500000000233e+05
1.409475200000000086e+03 2.141056500000000233e+05
1.423430400000000191e+03 1.586816500000000233e+05
1.437385600000000068e+03 1.148296500000000233e+05
1.451340800000000172e+03 8.404965000000002328e+04
1.465296000000000049e+03 6.269165000000002328e+04
1.479251200000000154e+03 4.985565000000002328e+04
1.493206400000000258e+03 3.967365000000002328e+04
1.507161600000000135e+03 3.564165000000002328e+04
1.521116800000000239e+03 3.236265000000002328e+04
1.535072000000000116e+03 2.936765000000002328e+04
1.549027200000000221e+03 2.793065000000002328e+04
1.562982400000000098e+03 2.771165000000002328e+04
1.576937600000000202e+03 2.759165000000002328e+04
1.590892800000000079e+03 2.683265000000002328e+04
1.604848000000000184e+03 2.510665000000002328e+04
1.618803200000000061e+03 2.271565000000002328e+04
1.632758400000000165e+03 2.317465000000002328e+04
1.646713600000000270e+03 2.401165000000002328e+04
1.660668800000000147e+03 2.244265000000002328e+04
1.674624000000000251e+03 2.189265000000002328e+04
1.688579200000000128e+03 2.097665000000002328e+04
1.702534400000000232e+03 1.973765000000002328e+04
1.716489600000000110e+03 1.831165000000002328e+04
1.730444800000000214e+03 1.767265000000002328e+04
1.744400000000000091e+03 1.537365000000002328e+04
1.758355200000000195e+03 1.360765000000002328e+04
1.772310400000000072e+03 1.248465000000002328e+04
1.786265600000000177e+03 1.145265000000002328e+04
1.800220800000000281e+03 1.183265000000002328e+04
1.814176000000000158e+03 1.060665000000002328e+04
1.828131200000000263e+03 9.490650000000023283e+03
1.842086400000000140e+03 8.299650000000023283e+03
1.856041600000000244e+03 6.996650000000023283e+03
1.869996800000000121e+03 6.715650000000023283e+03
1.883952000000000226e+03 7.893650000000023283e+03
1.897907200000000103e+03 7.659650000000023283e+03
1.911862400000000207e+03 6.175650000000023283e+03
1.925817600000000084e+03 4.870650000000023283e+03
1.939772800000000188e+03 3.587650000000023283e+03
1.953728000000000293e+03 3.640650000000023283e+03
1.967683200000000170e+03 2.623650000000023283e+03
1.981638400000000274e+03 2.444650000000023283e+03
1.995593600000000151e+03 2.231650000000023283e+03
2.009548800000000256e+03 1.953650000000023283e+03
2.023504000000000133e+03 2.660650000000023283e+03
2.037459200000000237e+03 1.200650000000023283e+03
2.051414400000000114e+03 -6.334999999997671694e+01
2.065369599999999991e+03 1.246500000000232831e+02
2.079324800000000323e+03 5.596500000000232831e+02
2.093280000000000200e+03 -3.733499999999767169e+02
2.107235200000000077e+03 -1.677349999999976717e+03
2.121190400000000409e+03 -1.237349999999976717e+03
2.135145600000000286e+03 -5.383499999999767169e+02
2.149100800000000163e+03 -9.883499999999767169e+02
2.163056000000000040e+03 -7.793499999999767169e+02
2.177011200000000372e+03 -1.411349999999976717e+03
2.190966400000000249e+03 -1.373349999999976717e+03
2.204921600000000126e+03 -1.839349999999976717e+03
2.218876800000000003e+03 -1.338349999999976717e+03
2.232832000000000335e+03 -2.200349999999976717e+03
2.246787200000000212e+03 -1.888349999999976717e+03
2.260742400000000089e+03 -1.814349999999976717e+03
2.274697600000000421e+03 -1.463349999999976717e+03
2.288652800000000298e+03 -1.627349999999976717e+03
2.302608000000000175e+03 -1.021349999999976717e+03
2.316563200000000052e+03 -1.699349999999976717e+03
2.330518400000000383e+03 -1.240349999999976717e+03
2.344473600000000260e+03 -1.129349999999976717e+03
2.358428800000000138e+03 -1.642349999999976717e+03
2.372384000000000015e+03 -1.646349999999976717e+03
2.386339200000000346e+03 -2.533349999999976717e+03
2.400294400000000223e+03 -3.623499999999767169e+02
2.414249600000000100e+03 -2.024349999999976717e+03
2.428204800000000432e+03 -1.885349999999976717e+03
2.442160000000000309e+03 3.877650000000023283e+03
2.456115200000000186e+03 -1.246349999999976717e+03
2.470070400000000063e+03 -4.413499999999767169e+02
2.484025600000000395e+03 -1.263499999999767169e+02
2.497980800000000272e+03 -1.818349999999976717e+03
2.511936000000000149e+03 -1.416349999999976717e+03
2.525891200000000026e+03 -1.267349999999976717e+03
2.539846400000000358e+03 -1.771349999999976717e+03
2.553801600000000235e+03 -1.802349999999976717e+03
2.567756800000000112e+03 -2.392349999999976717e+03
2.581712000000000444e+03 -1.083349999999976717e+03
2.595667200000000321e+03 -2.434349999999976717e+03
2.609622400000000198e+03 -2.106349999999976717e+03
2.623577600000000075e+03 -1.213349999999976717e+03
2.637532800000000407e+03 -2.302349999999976717e+03
2.651488000000000284e+03 -2.356349999999976717e+03
2.665443200000000161e+03 -1.293349999999976717e+03
2.679398400000000038e+03 -1.989349999999976717e+03
2.693353600000000370e+03 -1.453349999999976717e+03
2.707308800000000247e+03 -2.250349999999976717e+03
2.721264000000000124e+03 -1.538349999999976717e+03
2.735219200000000455e+03 -1.525349999999976717e+03
2.749174400000000333e+03 -1.963349999999976717e+03
2.763129600000000210e+03 -2.690349999999976717e+03
2.777084800000000087e+03 -2.647349999999976717e+03
2.791040000000000418e+03 -1.937349999999976717e+03
2.804995200000000295e+03 -1.732349999999976717e+03
2.818950400000000172e+03 -1.209349999999976717e+03
2.832905600000000504e+03 -2.054349999999976717e+03
2.846860800000000381e+03 -2.471349999999976717e+03
2.860816000000000258e+03 -2.309349999999976717e+03
2.874771200000000135e+03 -1.615349999999976717e+03
2.888726400000000467e+03 -1.359349999999976717e+03
2.902681600000000344e+03 -1.120349999999976717e+03
2.916636800000000221e+03 -1.701349999999976717e+03
2.930592000000000098e+03 -1.847349999999976717e+03
2.944547200000000430e+03 -1.974349999999976717e+03
2.958502400000000307e+03 -1.995349999999976717e+03
2.972457600000000184e+03 -1.271349999999976717e+03
2.986412800000000516e+03 -1.055349999999976717e+03
3.000368000000000393e+03 -1.648349999999976717e+03
3.014323200000000270e+03 -1.757349999999976717e+03
3.028278400000000147e+03 -1.743349999999976717e+03
3.042233600000000479e+03 -1.111349999999976717e+03
3.056188800000000356e+03 -1.867349999999976717e+03
3.070144000000000233e+03 -1.797349999999976717e+03
3.084099200000000110e+03 -1.915349999999976717e+03
3.098054400000000442e+03 -2.180349999999976717e+03
3.112009600000000319e+03 -2.137349999999976717e+03
3.125964800000000196e+03 -9.283499999999767169e+02
3.139920000000000528e+03 -1.004349999999976717e+03
3.153875200000000405e+03 -1.081349999999976717e+03
3.167830400000000282e+03 -1.695349999999976717e+03
3.181785600000000159e+03 -7.633499999999767169e+02
3.195740800000000490e+03 -1.643349999999976717e+03
3.209696000000000367e+03 -1.976349999999976717e+03
3.223651200000000244e+03 -2.027349999999976717e+03
3.237606400000000122e+03 -6.073499999999767169e+02
3.251561600000000453e+03 -1.308349999999976717e+03
3.265516800000000330e+03 -1.775349999999976717e+03
3.279472000000000207e+03 -1.793349999999976717e+03
3.293427200000000539e+03 -1.415349999999976717e+03
3.307382400000000416e+03 -1.670349999999976717e+03
3.321337600000000293e+03 -1.703349999999976717e+03
3.335292800000000170e+03 -1.712349999999976717e+03
3.349248000000000502e+03 -1.686349999999976717e+03
3.363203200000000379e+03 -1.076349999999976717e+03
3.377158400000000256e+03 -1.123349999999976717e+03
3.391113600000000133e+03 -1.520349999999976717e+03
3.405068800000000465e+03 -1.415349999999976717e+03
3.419024000000000342e+03 -1.335349999999976717e+03
3.432979200000000219e+03 -7.493499999999767169e+02
3.446934400000000551e+03 -1.388349999999976717e+03
3.460889600000000428e+03 -1.380349999999976717e+03
3.474844800000000305e+03 -7.053499999999767169e+02
3.488800000000000182e+03 -8.553499999999767169e+02
3.502755200000000514e+03 -1.562349999999976717e+03
3.516710400000000391e+03 -1.202349999999976717e+03
3.530665600000000268e+03 -1.114349999999976717e+03
3.544620800000000145e+03 2.665000000002328306e+01
3.558576000000000477e+03 3.456500000000232831e+02
3.572531200000000354e+03 -7.483499999999767169e+02
3.586486400000000231e+03 5.556500000000232831e+02
3.600441600000000562e+03 -6.703499999999767169e+02
3.614396800000000439e+03 -8.963499999999767169e+02
3.628352000000000317e+03 -6.243499999999767169e+02
3.642307200000000194e+03 2.065000000002328306e+01
3.656262400000000525e+03 -1.743499999999767169e+02
3.670217600000000402e+03 -3.383499999999767169e+02
3.684172800000000279e+03 -5.073499999999767169e+02
3.698128000000000156e+03 -1.018349999999976717e+03
3.712083200000000488e+03 -2.634999999997671694e+01
3.726038400000000365e+03 -1.186349999999976717e+03
3.739993600000000242e+03 -8.934999999997671694e+01
3.753948800000000574e+03 3.246500000000232831e+02
3.767904000000000451e+03 -1.073499999999767169e+02
3.781859200000000328e+03 1.188650000000023283e+03
3.795814400000000205e+03 1.146500000000232831e+02
3.809769600000000537e+03 -5.153499999999767169e+02
3.823724800000000414e+03 -1.283499999999767169e+02
3.837680000000000291e+03 -5.773499999999767169e+02
3.851635200000000168e+03 -9.673499999999767169e+02
3.865590400000000500e+03 -7.333499999999767169e+02
3.879545600000000377e+03 6.926500000000232831e+02
3.893500800000000254e+03 -1.913499999999767169e+02
3.907456000000000586e+03 -3.653499999999767169e+02
3.921411200000000463e+03 -5.543499999999767169e+02
3.935366400000000340e+03 2.165000000002328306e+01
3.949321600000000217e+03 5.956500000000232831e+02
3.963276800000000549e+03 -3.843499999999767169e+02
3.977232000000000426e+03 -6.234999999997671694e+01
3.991187200000000303e+03 -3.349999999976716936e+00
4.005142400000000180e+03 -3.923499999999767169e+02
4.019097600000000511e+03 -2.613499999999767169e+02
4.033052800000000389e+03 -9.853499999999767169e+02
4.047008000000000266e+03 -5.073499999999767169e+02
4.060963200000000597e+03 1.062650000000023283e+03
4.074918400000000474e+03 -2.383499999999767169e+02
4.088873600000000351e+03 3.806500000000232831e+02
4.102828800000000228e+03 5.986500000000232831e+02
4.116784000000000560e+03 2.576500000000232831e+02
4.130739199999999983e+03 4.965000000002328306e+01
4.144694400000000314e+03 2.046500000000232831e+02
4.158649600000000646e+03 3.976500000000232831e+02
4.172604800000000068e+03 -3.499999999767169356e-01
4.186560000000000400e+03 2.346500000000232831e+02
4.200515200000000732e+03 1.866500000000232831e+02
4.214470400000000154e+03 2.506500000000232831e+02
4.228425600000000486e+03 -2.483499999999767169e+02
4.242380800000000818e+03 -1.713499999999767169e+02
4.256336000000000240e+03 4.696500000000232831e+02
4.270291200000000572e+03 4.054650000000023283e+03
4.284246399999999994e+03 4.865000000002328306e+01
4.298201600000000326e+03 6.496500000000232831e+02
4.312156800000000658e+03 8.276500000000232831e+02
4.326112000000000080e+03 2.496500000000232831e+02
4.340067200000000412e+03 -2.034999999997671694e+01
4.354022400000000744e+03 4.806500000000232831e+02
4.367977600000000166e+03 2.566500000000232831e+02
4.381932800000000498e+03 9.876500000000232831e+02
4.395888000000000829e+03 6.636500000000232831e+02
4.409843200000000252e+03 6.926500000000232831e+02
4.423798400000000584e+03 7.736500000000232831e+02
4.437753600000000006e+03 6.416500000000232831e+02
4.451708800000000338e+03 2.736500000000232831e+02
4.465664000000000669e+03 7.765000000002328306e+01
4.479619200000000092e+03 1.343650000000023283e+03
4.493574400000000423e+03 8.676500000000232831e+02
4.507529600000000755e+03 6.406500000000232831e+02
4.521484800000000178e+03 1.081650000000023283e+03
4.535440000000000509e+03 9.956500000000232831e+02
4.549395200000000841e+03 9.046500000000232831e+02
4.563350400000000263e+03 1.236650000000023283e+03
4.577305600000000595e+03 2.656500000000232831e+02
4.591260800000000017e+03 1.742650000000023283e+03
4.605216000000000349e+03 4.456500000000232831e+02
4.619171200000000681e+03 1.366500000000232831e+02
4.633126400000000103e+03 7.206500000000232831e+02
4.647081600000000435e+03 4.376500000000232831e+02
4.661036800000000767e+03 4.876500000000232831e+02
4.674992000000000189e+03 1.516650000000023283e+03
4.688947200000000521e+03 3.236500000000232831e+02
4.702902400000000853e+03 -2.183499999999767169e+02
4.716857600000000275e+03 9.356500000000232831e+02
4.730812800000000607e+03 5.676500000000232831e+02
4.744768000000000029e+03 1.365650000000023283e+03
4.758723200000000361e+03 1.146500000000232831e+02
4.772678400000000693e+03 3.786500000000232831e+02
4.786633600000000115e+03 1.006500000000232831e+02
4.800588800000000447e+03 2.916500000000232831e+02
4.814544000000000779e+03 1.016650000000023283e+03
4.828499200000000201e+03 -7.583499999999767169e+02
4.842454400000000533e+03 5.766500000000232831e+02
4.856409600000000864e+03 1.516500000000232831e+02
4.870364800000000287e+03 5.096500000000232831e+02
4.884320000000000618e+03 2.476500000000232831e+02
4.898275200000000041e+03 4.166500000000232831e+02
4.912230400000000373e+03 1.996500000000232831e+02
4.926185600000000704e+03 -5.423499999999767169e+02
4.940140800000000127e+03 7.346500000000232831e+02
4.954096000000000458e+03 1.226650000000023283e+03
4.968051200000000790e+03 3.016500000000232831e+02
4.982006400000000212e+03 1.271650000000023283e+03
4.995961600000000544e+03 5.286500000000232831e+02
5.009916800000000876e+03 1.697650000000023283e+03
5.023872000000000298e+03 8.176500000000232831e+02
5.037827200000000630e+03 2.716500000000232831e+02
5.051782400000000052e+03 -2.063499999999767169e+02
5.065737600000000384e+03 -5.334349999999976717e+03
5.079692800000000716e+03 -1.177834999999997672e+04
5.093648000000000138e+03 -1.188534999999997672e+04
5.107603200000000470e+03 -1.170234999999997672e+04
5.121558400000000802e+03 -1.161134999999997672e+04
5.135513600000000224e+03 -1.188534999999997672e+04
5.149468800000000556e+03 -1.172334999999997672e+04
5.163424000000000888e+03 -1.177534999999997672e+04
5.177379200000000310e+03 -1.163434999999997672e+04
5.191334400000000642e+03 -1.168834999999997672e+04
5.205289600000000064e+03 -1.175934999999997672e+04
5.219244800000000396e+03 -1.183134999999997672e+04
5.233200000000000728e+03 -1.174834999999997672e+04
5.247155200000000150e+03 -1.187534999999997672e+04
5.261110400000000482e+03 -1.182734999999997672e+04
5.275065600000000813e+03 -1.180034999999997672e+04
5.289020800000000236e+03 -1.181834999999997672e+04
5.302976000000000568e+03 -1.177734999999997672e+04
5.316931200000000899e+03 -1.172634999999997672e+04
5.330886400000000322e+03 -1.180434999999997672e+04
5.344841600000000653e+03 -1.176734999999997672e+04
5.358796800000000076e+03 -1.163834999999997672e+04
5.372752000000000407e+03 -1.185334999999997672e+04
5.386707200000000739e+03 -1.199634999999997672e+04
