-2.070690647482014356e+03 -1.124739999999990687e+03
-2.056886043165467527e+03 -6.669739999999990687e+03
-2.043081438848920925e+03 -7.861739999999990687e+03
-2.029276834532374323e+03 -8.756739999999990687e+03
-2.015472230215827494e+03 -8.926739999999990687e+03
-2.001667625899280665e+03 -9.267739999999990687e+03
-1.987863021582733836e+03 -9.603739999999990687e+03
-1.974058417266187234e+03 -9.747739999999990687e+03
-1.960253812949640405e+03 -9.951739999999990687e+03
-1.946449208633093576e+03 -1.027073999999999069e+04
-1.932644604316546975e+03 -1.027473999999999069e+04
-1.918840000000000146e+03 -1.049973999999999069e+04
-1.905035395683453316e+03 -5.424739999999990687e+03
-1.891230791366906487e+03 -2.067399999999906868e+02
-1.877426187050359886e+03 -6.127399999999906868e+02
-1.863621582733813057e+03 -3.747399999999906868e+02
-1.849816978417266228e+03 -2.777399999999906868e+02
-1.836012374100719626e+03 -7.473999999999068677e+01
-1.822207769784172797e+03 -6.397399999999906868e+02
-1.808403165467625968e+03 -1.085739999999990687e+03
-1.794598561151079139e+03 -1.272739999999990687e+03
-1.780793956834532537e+03 -7.987399999999906868e+02
-1.766989352517985708e+03 -1.021739999999990687e+03
-1.753184748201438879e+03 1.790260000000009313e+03
-1.739380143884892277e+03 -1.603739999999990687e+03
-1.725575539568345448e+03 -9.027399999999906868e+02
-1.711770935251798619e+03 -3.667399999999906868e+02
-1.697966330935251790e+03 -2.129739999999990687e+03
-1.684161726618705188e+03 -1.043739999999990687e+03
-1.670357122302158359e+03 -1.612739999999990687e+03
-1.656552517985611530e+03 -1.459739999999990687e+03
-1.642747913669064928e+03 -1.951739999999990687e+03
-1.628943309352518099e+03 -2.212739999999990687e+03
-1.615138705035971270e+03 -1.899739999999990687e+03
-1.601334100719424441e+03 -2.560739999999990687e+03
-1.587529496402877840e+03 -2.015739999999990687e+03
-1.573724892086331010e+03 -1.686739999999990687e+03
-1.559920287769784181e+03 -1.805739999999990687e+03
-1.546115683453237580e+03 -1.122739999999990687e+03
-1.532311079136690751e+03 -2.416739999999990687e+03
-1.518506474820143922e+03 -1.483739999999990687e+03
-1.504701870503597092e+03 -2.140739999999990687e+03
-1.490897266187050491e+03 -1.316739999999990687e+03
-1.477092661870503662e+03 -1.628739999999990687e+03
-1.463288057553956833e+03 -1.942739999999990687e+03
-1.449483453237410231e+03 -1.885739999999990687e+03
-1.435678848920863402e+03 -1.629739999999990687e+03
-1.421874244604316573e+03 -2.147399999999906868e+02
-1.408069640287769971e+03 -2.183739999999990687e+03
-1.394265035971223142e+03 -1.666739999999990687e+03
-1.380460431654676313e+03 -1.731739999999990687e+03
-1.366655827338129484e+03 -2.283739999999990687e+03
-1.352851223021582882e+03 -1.978739999999990687e+03
-1.339046618705036053e+03 -1.419739999999990687e+03
-1.325242014388489224e+03 -1.070739999999990687e+03
-1.311437410071942622e+03 -1.944739999999990687e+03
-1.297632805755395793e+03 -1.568739999999990687e+03
-1.283828201438848964e+03 -1.991739999999990687e+03
-1.270023597122302135e+03 -2.097739999999990687e+03
-1.256218992805755533e+03 -2.039739999999990687e+03
-1.242414388489208704e+03 -2.402739999999990687e+03
-1.228609784172661875e+03 -1.381739999999990687e+03
-1.214805179856115274e+03 -2.264739999999990687e+03
-1.201000575539568445e+03 -2.093739999999990687e+03
-1.187195971223021616e+03 -1.751739999999990687e+03
-1.173391366906474786e+03 -1.133739999999990687e+03
-1.159586762589928185e+03 -2.288739999999990687e+03
-1.145782158273381356e+03 -1.906739999999990687e+03
-1.131977553956834527e+03 -2.508739999999990687e+03
-1.118172949640287925e+03 -1.857739999999990687e+03
-1.104368345323741096e+03 -2.032739999999990687e+03
-1.090563741007194267e+03 -2.670739999999990687e+03
-1.076759136690647438e+03 -1.445739999999990687e+03
-1.062954532374100836e+03 -1.136739999999990687e+03
-1.049149928057554007e+03 -1.990739999999990687e+03
-1.035345323741007178e+03 -2.110739999999990687e+03
-1.021540719424460463e+03 -1.292739999999990687e+03
-1.007736115107913747e+03 -1.487739999999990687e+03
-9.939315107913669181e+02 -1.758739999999990687e+03
-9.801269064748202027e+02 -1.909739999999990687e+03
-9.663223021582734873e+02 -2.099739999999990687e+03
-9.525176978417266582e+02 -2.367739999999990687e+03
-9.387130935251799428e+02 -1.284739999999990687e+03
-9.249084892086331138e+02 -1.443739999999990687e+03
-9.111038848920863984e+02 -1.420739999999990687e+03
-8.972992805755395693e+02 -1.743739999999990687e+03
-8.834946762589928539e+02 -1.635739999999990687e+03
-8.696900719424461386e+02 -2.121739999999990687e+03
-8.558854676258993095e+02 -1.702739999999990687e+03
-8.420808633093525941e+02 -1.894739999999990687e+03
-8.282762589928057650e+02 -2.251739999999990687e+03
-8.144716546762590497e+02 -2.112739999999990687e+03
-8.006670503597122206e+02 -2.224739999999990687e+03
-7.868624460431655052e+02 -2.039739999999990687e+03
-7.730578417266187898e+02 -2.359739999999990687e+03
-7.592532374100719608e+02 -2.065739999999990687e+03
-7.454486330935252454e+02 -1.867739999999990687e+03
-7.316440287769784163e+02 -1.380739999999990687e+03
-7.178394244604317009e+02 -1.271739999999990687e+03
-7.040348201438849856e+02 -1.846739999999990687e+03
-6.902302158273381565e+02 -1.279739999999990687e+03
-6.764256115107914411e+02 -2.285739999999990687e+03
-6.626210071942446120e+02 -1.390739999999990687e+03
-6.488164028776978967e+02 -1.673739999999990687e+03
-6.350117985611510676e+02 -1.448739999999990687e+03
-6.212071942446043522e+02 -1.240739999999990687e+03
-6.074025899280576368e+02 -1.764739999999990687e+03
-5.935979856115108078e+02 -2.437739999999990687e+03
-5.797933812949640924e+02 -2.243739999999990687e+03
-5.659887769784172633e+02 -1.391739999999990687e+03
-5.521841726618705479e+02 -2.549739999999990687e+03
-5.383795683453237189e+02 -2.629739999999990687e+03
-5.245749640287770035e+02 -2.225739999999990687e+03
-5.107703597122302313e+02 -2.835739999999990687e+03
-4.969657553956834590e+02 -2.294739999999990687e+03
-4.831611510791367436e+02 -2.691739999999990687e+03
-4.693565467625899714e+02 -2.669739999999990687e+03
-4.555519424460431992e+02 -2.850739999999990687e+03
-4.417473381294964270e+02 -1.509739999999990687e+03
-4.279427338129496547e+02 -2.538739999999990687e+03
-4.141381294964028825e+02 -2.042739999999990687e+03
-4.003335251798561103e+02 -2.463739999999990687e+03
-3.865289208633093949e+02 -2.387739999999990687e+03
-3.727243165467626227e+02 -2.436739999999990687e+03
-3.589197122302158505e+02 -2.196739999999990687e+03
-3.451151079136690782e+02 -2.051739999999990687e+03
-3.313105035971223060e+02 -2.085739999999990687e+03
-3.175058992805755338e+02 -2.294739999999990687e+03
-3.037012949640288184e+02 -1.934739999999990687e+03
-2.898966906474820462e+02 -2.256739999999990687e+03
-2.760920863309352740e+02 -3.003739999999990687e+03
-2.622874820143885017e+02 -2.492739999999990687e+03
-2.484828776978417295e+02 -2.726739999999990687e+03
-2.346782733812949857e+02 -2.823739999999990687e+03
-2.208736690647482135e+02 -2.168739999999990687e+03
-2.070690647482014413e+02 -2.431739999999990687e+03
-1.932644604316546975e+02 -2.726739999999990687e+03
-1.794598561151079252e+02 -2.152739999999990687e+03
-1.656552517985611530e+02 -1.939739999999990687e+03
-1.518506474820144092e+02 -2.367739999999990687e+03
-1.380460431654676370e+02 -1.744739999999990687e+03
-1.242414388489208648e+02 -1.522739999999990687e+03
-1.104368345323741067e+02 -1.510739999999990687e+03
-9.663223021582734873e+01 -2.225739999999990687e+03
-8.282762589928057650e+01 -1.402739999999990687e+03
-6.902302158273381849e+01 9.122600000000093132e+02
-5.521841726618705337e+01 3.470260000000009313e+03
-4.141381294964028825e+01 1.084726000000000931e+04
-2.760920863309352669e+01 2.423826000000000931e+04
-1.380460431654676334e+01 4.778926000000000931e+04
0.000000000000000000e+00 8.846826000000000931e+04
1.380460431654676334e+01 1.452002600000000093e+05
2.760920863309352669e+01 2.286922600000000093e+05
4.141381294964028825e+01 3.401572600000000093e+05
5.521841726618705337e+01 4.726822600000000093e+05
6.902302158273381849e+01 6.381802600000000093e+05
8.282762589928057650e+01 8.334222600000000093e+05
9.663223021582734873e+01 1.049719260000000009e+06
1.104368345323741067e+02 1.281196260000000009e+06
1.242414388489208648e+02 1.514159260000000009e+06
1.380460431654676370e+02 1.744802260000000009e+06
1.518506474820144092e+02 1.979989260000000009e+06
1.656552517985611530e+02 2.203761259999999776e+06
1.794598561151079252e+02 2.419123259999999776e+06
1.932644604316546975e+02 2.655798259999999776e+06
2.070690647482014413e+02 2.861515259999999776e+06
2.208736690647482135e+02 3.048266259999999776e+06
2.346782733812949857e+02 3.232044259999999776e+06
2.484828776978417295e+02 3.415416259999999776e+06
2.622874820143885017e+02 3.558706259999999776e+06
2.760920863309352740e+02 3.677480259999999776e+06
2.898966906474820462e+02 3.788417259999999776e+06
3.037012949640288184e+02 3.867223259999999776e+06
3.175058992805755338e+02 3.943572259999999776e+06
3.313105035971223060e+02 4.003404259999999776e+06
3.451151079136690782e+02 4.034082259999999776e+06
3.589197122302158505e+02 4.045407259999999776e+06
3.727243165467626227e+02 4.072899259999999776e+06
3.865289208633093949e+02 4.065383259999999776e+06
4.003335251798561103e+02 4.053705259999999776e+06
4.141381294964028825e+02 4.047120259999999776e+06
4.279427338129496547e+02 4.059341259999999776e+06
4.417473381294964270e+02 4.058308259999999776e+06
4.555519424460431992e+02 4.027891259999999776e+06
4.693565467625899714e+02 4.010117259999999776e+06
4.831611510791367436e+02 4.006540259999999776e+06
4.969657553956834590e+02 3.992088259999999776e+06
5.107703597122302313e+02 3.984076259999999776e+06
5.245749640287770035e+02 4.003961259999999776e+06
5.383795683453237189e+02 4.010670259999999776e+06
5.521841726618705479e+02 3.987188259999999776e+06
5.659887769784172633e+02 3.962981259999999776e+06
5.797933812949640924e+02 3.967915259999999776e+06
5.935979856115108078e+02 3.969799259999999776e+06
6.074025899280576368e+02 3.977742259999999776e+06
6.212071942446043522e+02 3.969174259999999776e+06
6.350117985611510676e+02 3.945434259999999776e+06
6.488164028776978967e+02 3.922151259999999776e+06
6.626210071942446120e+02 3.891006259999999776e+06
6.764256115107914411e+02 3.828932259999999776e+06
6.902302158273381565e+02 3.764453259999999776e+06
7.040348201438849856e+02 3.670154259999999776e+06
7.178394244604317009e+02 3.565657259999999776e+06
7.316440287769784163e+02 3.436960259999999776e+06
7.454486330935252454e+02 3.278143259999999776e+06
7.592532374100719608e+02 3.080076259999999776e+06
7.730578417266187898e+02 2.843357259999999776e+06
7.868624460431655052e+02 2.602613259999999776e+06
8.006670503597122206e+02 2.342587259999999776e+06
8.144716546762590497e+02 2.074501260000000009e+06
8.282762589928057650e+02 1.809686260000000009e+06
8.420808633093525941e+02 1.551661260000000009e+06
8.558854676258993095e+02 1.316491260000000009e+06
8.696900719424461386e+02 1.100271260000000009e+06
8.834946762589928539e+02 9.069022600000000093e+05
8.972992805755395693e+02 7.313252600000000093e+05
9.111038848920863984e+02 5.809342600000000093e+05
9.249084892086331138e+02 4.443852600000000093e+05
9.387130935251799428e+02 3.319472600000000093e+05
9.525176978417266582e+02 2.407032600000000093e+05
9.663223021582734873e+02 1.689182600000000093e+05
9.801269064748202027e+02 1.153952600000000093e+05
9.939315107913669181e+02 8.049926000000000931e+04
1.007736115107913747e+03 5.915226000000000931e+04
1.021540719424460463e+03 4.560926000000000931e+04
1.035345323741007178e+03 3.849726000000000931e+04
1.049149928057554007e+03 3.572726000000000931e+04
1.062954532374100836e+03 3.543626000000000931e+04
1.076759136690647438e+03 3.583526000000000931e+04
1.090563741007194267e+03 3.487026000000000931e+04
1.104368345323741096e+03 3.128026000000000931e+04
1.118172949640287925e+03 3.169026000000000931e+04
1.131977553956834527e+03 2.899426000000000931e+04
1.145782158273381356e+03 2.916126000000000931e+04
1.159586762589928185e+03 2.803826000000000931e+04
1.173391366906474786e+03 2.746326000000000931e+04
1.187195971223021616e+03 2.499626000000000931e+04
1.201000575539568445e+03 2.431826000000000931e+04
1.214805179856115274e+03 2.552226000000000931e+04
1.228609784172661875e+03 2.207626000000000931e+04
1.242414388489208704e+03 2.173926000000000931e+04
1.256218992805755533e+03 2.066926000000000931e+04
1.270023597122302135e+03 1.928426000000000931e+04
1.283828201438848964e+03 1.736126000000000931e+04
1.297632805755395793e+03 1.552026000000000931e+04
1.311437410071942622e+03 1.512026000000000931e+04
1.325242014388489224e+03 1.352926000000000931e+04
1.339046618705036053e+03 1.176726000000000931e+04
1.352851223021582882e+03 1.137926000000000931e+04
1.366655827338129484e+03 8.677260000000009313e+03
1.380460431654676313e+03 7.171260000000009313e+03
1.394265035971223142e+03 7.392260000000009313e+03
1.408069640287769971e+03 7.449260000000009313e+03
1.421874244604316573e+03 7.181260000000009313e+03
1.435678848920863402e+03 5.668260000000009313e+03
1.449483453237410231e+03 6.363260000000009313e+03
1.463288057553956833e+03 6.839260000000009313e+03
1.477092661870503662e+03 4.518260000000009313e+03
1.490897266187050491e+03 3.489260000000009313e+03
1.504701870503597092e+03 2.261260000000009313e+03
1.518506474820143922e+03 2.102260000000009313e+03
1.532311079136690751e+03 2.193260000000009313e+03
1.546115683453237580e+03 1.625260000000009313e+03
1.559920287769784181e+03 1.800260000000009313e+03
1.573724892086331010e+03 8.442600000000093132e+02
1.587529496402877840e+03 1.081260000000009313e+03
1.601334100719424441e+03 8.972600000000093132e+02
1.615138705035971270e+03 4.932600000000093132e+02
1.628943309352518099e+03 -4.597399999999906868e+02
1.642747913669064928e+03 -6.377399999999906868e+02
1.656552517985611530e+03 -8.777399999999906868e+02
1.670357122302158359e+03 -1.289739999999990687e+03
1.684161726618705188e+03 -1.659739999999990687e+03
1.697966330935251790e+03 -1.268739999999990687e+03
1.711770935251798619e+03 -5.727399999999906868e+02
1.725575539568345448e+03 1.032600000000093132e+02
1.739380143884892277e+03 -5.647399999999906868e+02
1.753184748201438879e+03 -1.049739999999990687e+03
1.766989352517985708e+03 -1.003739999999990687e+03
1.780793956834532537e+03 -1.622739999999990687e+03
1.794598561151079139e+03 -1.819739999999990687e+03
1.808403165467625968e+03 -7.587399999999906868e+02
1.822207769784172797e+03 -1.391739999999990687e+03
1.836012374100719626e+03 -1.486739999999990687e+03
1.849816978417266228e+03 9.920260000000009313e+03
1.863621582733813057e+03 1.032726000000000931e+04
1.877426187050359886e+03 -1.267739999999990687e+03
1.891230791366906487e+03 -1.409739999999990687e+03
1.905035395683453316e+03 -1.609739999999990687e+03
1.918840000000000146e+03 -1.801739999999990687e+03
1.932644604316546975e+03 -1.264739999999990687e+03
1.946449208633093576e+03 -1.262739999999990687e+03
1.960253812949640405e+03 -1.468739999999990687e+03
1.974058417266187234e+03 -1.515739999999990687e+03
1.987863021582733836e+03 -1.674739999999990687e+03
2.001667625899280665e+03 -2.135739999999990687e+03
2.015472230215827494e+03 -1.490739999999990687e+03
2.029276834532374323e+03 -1.395739999999990687e+03
2.043081438848920925e+03 -1.722739999999990687e+03
2.056886043165467527e+03 -1.489739999999990687e+03
2.070690647482014356e+03 -2.136739999999990687e+03
2.084495251798561185e+03 -1.350739999999990687e+03
2.098299856115108014e+03 -2.303739999999990687e+03
2.112104460431654843e+03 -2.064739999999990687e+03
2.125909064748201672e+03 -2.114739999999990687e+03
2.139713669064748501e+03 -1.600739999999990687e+03
2.153518273381294875e+03 -1.497739999999990687e+03
2.167322877697841705e+03 -2.339739999999990687e+03
2.181127482014388534e+03 -2.356739999999990687e+03
2.194932086330935363e+03 -1.257739999999990687e+03
2.208736690647482192e+03 -1.500739999999990687e+03
2.222541294964029021e+03 -1.415739999999990687e+03
2.236345899280575850e+03 -2.166739999999990687e+03
2.250150503597122224e+03 -2.316739999999990687e+03
2.263955107913669053e+03 -1.241739999999990687e+03
2.277759712230215882e+03 -2.323739999999990687e+03
2.291564316546762711e+03 -1.769739999999990687e+03
2.305368920863309540e+03 -2.204739999999990687e+03
2.319173525179856370e+03 -2.110739999999990687e+03
2.332978129496403199e+03 -2.080739999999990687e+03
2.346782733812949573e+03 -2.208739999999990687e+03
2.360587338129496402e+03 -2.479739999999990687e+03
2.374391942446043231e+03 -1.994739999999990687e+03
2.388196546762590060e+03 -2.112739999999990687e+03
2.402001151079136889e+03 -2.466739999999990687e+03
2.415805755395683718e+03 -2.758739999999990687e+03
2.429610359712230547e+03 -1.693739999999990687e+03
2.443414964028776922e+03 -2.257739999999990687e+03
2.457219568345323751e+03 -1.996739999999990687e+03
2.471024172661870580e+03 -1.373739999999990687e+03
2.484828776978417409e+03 -1.894739999999990687e+03
2.498633381294964238e+03 -1.874739999999990687e+03
2.512437985611511067e+03 -2.844739999999990687e+03
2.526242589928057896e+03 -1.136739999999990687e+03
2.540047194244604270e+03 -2.399739999999990687e+03
2.553851798561151099e+03 -1.708739999999990687e+03
2.567656402877697928e+03 4.507260000000009313e+03
2.581461007194244758e+03 -1.597739999999990687e+03
2.595265611510791587e+03 -7.247399999999906868e+02
2.609070215827338416e+03 -8.727399999999906868e+02
2.622874820143885245e+03 -1.772739999999990687e+03
2.636679424460431619e+03 -1.582739999999990687e+03
2.650484028776978448e+03 -1.670739999999990687e+03
2.664288633093525277e+03 -1.868739999999990687e+03
2.678093237410072106e+03 -1.820739999999990687e+03
2.691897841726618935e+03 -2.274739999999990687e+03
2.705702446043165764e+03 -6.487399999999906868e+02
2.719507050359712593e+03 -1.992739999999990687e+03
2.733311654676258968e+03 -1.449739999999990687e+03
2.747116258992805797e+03 -2.070739999999990687e+03
2.760920863309352626e+03 -2.484739999999990687e+03
2.774725467625899455e+03 -2.097739999999990687e+03
2.788530071942446284e+03 -1.788739999999990687e+03
2.802334676258993113e+03 -2.064739999999990687e+03
2.816139280575539942e+03 -1.545739999999990687e+03
2.829943884892086317e+03 -2.160739999999990687e+03
2.843748489208633146e+03 -1.708739999999990687e+03
2.857553093525179975e+03 -1.745739999999990687e+03
2.871357697841726804e+03 -2.641739999999990687e+03
2.885162302158273633e+03 -2.850739999999990687e+03
2.898966906474820462e+03 -2.777739999999990687e+03
2.912771510791367291e+03 -2.438739999999990687e+03
2.926576115107913665e+03 -1.699739999999990687e+03
2.940380719424460494e+03 -1.493739999999990687e+03
2.954185323741007323e+03 -2.198739999999990687e+03
2.967989928057554152e+03 -2.863739999999990687e+03
2.981794532374100982e+03 -2.561739999999990687e+03
2.995599136690647811e+03 -2.628739999999990687e+03
3.009403741007194185e+03 -1.524739999999990687e+03
3.023208345323741014e+03 -2.010739999999990687e+03
3.037012949640287843e+03 -2.307739999999990687e+03
3.050817553956834672e+03 -2.156739999999990687e+03
3.064622158273381501e+03 -1.868739999999990687e+03
3.078426762589928330e+03 -2.122739999999990687e+03
3.092231366906475159e+03 -1.593739999999990687e+03
3.106035971223021534e+03 -1.212739999999990687e+03
3.119840575539568363e+03 -2.034739999999990687e+03
3.133645179856115192e+03 -2.481739999999990687e+03
3.147449784172662021e+03 -1.915739999999990687e+03
3.161254388489208850e+03 -1.861739999999990687e+03
3.175058992805755679e+03 -2.225739999999990687e+03
3.188863597122302508e+03 -2.538739999999990687e+03
3.202668201438848882e+03 -1.326739999999990687e+03
3.216472805755395711e+03 -1.471739999999990687e+03
3.230277410071942541e+03 -1.944739999999990687e+03
3.244082014388489370e+03 -1.805739999999990687e+03
3.257886618705036199e+03 -1.629739999999990687e+03
3.271691223021583028e+03 -1.494739999999990687e+03
3.285495827338129857e+03 -1.700739999999990687e+03
3.299300431654676231e+03 -1.726739999999990687e+03
3.313105035971223060e+03 -2.201739999999990687e+03
3.326909640287769889e+03 -1.556739999999990687e+03
3.340714244604316718e+03 -1.849739999999990687e+03
3.354518848920863547e+03 -9.907399999999906868e+02
3.368323453237410376e+03 -2.220739999999990687e+03
3.382128057553957206e+03 -1.575739999999990687e+03
3.395932661870503580e+03 -1.524739999999990687e+03
3.409737266187050409e+03 -1.723739999999990687e+03
3.423541870503597238e+03 -1.537739999999990687e+03
3.437346474820144067e+03 -1.581739999999990687e+03
3.451151079136690896e+03 -9.627399999999906868e+02
3.464955683453237725e+03 -2.088739999999990687e+03
3.478760287769784554e+03 -1.755739999999990687e+03
3.492564892086330929e+03 -1.874739999999990687e+03
3.506369496402877758e+03 -2.068739999999990687e+03
3.520174100719424587e+03 -1.480739999999990687e+03
3.533978705035971416e+03 -1.030739999999990687e+03
3.547783309352518245e+03 -1.066739999999990687e+03
3.561587913669065074e+03 -2.266739999999990687e+03
3.575392517985611903e+03 -1.283739999999990687e+03
3.589197122302158277e+03 -7.617399999999906868e+02
3.603001726618705106e+03 -1.355739999999990687e+03
3.616806330935251935e+03 -7.287399999999906868e+02
3.630610935251798765e+03 -8.317399999999906868e+02
3.644415539568345594e+03 -1.083739999999990687e+03
3.658220143884892423e+03 5.332600000000093132e+02
3.672024748201439252e+03 -5.757399999999906868e+02
3.685829352517985626e+03 -1.415739999999990687e+03
3.699633956834532455e+03 -3.817399999999906868e+02
3.713438561151079284e+03 -9.147399999999906868e+02
3.727243165467626113e+03 -1.463739999999990687e+03
3.741047769784172942e+03 -8.907399999999906868e+02
3.754852374100719771e+03 1.726000000000931323e+01
3.768656978417266600e+03 -2.587399999999906868e+02
3.782461582733812975e+03 3.526000000000931323e+01
3.796266187050359804e+03 -5.377399999999906868e+02
3.810070791366906633e+03 -1.001739999999990687e+03
3.823875395683453462e+03 2.952600000000093132e+02
3.837680000000000291e+03 -8.677399999999906868e+02
3.851484604316547120e+03 -7.647399999999906868e+02
3.865289208633093949e+03 -4.717399999999906868e+02
3.879093812949640323e+03 -4.537399999999906868e+02
3.892898417266187153e+03 2.712600000000093132e+02
3.906703021582733982e+03 -7.597399999999906868e+02
3.920507625899280811e+03 -4.257399999999906868e+02
3.934312230215827640e+03 -4.777399999999906868e+02
3.948116834532374469e+03 -1.508739999999990687e+03
3.961921438848921298e+03 -1.227739999999990687e+03
3.975726043165467672e+03 -4.347399999999906868e+02
3.989530647482014501e+03 2.512600000000093132e+02
4.003335251798561330e+03 1.426000000000931323e+01
4.017139856115108159e+03 -7.467399999999906868e+02
4.030944460431654988e+03 -1.101739999999990687e+03
4.044749064748201818e+03 9.526000000000931323e+01
4.058553669064748647e+03 3.452600000000093132e+02
4.072358273381295021e+03 -4.297399999999906868e+02
4.086162877697841850e+03 -7.467399999999906868e+02
4.099967482014389134e+03 -4.417399999999906868e+02
4.113772086330935053e+03 -6.627399999999906868e+02
4.127576690647481882e+03 2.272600000000093132e+02
4.141381294964028712e+03 5.792600000000093132e+02
4.155185899280575541e+03 6.222600000000093132e+02
4.168990503597122370e+03 1.849260000000009313e+03
4.182795107913669199e+03 9.202600000000093132e+02
4.196599712230216028e+03 8.722600000000093132e+02
4.210404316546762857e+03 8.260000000009313226e+00
4.224208920863309686e+03 4.372600000000093132e+02
4.238013525179856515e+03 -2.817399999999906868e+02
4.251818129496403344e+03 1.422600000000093132e+02
4.265622733812950173e+03 -2.073999999999068677e+01
4.279427338129497002e+03 -2.507399999999906868e+02
4.293231942446043831e+03 8.026000000000931323e+01
4.307036546762589751e+03 3.982600000000093132e+02
4.320841151079136580e+03 4.052600000000093132e+02
4.334645755395683409e+03 -1.307399999999906868e+02
4.348450359712230238e+03 3.742600000000093132e+02
4.362254964028777067e+03 5.732600000000093132e+02
4.376059568345323896e+03 3.314260000000009313e+03
4.389864172661870725e+03 3.642600000000093132e+02
4.403668776978417554e+03 1.037260000000009313e+03
4.417473381294964383e+03 9.002600000000093132e+02
4.431277985611511212e+03 3.702600000000093132e+02
4.445082589928058042e+03 1.052600000000093132e+02
4.458887194244604871e+03 1.323260000000009313e+03
4.472691798561151700e+03 7.542600000000093132e+02
4.486496402877698529e+03 8.082600000000093132e+02
4.500301007194244448e+03 4.412600000000093132e+02
4.514105611510791277e+03 1.403260000000009313e+03
4.527910215827338106e+03 7.432600000000093132e+02
4.541714820143884936e+03 8.762600000000093132e+02
4.555519424460431765e+03 6.892600000000093132e+02
4.569324028776978594e+03 5.592600000000093132e+02
4.583128633093525423e+03 1.575260000000009313e+03
4.596933237410072252e+03 1.884260000000009313e+03
4.610737841726619081e+03 2.112600000000093132e+02
4.624542446043165910e+03 9.842600000000093132e+02
4.638347050359712739e+03 1.134260000000009313e+03
4.652151654676259568e+03 5.652600000000093132e+02
4.665956258992806397e+03 1.159260000000009313e+03
4.679760863309353226e+03 3.802600000000093132e+02
4.693565467625899146e+03 2.405260000000009313e+03
4.707370071942445975e+03 5.662600000000093132e+02
4.721174676258992804e+03 4.882600000000093132e+02
4.734979280575539633e+03 8.392600000000093132e+02
4.748783884892086462e+03 1.034260000000009313e+03
4.762588489208633291e+03 6.922600000000093132e+02
4.776393093525180120e+03 1.440260000000009313e+03
4.790197697841726949e+03 5.942600000000093132e+02
4.804002302158273778e+03 2.832600000000093132e+02
4.817806906474820607e+03 1.012260000000009313e+03
4.831611510791367436e+03 1.092260000000009313e+03
4.845416115107914266e+03 1.752260000000009313e+03
4.859220719424461095e+03 2.926000000000931323e+01
4.873025323741007014e+03 2.842600000000093132e+02
4.886829928057553843e+03 4.222600000000093132e+02
4.900634532374100672e+03 7.712600000000093132e+02
4.914439136690647501e+03 5.582600000000093132e+02
4.928243741007194330e+03 3.372600000000093132e+02
4.942048345323741160e+03 1.227260000000009313e+03
4.955852949640287989e+03 4.032600000000093132e+02
4.969657553956834818e+03 6.642600000000093132e+02
4.983462158273381647e+03 3.812600000000093132e+02
4.997266762589928476e+03 9.252600000000093132e+02
5.011071366906475305e+03 5.462600000000093132e+02
5.024875971223022134e+03 -3.467399999999906868e+02
5.038680575539568963e+03 -3.417399999999906868e+02
5.052485179856115792e+03 1.729260000000009313e+03
5.066289784172661712e+03 4.832600000000093132e+02
5.080094388489208541e+03 1.511260000000009313e+03
5.093898992805755370e+03 1.461260000000009313e+03
5.107703597122302199e+03 1.596260000000009313e+03
5.121508201438849028e+03 1.102260000000009313e+03
5.135312805755395857e+03 7.062600000000093132e+02
5.149117410071942686e+03 3.042600000000093132e+02
5.162922014388489515e+03 -5.412739999999990687e+03
5.176726618705036344e+03 -1.216273999999999069e+04
5.190531223021583173e+03 -1.183973999999999069e+04
5.204335827338130002e+03 -1.225673999999999069e+04
5.218140431654676831e+03 -1.230673999999999069e+04
5.231945035971223660e+03 -1.239673999999999069e+04
5.245749640287770490e+03 -1.221873999999999069e+04
5.259554244604316409e+03 -1.220073999999999069e+04
5.273358848920863238e+03 -1.217173999999999069e+04
5.287163453237410067e+03 -1.209573999999999069e+04
5.300968057553956896e+03 -1.202773999999999069e+04
5.314772661870503725e+03 -1.207773999999999069e+04
5.328577266187050554e+03 -1.206573999999999069e+04
5.342381870503597384e+03 -1.238273999999999069e+04
5.356186474820144213e+03 -1.227573999999999069e+04
5.369991079136691042e+03 -1.235573999999999069e+04
5.383795683453237871e+03 -1.227873999999999069e+04
5.397600287769784700e+03 -1.206273999999999069e+04
5.411404892086331529e+03 -1.238773999999999069e+04
5.425209496402878358e+03 -1.218673999999999069e+04
5.439014100719425187e+03 -1.212373999999999069e+04
5.452818705035971107e+03 -1.221973999999999069e+04
5.466623309352517936e+03 -1.237073999999999069e+04
5.480427913669064765e+03 -1.239873999999999069e+04
