-2.064311624548736290e+03 -8.823599999999860302e+02
-2.050457184115523432e+03 -6.719359999999986030e+03
-2.036602743682310575e+03 -7.688359999999986030e+03
-2.022748303249097489e+03 -8.382359999999986030e+03
-2.008893862815884404e+03 -8.745359999999986030e+03
-1.995039422382671546e+03 -8.951359999999986030e+03
-1.981184981949458461e+03 -9.113359999999986030e+03
-1.967330541516245603e+03 -9.470359999999986030e+03
-1.953476101083032518e+03 -9.506359999999986030e+03
-1.939621660649819432e+03 -9.856359999999986030e+03
-1.925767220216606574e+03 -1.007135999999998603e+04
-1.911912779783393489e+03 -1.034935999999998603e+04
-1.898058339350180404e+03 -5.324359999999986030e+03
-1.884203898916967546e+03 9.064000000001396984e+01
-1.870349458483754461e+03 -2.203599999999860302e+02
-1.856495018050541603e+03 -6.613599999999860302e+02
-1.842640577617328518e+03 -7.693599999999860302e+02
-1.828786137184115432e+03 -7.235999999998603016e+01
-1.814931696750902574e+03 -7.023599999999860302e+02
-1.801077256317689489e+03 -1.084359999999986030e+03
-1.787222815884476631e+03 -9.983599999999860302e+02
-1.773368375451263546e+03 -3.743599999999860302e+02
-1.759513935018050461e+03 -1.172359999999986030e+03
-1.745659494584837603e+03 1.489640000000013970e+03
-1.731805054151624518e+03 -1.422359999999986030e+03
-1.717950613718411660e+03 -1.495359999999986030e+03
-1.704096173285198574e+03 -3.823599999999860302e+02
-1.690241732851985489e+03 -2.384359999999986030e+03
-1.676387292418772631e+03 -9.343599999999860302e+02
-1.662532851985559546e+03 -1.734359999999986030e+03
-1.648678411552346688e+03 -1.164359999999986030e+03
-1.634823971119133603e+03 -1.980359999999986030e+03
-1.620969530685920517e+03 -1.803359999999986030e+03
-1.607115090252707660e+03 -1.686359999999986030e+03
-1.593260649819494574e+03 -2.249359999999986030e+03
-1.579406209386281489e+03 -1.673359999999986030e+03
-1.565551768953068631e+03 -1.499359999999986030e+03
-1.551697328519855546e+03 -1.441359999999986030e+03
-1.537842888086642688e+03 -8.153599999999860302e+02
-1.523988447653429603e+03 -1.954359999999986030e+03
-1.510134007220216517e+03 -1.322359999999986030e+03
-1.496279566787003660e+03 -1.964359999999986030e+03
-1.482425126353790574e+03 -1.210359999999986030e+03
-1.468570685920577716e+03 -1.216359999999986030e+03
-1.454716245487364631e+03 -1.700359999999986030e+03
-1.440861805054151546e+03 -1.759359999999986030e+03
-1.427007364620938688e+03 -1.227359999999986030e+03
-1.413152924187725603e+03 -1.735999999998603016e+01
-1.399298483754512745e+03 -2.088359999999986030e+03
-1.385444043321299660e+03 -1.900359999999986030e+03
-1.371589602888086574e+03 -2.054359999999986030e+03
-1.357735162454873716e+03 -2.055359999999986030e+03
-1.343880722021660631e+03 -2.040359999999986030e+03
-1.330026281588447546e+03 -9.913599999999860302e+02
-1.316171841155234688e+03 -8.803599999999860302e+02
-1.302317400722021603e+03 -2.054359999999986030e+03
-1.288462960288808745e+03 -1.474359999999986030e+03
-1.274608519855595659e+03 -1.881359999999986030e+03
-1.260754079422382574e+03 -2.071359999999986030e+03
-1.246899638989169716e+03 -2.080359999999986030e+03
-1.233045198555956631e+03 -2.234359999999986030e+03
-1.219190758122743773e+03 -1.499359999999986030e+03
-1.205336317689530688e+03 -1.992359999999986030e+03
-1.191481877256317603e+03 -1.724359999999986030e+03
-1.177627436823104745e+03 -1.836359999999986030e+03
-1.163772996389891659e+03 -1.562359999999986030e+03
-1.149918555956678802e+03 -2.303359999999986030e+03
-1.136064115523465716e+03 -1.509359999999986030e+03
-1.122209675090252631e+03 -2.084359999999986030e+03
-1.108355234657039773e+03 -1.443359999999986030e+03
-1.094500794223826688e+03 -1.456359999999986030e+03
-1.080646353790613830e+03 -2.267359999999986030e+03
-1.066791913357400745e+03 -1.352359999999986030e+03
-1.052937472924187659e+03 -1.164359999999986030e+03
-1.039083032490974801e+03 -2.005359999999986030e+03
-1.025228592057761716e+03 -2.201359999999986030e+03
-1.011374151624548745e+03 -1.626359999999986030e+03
-9.975197111913357730e+02 -1.526359999999986030e+03
-9.836652707581228015e+02 -1.646359999999986030e+03
-9.698108303249097162e+02 -1.891359999999986030e+03
-9.559563898916967446e+02 -1.992359999999986030e+03
-9.421019494584837730e+02 -2.249359999999986030e+03
-9.282475090252708014e+02 -1.589359999999986030e+03
-9.143930685920577162e+02 -1.685359999999986030e+03
-9.005386281588447446e+02 -1.292359999999986030e+03
-8.866841877256317730e+02 -1.761359999999986030e+03
-8.728297472924188014e+02 -1.591359999999986030e+03
-8.589753068592058298e+02 -2.047359999999986030e+03
-8.451208664259927446e+02 -1.779359999999986030e+03
-8.312664259927797730e+02 -1.826359999999986030e+03
-8.174119855595668014e+02 -1.636359999999986030e+03
-8.035575451263538298e+02 -1.807359999999986030e+03
-7.897031046931407445e+02 -2.079359999999986030e+03
-7.758486642599277729e+02 -1.802359999999986030e+03
-7.619942238267148014e+02 -2.265359999999986030e+03
-7.481397833935018298e+02 -1.837359999999986030e+03
-7.342853429602888582e+02 -1.731359999999986030e+03
-7.204309025270757729e+02 -1.677359999999986030e+03
-7.065764620938628013e+02 -1.448359999999986030e+03
-6.927220216606498298e+02 -1.612359999999986030e+03
-6.788675812274368582e+02 -1.438359999999986030e+03
-6.650131407942237729e+02 -2.092359999999986030e+03
-6.511587003610108013e+02 -1.210359999999986030e+03
-6.373042599277978297e+02 -1.995359999999986030e+03
-6.234498194945848581e+02 -1.350359999999986030e+03
-6.095953790613718866e+02 -1.102359999999986030e+03
-5.957409386281588013e+02 -1.752359999999986030e+03
-5.818864981949458297e+02 -1.735359999999986030e+03
-5.680320577617328581e+02 -2.193359999999986030e+03
-5.541776173285198865e+02 -1.624359999999986030e+03
-5.403231768953069150e+02 -2.472359999999986030e+03
-5.264687364620938297e+02 -2.276359999999986030e+03
-5.126142960288808581e+02 -1.832359999999986030e+03
-4.987598555956678865e+02 -2.794359999999986030e+03
-4.849054151624548581e+02 -1.872359999999986030e+03
-4.710509747292418865e+02 -1.810359999999986030e+03
-4.571965342960288581e+02 -2.394359999999986030e+03
-4.433420938628158865e+02 -2.861359999999986030e+03
-4.294876534296029149e+02 -1.434359999999986030e+03
-4.156332129963898865e+02 -2.247359999999986030e+03
-4.017787725631769149e+02 -2.498359999999986030e+03
-3.879243321299638865e+02 -2.740359999999986030e+03
-3.740698916967509149e+02 -2.560359999999986030e+03
-3.602154512635378865e+02 -2.359359999999986030e+03
-3.463610108303249149e+02 -1.871359999999986030e+03
-3.325065703971118865e+02 -2.565359999999986030e+03
-3.186521299638989149e+02 -1.969359999999986030e+03
-3.047976895306859433e+02 -1.802359999999986030e+03
-2.909432490974729149e+02 -1.395359999999986030e+03
-2.770888086642599433e+02 -1.731359999999986030e+03
-2.632343682310469148e+02 -2.442359999999986030e+03
-2.493799277978339433e+02 -2.467359999999986030e+03
-2.355254873646209433e+02 -2.773359999999986030e+03
-2.216710469314079432e+02 -2.473359999999986030e+03
-2.078166064981949432e+02 -1.771359999999986030e+03
-1.939621660649819432e+02 -2.306359999999986030e+03
-1.801077256317689432e+02 -2.536359999999986030e+03
-1.662532851985559432e+02 -1.853359999999986030e+03
-1.523988447653429716e+02 -2.542359999999986030e+03
-1.385444043321299716e+02 -2.225359999999986030e+03
-1.246899638989169716e+02 -1.831359999999986030e+03
-1.108355234657039716e+02 -1.449359999999986030e+03
-9.698108303249097162e+01 -9.083599999999860302e+02
-8.312664259927797161e+01 -1.009359999999986030e+03
-6.927220216606498582e+01 5.926400000000139698e+02
-5.541776173285198581e+01 4.258640000000013970e+03
-4.156332129963898581e+01 9.778640000000013970e+03
-2.770888086642599291e+01 2.232364000000001397e+04
-1.385444043321299645e+01 4.578364000000001397e+04
0.000000000000000000e+00 8.350964000000001397e+04
1.385444043321299645e+01 1.409126400000000140e+05
2.770888086642599291e+01 2.157736400000000140e+05
4.156332129963898581e+01 3.248286400000000140e+05
5.541776173285198581e+01 4.611036400000000140e+05
6.927220216606498582e+01 6.265946400000000140e+05
8.312664259927797161e+01 8.076056400000000140e+05
9.698108303249097162e+01 1.015579640000000014e+06
1.108355234657039716e+02 1.240497640000000130e+06
1.246899638989169716e+02 1.462791640000000130e+06
1.385444043321299716e+02 1.689911640000000130e+06
1.523988447653429716e+02 1.935328640000000130e+06
1.662532851985559432e+02 2.167564640000000130e+06
1.801077256317689432e+02 2.382430640000000130e+06
1.939621660649819432e+02 2.606070640000000130e+06
2.078166064981949432e+02 2.834441640000000130e+06
2.216710469314079432e+02 3.025801640000000130e+06
2.355254873646209433e+02 3.212537640000000130e+06
2.493799277978339433e+02 3.391784640000000130e+06
2.632343682310469148e+02 3.553815640000000130e+06
2.770888086642599433e+02 3.668018640000000130e+06
2.909432490974729149e+02 3.762307640000000130e+06
3.047976895306859433e+02 3.866061640000000130e+06
3.186521299638989149e+02 3.978730640000000130e+06
3.325065703971118865e+02 4.038351640000000130e+06
3.463610108303249149e+02 4.061316640000000130e+06
3.602154512635378865e+02 4.097006640000000130e+06
3.740698916967509149e+02 4.128239640000000130e+06
3.879243321299638865e+02 4.149791640000000130e+06
4.017787725631769149e+02 4.170649640000000130e+06
4.156332129963898865e+02 4.175203640000000130e+06
4.294876534296029149e+02 4.159256640000000130e+06
4.433420938628158865e+02 4.157819640000000130e+06
4.571965342960288581e+02 4.171877640000000130e+06
4.710509747292418865e+02 4.154899640000000130e+06
4.849054151624548581e+02 4.141101640000000130e+06
4.987598555956678865e+02 4.125729640000000130e+06
5.126142960288808581e+02 4.096525640000000130e+06
5.264687364620938297e+02 4.093519640000000130e+06
5.403231768953069150e+02 4.107682640000000130e+06
5.541776173285198865e+02 4.083552640000000130e+06
5.680320577617328581e+02 4.069202640000000130e+06
5.818864981949458297e+02 4.046303640000000130e+06
5.957409386281588013e+02 4.035947640000000130e+06
6.095953790613718866e+02 4.021800640000000130e+06
6.234498194945848581e+02 4.022993640000000130e+06
6.373042599277978297e+02 4.025020640000000130e+06
6.511587003610108013e+02 4.001683640000000130e+06
6.650131407942237729e+02 3.979547640000000130e+06
6.788675812274368582e+02 3.921141640000000130e+06
6.927220216606498298e+02 3.829195640000000130e+06
7.065764620938628013e+02 3.738956640000000130e+06
7.204309025270757729e+02 3.648490640000000130e+06
7.342853429602888582e+02 3.489975640000000130e+06
7.481397833935018298e+02 3.315696640000000130e+06
7.619942238267148014e+02 3.128590640000000130e+06
7.758486642599277729e+02 2.906764640000000130e+06
7.897031046931407445e+02 2.647837640000000130e+06
8.035575451263538298e+02 2.400223640000000130e+06
8.174119855595668014e+02 2.133918640000000130e+06
8.312664259927797730e+02 1.856156640000000130e+06
8.451208664259927446e+02 1.599729640000000130e+06
8.589753068592058298e+02 1.362421640000000130e+06
8.728297472924188014e+02 1.141097640000000130e+06
8.866841877256317730e+02 9.442676400000000140e+05
9.005386281588447446e+02 7.639896400000000140e+05
9.143930685920577162e+02 6.038096400000000140e+05
9.282475090252708014e+02 4.699396400000000140e+05
9.421019494584837730e+02 3.512866400000000140e+05
9.559563898916967446e+02 2.555626400000000140e+05
9.698108303249097162e+02 1.805886400000000140e+05
9.836652707581228015e+02 1.262536400000000140e+05
9.975197111913357730e+02 8.982464000000001397e+04
1.011374151624548745e+03 6.424764000000001397e+04
1.025228592057761716e+03 4.902564000000001397e+04
1.039083032490974801e+03 4.103164000000001397e+04
1.052937472924187659e+03 3.751764000000001397e+04
1.066791913357400745e+03 3.605664000000001397e+04
1.080646353790613830e+03 3.311764000000001397e+04
1.094500794223826688e+03 3.148764000000001397e+04
1.108355234657039773e+03 3.187764000000001397e+04
1.122209675090252631e+03 3.191364000000001397e+04
1.136064115523465716e+03 2.943464000000001397e+04
1.149918555956678802e+03 2.809264000000001397e+04
1.163772996389891659e+03 2.831264000000001397e+04
1.177627436823104745e+03 2.814364000000001397e+04
1.191481877256317603e+03 2.653964000000001397e+04
1.205336317689530688e+03 2.371964000000001397e+04
1.219190758122743773e+03 2.434364000000001397e+04
1.233045198555956631e+03 2.559564000000001397e+04
1.246899638989169716e+03 2.087564000000001397e+04
1.260754079422382574e+03 2.028164000000001397e+04
1.274608519855595659e+03 2.025064000000001397e+04
1.288462960288808745e+03 1.944164000000001397e+04
1.302317400722021603e+03 1.846564000000001397e+04
1.316171841155234688e+03 1.605664000000001397e+04
1.330026281588447546e+03 1.353164000000001397e+04
1.343880722021660631e+03 1.208764000000001397e+04
1.357735162454873716e+03 1.103864000000001397e+04
1.371589602888086574e+03 1.067264000000001397e+04
1.385444043321299660e+03 8.743640000000013970e+03
1.399298483754512745e+03 9.162640000000013970e+03
1.413152924187725603e+03 8.520640000000013970e+03
1.427007364620938688e+03 6.823640000000013970e+03
1.440861805054151546e+03 6.752640000000013970e+03
1.454716245487364631e+03 6.048640000000013970e+03
1.468570685920577716e+03 5.430640000000013970e+03
1.482425126353790574e+03 5.030640000000013970e+03
1.496279566787003660e+03 3.161640000000013970e+03
1.510134007220216517e+03 2.943640000000013970e+03
1.523988447653429603e+03 2.203640000000013970e+03
1.537842888086642688e+03 2.205640000000013970e+03
1.551697328519855546e+03 1.985640000000013970e+03
1.565551768953068631e+03 1.311640000000013970e+03
1.579406209386281489e+03 1.839640000000013970e+03
1.593260649819494574e+03 9.796400000000139698e+02
1.607115090252707660e+03 4.986400000000139698e+02
1.620969530685920517e+03 4.806400000000139698e+02
1.634823971119133603e+03 1.176400000000139698e+02
1.648678411552346688e+03 -3.113599999999860302e+02
1.662532851985559546e+03 -7.893599999999860302e+02
1.676387292418772631e+03 -8.193599999999860302e+02
1.690241732851985489e+03 -1.069359999999986030e+03
1.704096173285198574e+03 -1.191359999999986030e+03
1.717950613718411660e+03 -1.405359999999986030e+03
1.731805054151624518e+03 -9.323599999999860302e+02
1.745659494584837603e+03 -4.723599999999860302e+02
1.759513935018050461e+03 -7.373599999999860302e+02
1.773368375451263546e+03 -1.338359999999986030e+03
1.787222815884476631e+03 -1.041359999999986030e+03
1.801077256317689489e+03 -1.276359999999986030e+03
1.814931696750902574e+03 -1.868359999999986030e+03
1.828786137184115432e+03 -7.913599999999860302e+02
1.842640577617328518e+03 -1.118359999999986030e+03
1.856495018050541603e+03 -1.105359999999986030e+03
1.870349458483754461e+03 -1.280359999999986030e+03
1.884203898916967546e+03 -5.013599999999860302e+02
1.898058339350180404e+03 -1.208359999999986030e+03
1.911912779783393489e+03 -1.266359999999986030e+03
1.925767220216606574e+03 -1.872359999999986030e+03
1.939621660649819432e+03 -2.499359999999986030e+03
1.953476101083032518e+03 -1.162359999999986030e+03
1.967330541516245603e+03 -1.503359999999986030e+03
1.981184981949458461e+03 -1.298359999999986030e+03
1.995039422382671546e+03 -7.373599999999860302e+02
2.008893862815884404e+03 -9.223599999999860302e+02
2.022748303249097489e+03 -1.731359999999986030e+03
2.036602743682310575e+03 -1.035359999999986030e+03
2.050457184115523432e+03 -8.763599999999860302e+02
2.064311624548736290e+03 -1.328359999999986030e+03
2.078166064981949603e+03 -1.979359999999986030e+03
2.092020505415162461e+03 -1.765359999999986030e+03
2.105874945848375319e+03 -1.376359999999986030e+03
2.119729386281588631e+03 -2.335359999999986030e+03
2.133583826714801489e+03 -1.443359999999986030e+03
2.147438267148014347e+03 -1.227359999999986030e+03
2.161292707581227660e+03 -1.364359999999986030e+03
2.175147148014440518e+03 -5.493599999999860302e+02
2.189001588447653376e+03 -1.638359999999986030e+03
2.202856028880866234e+03 -2.225359999999986030e+03
2.216710469314079546e+03 -1.211359999999986030e+03
2.230564909747292404e+03 -1.207359999999986030e+03
2.244419350180505262e+03 -1.051359999999986030e+03
2.258273790613718575e+03 -2.392359999999986030e+03
2.272128231046931433e+03 -2.365359999999986030e+03
2.285982671480144290e+03 -1.095359999999986030e+03
2.299837111913357603e+03 -1.668359999999986030e+03
2.313691552346570461e+03 -1.452359999999986030e+03
2.327545992779783319e+03 -1.545359999999986030e+03
2.341400433212996177e+03 -2.001359999999986030e+03
2.355254873646209489e+03 -2.043359999999986030e+03
2.369109314079422347e+03 -1.688359999999986030e+03
2.382963754512635205e+03 -2.416359999999986030e+03
2.396818194945848518e+03 -2.357359999999986030e+03
2.410672635379061376e+03 -2.008359999999986030e+03
2.424527075812274234e+03 -1.951359999999986030e+03
2.438381516245487546e+03 -2.771359999999986030e+03
2.452235956678700404e+03 -1.889359999999986030e+03
2.466090397111913262e+03 -2.067359999999986030e+03
2.479944837545126575e+03 -1.675359999999986030e+03
2.493799277978339433e+03 -2.047359999999986030e+03
2.507653718411552290e+03 -1.882359999999986030e+03
2.521508158844765148e+03 -1.402359999999986030e+03
2.535362599277978461e+03 -2.880359999999986030e+03
2.549217039711191319e+03 -1.173359999999986030e+03
2.563071480144404177e+03 -2.596359999999986030e+03
2.576925920577617489e+03 -1.721359999999986030e+03
2.590780361010830347e+03 4.989640000000013970e+03
2.604634801444043205e+03 -1.385359999999986030e+03
2.618489241877256518e+03 -9.683599999999860302e+02
2.632343682310469376e+03 -8.933599999999860302e+02
2.646198122743682234e+03 -1.724359999999986030e+03
2.660052563176895092e+03 -1.275359999999986030e+03
2.673907003610108404e+03 -1.872359999999986030e+03
2.687761444043321262e+03 -2.175359999999986030e+03
2.701615884476534120e+03 -1.680359999999986030e+03
2.715470324909747433e+03 -2.201359999999986030e+03
2.729324765342960291e+03 -1.180359999999986030e+03
2.743179205776173148e+03 -2.316359999999986030e+03
2.757033646209386461e+03 -2.262359999999986030e+03
2.770888086642599319e+03 -2.186359999999986030e+03
2.784742527075812177e+03 -2.193359999999986030e+03
2.798596967509025490e+03 -2.204359999999986030e+03
2.812451407942238347e+03 -1.708359999999986030e+03
2.826305848375451205e+03 -2.108359999999986030e+03
2.840160288808664063e+03 -1.685359999999986030e+03
2.854014729241877376e+03 -2.081359999999986030e+03
2.867869169675090234e+03 -2.097359999999986030e+03
2.881723610108303092e+03 -2.004359999999986030e+03
2.895578050541516404e+03 -2.486359999999986030e+03
2.909432490974729262e+03 -2.785359999999986030e+03
2.923286931407942120e+03 -2.682359999999986030e+03
2.937141371841155433e+03 -1.768359999999986030e+03
2.950995812274368291e+03 -1.707359999999986030e+03
2.964850252707581149e+03 -1.897359999999986030e+03
2.978704693140794461e+03 -2.079359999999986030e+03
2.992559133574007319e+03 -2.615359999999986030e+03
3.006413574007220177e+03 -2.134359999999986030e+03
3.020268014440433035e+03 -2.363359999999986030e+03
3.034122454873646348e+03 -1.705359999999986030e+03
3.047976895306859205e+03 -1.809359999999986030e+03
3.061831335740072063e+03 -2.004359999999986030e+03
3.075685776173285376e+03 -2.029359999999986030e+03
3.089540216606498234e+03 -2.096359999999986030e+03
3.103394657039711092e+03 -2.478359999999986030e+03
3.117249097472924404e+03 -1.184359999999986030e+03
3.131103537906137262e+03 -1.350359999999986030e+03
3.144957978339350120e+03 -2.766359999999986030e+03
3.158812418772562978e+03 -2.736359999999986030e+03
3.172666859205776291e+03 -2.324359999999986030e+03
3.186521299638989149e+03 -1.875359999999986030e+03
3.200375740072202007e+03 -1.847359999999986030e+03
3.214230180505415319e+03 -2.120359999999986030e+03
3.228084620938628177e+03 -1.726359999999986030e+03
3.241939061371841035e+03 -2.147359999999986030e+03
3.255793501805054348e+03 -2.125359999999986030e+03
3.269647942238267206e+03 -1.136359999999986030e+03
3.283502382671480063e+03 -9.923599999999860302e+02
3.297356823104693376e+03 -1.376359999999986030e+03
3.311211263537906234e+03 -1.213359999999986030e+03
3.325065703971119092e+03 -2.103599999999860302e+02
3.338920144404331950e+03 -2.032359999999986030e+03
3.352774584837545262e+03 -1.710359999999986030e+03
3.366629025270758120e+03 -1.519359999999986030e+03
3.380483465703970978e+03 -1.014359999999986030e+03
3.394337906137184291e+03 -1.222359999999986030e+03
3.408192346570397149e+03 -1.624359999999986030e+03
3.422046787003610007e+03 -1.450359999999986030e+03
3.435901227436823319e+03 -1.467359999999986030e+03
3.449755667870036177e+03 -1.423359999999986030e+03
3.463610108303249035e+03 -1.268359999999986030e+03
3.477464548736461893e+03 -5.113599999999860302e+02
3.491318989169675206e+03 -1.511359999999986030e+03
3.505173429602888064e+03 -1.305359999999986030e+03
3.519027870036100921e+03 -1.517359999999986030e+03
3.532882310469314234e+03 -1.459359999999986030e+03
3.546736750902527092e+03 -1.126359999999986030e+03
3.560591191335739950e+03 -8.013599999999860302e+02
3.574445631768953263e+03 -5.093599999999860302e+02
3.588300072202166120e+03 -1.575359999999986030e+03
3.602154512635378978e+03 -1.414359999999986030e+03
3.616008953068592291e+03 -1.348359999999986030e+03
3.629863393501805149e+03 -1.525359999999986030e+03
3.643717833935018007e+03 -1.178359999999986030e+03
3.657572274368230865e+03 -1.336359999999986030e+03
3.671426714801444177e+03 -1.778359999999986030e+03
3.685281155234657035e+03 -2.763599999999860302e+02
3.699135595667869893e+03 -4.343599999999860302e+02
3.712990036101083206e+03 -1.102359999999986030e+03
3.726844476534296064e+03 -3.643599999999860302e+02
3.740698916967508922e+03 -4.933599999999860302e+02
3.754553357400722234e+03 -1.078359999999986030e+03
3.768407797833935092e+03 -1.095359999999986030e+03
3.782262238267147950e+03 -1.853599999999860302e+02
3.796116678700360808e+03 -5.035999999998603016e+01
3.809971119133574120e+03 -1.143599999999860302e+02
3.823825559566786978e+03 -5.973599999999860302e+02
3.837679999999999836e+03 -7.463599999999860302e+02
3.851534440433213149e+03 1.966400000000139698e+02
3.865388880866426007e+03 -8.753599999999860302e+02
3.879243321299638865e+03 5.226400000000139698e+02
3.893097761732852177e+03 7.764000000001396984e+01
3.906952202166065035e+03 -3.943599999999860302e+02
3.920806642599277893e+03 6.006400000000139698e+02
3.934661083032491206e+03 1.489640000000013970e+03
3.948515523465704064e+03 -1.323599999999860302e+02
3.962369963898916922e+03 -5.153599999999860302e+02
3.976224404332129780e+03 -9.413599999999860302e+02
3.990078844765343092e+03 -1.138359999999986030e+03
4.003933285198555950e+03 -7.553599999999860302e+02
4.017787725631768808e+03 -3.263599999999860302e+02
4.031642166064982121e+03 -8.323599999999860302e+02
4.045496606498194978e+03 -7.213599999999860302e+02
4.059351046931407836e+03 -9.323599999999860302e+02
4.073205487364621149e+03 -1.533599999999860302e+02
4.087059927797834007e+03 2.596400000000139698e+02
4.100914368231046865e+03 -3.753599999999860302e+02
4.114768808664260177e+03 -2.035999999998603016e+01
4.128623249097472581e+03 -2.273599999999860302e+02
4.142477689530685893e+03 -1.703599999999860302e+02
4.156332129963899206e+03 1.067640000000013970e+03
4.170186570397111609e+03 2.896400000000139698e+02
4.184041010830324922e+03 -3.599999999860301614e-01
4.197895451263538234e+03 1.261640000000013970e+03
4.211749891696750637e+03 6.664000000001396984e+01
4.225604332129963950e+03 2.436400000000139698e+02
4.239458772563177263e+03 -7.635999999998603016e+01
4.253313212996389666e+03 3.376400000000139698e+02
4.267167653429602979e+03 -6.413599999999860302e+02
4.281022093862816291e+03 3.016400000000139698e+02
4.294876534296028694e+03 1.976400000000139698e+02
4.308730974729242007e+03 9.464000000001396984e+01
4.322585415162455320e+03 -3.113599999999860302e+02
4.336439855595667723e+03 2.556400000000139698e+02
4.350294296028881035e+03 7.264000000001396984e+01
4.364148736462093439e+03 -3.523599999999860302e+02
4.378003176895306751e+03 -2.883599999999860302e+02
4.391857617328520064e+03 6.664000000001396984e+01
4.405712057761732467e+03 3.536640000000013970e+03
4.419566498194945780e+03 -2.843599999999860302e+02
4.433420938628159092e+03 3.866400000000139698e+02
4.447275379061371495e+03 4.646400000000139698e+02
4.461129819494584808e+03 2.996400000000139698e+02
4.474984259927798121e+03 -4.283599999999860302e+02
4.488838700361010524e+03 8.206400000000139698e+02
4.502693140794223837e+03 9.746400000000139698e+02
4.516547581227437149e+03 1.116640000000013970e+03
4.530402021660649552e+03 7.056400000000139698e+02
4.544256462093862865e+03 1.324640000000013970e+03
4.558110902527076178e+03 2.466400000000139698e+02
4.571965342960288581e+03 6.226400000000139698e+02
4.585819783393501893e+03 1.716400000000139698e+02
4.599674223826715206e+03 2.396400000000139698e+02
4.613528664259927609e+03 1.745640000000013970e+03
4.627383104693140922e+03 1.683640000000013970e+03
4.641237545126354235e+03 1.026640000000013970e+03
4.655091985559566638e+03 1.365640000000013970e+03
4.668946425992779950e+03 1.772640000000013970e+03
4.682800866425992353e+03 7.446400000000139698e+02
4.696655306859205666e+03 9.946400000000139698e+02
4.710509747292418979e+03 6.576400000000139698e+02
4.724364187725631382e+03 2.057640000000013970e+03
4.738218628158844695e+03 5.726400000000139698e+02
4.752073068592058007e+03 4.096400000000139698e+02
4.765927509025270410e+03 7.606400000000139698e+02
4.779781949458483723e+03 9.816400000000139698e+02
4.793636389891697036e+03 7.196400000000139698e+02
4.807490830324909439e+03 1.521640000000013970e+03
4.821345270758122751e+03 6.426400000000139698e+02
4.835199711191336064e+03 -4.013599999999860302e+02
4.849054151624548467e+03 7.626400000000139698e+02
4.862908592057761780e+03 1.296400000000139698e+02
4.876763032490975093e+03 1.216640000000013970e+03
4.890617472924187496e+03 4.936400000000139698e+02
4.904471913357400808e+03 5.646400000000139698e+02
4.918326353790614121e+03 6.186400000000139698e+02
4.932180794223826524e+03 8.466400000000139698e+02
4.946035234657039837e+03 9.216400000000139698e+02
4.959889675090253149e+03 -5.835999999998603016e+01
4.973744115523465553e+03 1.072640000000013970e+03
4.987598555956678865e+03 5.896400000000139698e+02
5.001452996389891268e+03 1.133640000000013970e+03
5.015307436823104581e+03 4.836400000000139698e+02
5.029161877256317894e+03 5.906400000000139698e+02
5.043016317689530297e+03 8.676400000000139698e+02
5.056870758122743609e+03 2.506400000000139698e+02
5.070725198555956922e+03 6.006400000000139698e+02
5.084579638989169325e+03 1.724640000000013970e+03
5.098434079422382638e+03 1.094640000000013970e+03
5.112288519855595951e+03 1.683640000000013970e+03
5.126142960288808354e+03 1.153640000000013970e+03
5.139997400722021666e+03 2.025640000000013970e+03
5.153851841155234979e+03 9.456400000000139698e+02
5.167706281588447382e+03 3.496400000000139698e+02
5.181560722021660695e+03 -5.135999999998603016e+01
5.195415162454874007e+03 -5.097359999999986030e+03
5.209269602888086411e+03 -1.186235999999998603e+04
5.223124043321299723e+03 -1.212035999999998603e+04
5.236978483754513036e+03 -1.178935999999998603e+04
5.250832924187725439e+03 -1.201935999999998603e+04
5.264687364620938752e+03 -1.196135999999998603e+04
5.278541805054152064e+03 -1.193935999999998603e+04
5.292396245487364467e+03 -1.202535999999998603e+04
5.306250685920577780e+03 -1.209735999999998603e+04
5.320105126353790183e+03 -1.191735999999998603e+04
5.333959566787003496e+03 -1.189835999999998603e+04
5.347814007220216808e+03 -1.208035999999998603e+04
5.361668447653429212e+03 -1.198235999999998603e+04
5.375522888086642524e+03 -1.195835999999998603e+04
5.389377328519855837e+03 -1.188535999999998603e+04
5.403231768953068240e+03 -1.194535999999998603e+04
5.417086209386281553e+03 -1.199535999999998603e+04
5.430940649819494865e+03 -1.203935999999998603e+04
5.444795090252707269e+03 -1.186435999999998603e+04
5.458649530685920581e+03 -1.195035999999998603e+04
5.472503971119133894e+03 -1.195835999999998603e+04
5.486358411552346297e+03 -1.177835999999998603e+04
5.500212851985559610e+03 -1.200535999999998603e+04
5.514067292418772922e+03 -1.186535999999998603e+04
