-2.530943082437276189e+03 1.345030000000027940e+03
-2.515222939068100459e+03 -5.917969999999972060e+03
-2.499502795698924729e+03 -7.427969999999972060e+03
-2.483782652329748998e+03 -7.883969999999972060e+03
-2.468062508960573268e+03 -8.473969999999972060e+03
-2.452342365591397993e+03 -8.828969999999972060e+03
-2.436622222222222263e+03 -9.164969999999972060e+03
-2.420902078853046532e+03 -9.175969999999972060e+03
-2.405181935483870802e+03 -9.645969999999972060e+03
-2.389461792114695527e+03 -9.935969999999972060e+03
-2.373741648745519797e+03 -9.857969999999972060e+03
-2.358021505376344066e+03 -1.031996999999997206e+04
-2.342301362007168336e+03 -5.152969999999972060e+03
-2.326581218637992606e+03 -6.896999999997206032e+01
-2.310861075268817331e+03 -2.649699999999720603e+02
-2.295140931899641600e+03 -5.619699999999720603e+02
-2.279420788530465870e+03 -8.059699999999720603e+02
-2.263700645161290140e+03 -6.329699999999720603e+02
-2.247980501792114865e+03 -8.459699999999720603e+02
-2.232260358422939134e+03 -7.879699999999720603e+02
-2.216540215053763404e+03 -1.267969999999972060e+03
-2.200820071684587674e+03 -1.036969999999972060e+03
-2.185099928315412399e+03 -1.029969999999972060e+03
-2.169379784946236668e+03 1.220030000000027940e+03
-2.153659641577060938e+03 -1.900969999999972060e+03
-2.137939498207885208e+03 -1.435969999999972060e+03
-2.122219354838709478e+03 -7.909699999999720603e+02
-2.106499211469534202e+03 -2.205969999999972060e+03
-2.090779068100358472e+03 -9.899699999999720603e+02
-2.075058924731182742e+03 -1.327969999999972060e+03
-2.059338781362007012e+03 -1.675969999999972060e+03
-2.043618637992831509e+03 -1.748969999999972060e+03
-2.027898494623656006e+03 -2.064969999999972060e+03
-2.012178351254480276e+03 -2.465969999999972060e+03
-1.996458207885304546e+03 -2.823969999999972060e+03
-1.980738064516129043e+03 -2.325969999999972060e+03
-1.965017921146953313e+03 -1.884969999999972060e+03
-1.949297777777777810e+03 -2.034969999999972060e+03
-1.933577634408602080e+03 -1.248969999999972060e+03
-1.917857491039426577e+03 -2.264969999999972060e+03
-1.902137347670250847e+03 -1.530969999999972060e+03
-1.886417204301075344e+03 -2.195969999999972060e+03
-1.870697060931899614e+03 -1.383969999999972060e+03
-1.854976917562724111e+03 -1.760969999999972060e+03
-1.839256774193548381e+03 -1.519969999999972060e+03
-1.823536630824372651e+03 -2.206969999999972060e+03
-1.807816487455197148e+03 -2.395969999999972060e+03
-1.792096344086021418e+03 -1.524969999999972060e+03
-1.776376200716845915e+03 -2.325969999999972060e+03
-1.760656057347670185e+03 -1.657969999999972060e+03
-1.744935913978494682e+03 -1.707969999999972060e+03
-1.729215770609318952e+03 -1.886969999999972060e+03
-1.713495627240143449e+03 -1.837969999999972060e+03
-1.697775483870967719e+03 -1.033969999999972060e+03
-1.682055340501792216e+03 -1.268969999999972060e+03
-1.666335197132616486e+03 -2.005969999999972060e+03
-1.650615053763440756e+03 -1.924969999999972060e+03
-1.634894910394265253e+03 -2.405969999999972060e+03
-1.619174767025089523e+03 -2.312969999999972060e+03
-1.603454623655914020e+03 -2.733969999999972060e+03
-1.587734480286738290e+03 -2.832969999999972060e+03
-1.572014336917562787e+03 -1.382969999999972060e+03
-1.556294193548387057e+03 -2.388969999999972060e+03
-1.540574050179211554e+03 -1.828969999999972060e+03
-1.524853906810035824e+03 -2.027969999999972060e+03
-1.509133763440860093e+03 -1.417969999999972060e+03
-1.493413620071684591e+03 -2.424969999999972060e+03
-1.477693476702508860e+03 -1.552969999999972060e+03
-1.461973333333333358e+03 -2.252969999999972060e+03
-1.446253189964157627e+03 -1.928969999999972060e+03
-1.430533046594982125e+03 -2.575969999999972060e+03
-1.414812903225806394e+03 -2.838969999999972060e+03
-1.399092759856630892e+03 -1.934969999999972060e+03
-1.383372616487455161e+03 -1.501969999999972060e+03
-1.367652473118279659e+03 -1.704969999999972060e+03
-1.351932329749103928e+03 -2.360969999999972060e+03
-1.336212186379928198e+03 -2.017969999999972060e+03
-1.320492043010752695e+03 -1.647969999999972060e+03
-1.304771899641576965e+03 -2.360969999999972060e+03
-1.289051756272401462e+03 -2.092969999999972060e+03
-1.273331612903225732e+03 -2.033969999999972060e+03
-1.257611469534050229e+03 -2.672969999999972060e+03
-1.241891326164874499e+03 -1.909969999999972060e+03
-1.226171182795698996e+03 -2.070969999999972060e+03
-1.210451039426523266e+03 -2.287969999999972060e+03
-1.194730896057347763e+03 -2.671969999999972060e+03
-1.179010752688172033e+03 -2.094969999999972060e+03
-1.163290609318996303e+03 -2.426969999999972060e+03
-1.147570465949820800e+03 -2.201969999999972060e+03
-1.131850322580645070e+03 -2.448969999999972060e+03
-1.116130179211469567e+03 -2.108969999999972060e+03
-1.100410035842293837e+03 -2.188969999999972060e+03
-1.084689892473118334e+03 -2.236969999999972060e+03
-1.068969749103942604e+03 -2.320969999999972060e+03
-1.053249605734767101e+03 -2.721969999999972060e+03
-1.037529462365591371e+03 -1.996969999999972060e+03
-1.021809318996415755e+03 -1.986969999999972060e+03
-1.006089175627240138e+03 -1.651969999999972060e+03
-9.903690322580645216e+02 -1.483969999999972060e+03
-9.746488888888889051e+02 -2.413969999999972060e+03
-9.589287455197132886e+02 -1.717969999999972060e+03
-9.432086021505376721e+02 -2.474969999999972060e+03
-9.274884587813620556e+02 -1.993969999999972060e+03
-9.117683154121863254e+02 -2.433969999999972060e+03
-8.960481720430107089e+02 -1.953969999999972060e+03
-8.803280286738350924e+02 -1.972969999999972060e+03
-8.646078853046594759e+02 -2.082969999999972060e+03
-8.488877419354838594e+02 -1.958969999999972060e+03
-8.331675985663082429e+02 -2.593969999999972060e+03
-8.174474551971326264e+02 -1.425969999999972060e+03
-8.017273118279570099e+02 -2.549969999999972060e+03
-7.860071684587813934e+02 -2.683969999999972060e+03
-7.702870250896057769e+02 -1.621969999999972060e+03
-7.545668817204300467e+02 -2.457969999999972060e+03
-7.388467383512544302e+02 -2.167969999999972060e+03
-7.231265949820788137e+02 -2.778969999999972060e+03
-7.074064516129031972e+02 -2.662969999999972060e+03
-6.916863082437275807e+02 -2.983969999999972060e+03
-6.759661648745519642e+02 -1.659969999999972060e+03
-6.602460215053763477e+02 -2.445969999999972060e+03
-6.445258781362007312e+02 -2.690969999999972060e+03
-6.288057347670251147e+02 -2.579969999999972060e+03
-6.130855913978494982e+02 -2.143969999999972060e+03
-5.973654480286738817e+02 -2.126969999999972060e+03
-5.816453046594981515e+02 -1.941969999999972060e+03
-5.659251612903225350e+02 -2.283969999999972060e+03
-5.502050179211469185e+02 -2.392969999999972060e+03
-5.344848745519713020e+02 -2.140969999999972060e+03
-5.187647311827956855e+02 -1.874969999999972060e+03
-5.030445878136200690e+02 -1.988969999999972060e+03
-4.873244444444444525e+02 -2.910969999999972060e+03
-4.716043010752688360e+02 -2.670969999999972060e+03
-4.558841577060931627e+02 -3.143969999999972060e+03
-4.401640143369175462e+02 -2.535969999999972060e+03
-4.244438709677419297e+02 -1.779969999999972060e+03
-4.087237275985663132e+02 -2.716969999999972060e+03
-3.930035842293906967e+02 -2.797969999999972060e+03
-3.772834408602150233e+02 -2.122969999999972060e+03
-3.615632974910394069e+02 -1.886969999999972060e+03
-3.458431541218637904e+02 -3.041969999999972060e+03
-3.301230107526881739e+02 -2.056969999999972060e+03
-3.144028673835125574e+02 -1.821969999999972060e+03
-2.986827240143369409e+02 -2.350969999999972060e+03
-2.829625806451612675e+02 -2.605969999999972060e+03
-2.672424372759856510e+02 -2.430969999999972060e+03
-2.515222939068100345e+02 -1.499969999999972060e+03
-2.358021505376344180e+02 -2.079969999999972060e+03
-2.200820071684587731e+02 -2.264969999999972060e+03
-2.043618637992831566e+02 -2.132969999999972060e+03
-1.886417204301075117e+02 -1.941969999999972060e+03
-1.729215770609318952e+02 -1.473969999999972060e+03
-1.572014336917562787e+02 -2.379969999999972060e+03
-1.414812903225806338e+02 -1.293969999999972060e+03
-1.257611469534050173e+02 -1.550969999999972060e+03
-1.100410035842293865e+02 -1.485969999999972060e+03
-9.432086021505375584e+01 -3.059699999999720603e+02
-7.860071684587813934e+01 1.282030000000027940e+03
-6.288057347670250863e+01 5.297030000000027940e+03
-4.716043010752687792e+01 1.195503000000002794e+04
-3.144028673835125431e+01 2.521703000000002794e+04
-1.572014336917562716e+01 4.763403000000002794e+04
0.000000000000000000e+00 8.499103000000002794e+04
1.572014336917562716e+01 1.392300300000000279e+05
3.144028673835125431e+01 2.184050300000000279e+05
4.716043010752687792e+01 3.316840300000000279e+05
6.288057347670250863e+01 4.717320300000000279e+05
7.860071684587813934e+01 6.368600300000000279e+05
9.432086021505375584e+01 8.246850300000000279e+05
1.100410035842293865e+02 1.024128030000000028e+06
1.257611469534050173e+02 1.230447030000000028e+06
1.414812903225806338e+02 1.461664030000000028e+06
1.572014336917562787e+02 1.697128030000000028e+06
1.729215770609318952e+02 1.916216030000000028e+06
1.886417204301075117e+02 2.119342030000000261e+06
2.043618637992831566e+02 2.316481030000000261e+06
2.200820071684587731e+02 2.527532030000000261e+06
2.358021505376344180e+02 2.704510030000000261e+06
2.515222939068100345e+02 2.870978030000000261e+06
2.672424372759856510e+02 3.034407030000000261e+06
2.829625806451612675e+02 3.184746030000000261e+06
2.986827240143369409e+02 3.316103030000000261e+06
3.144028673835125574e+02 3.423607030000000261e+06
3.301230107526881739e+02 3.510680030000000261e+06
3.458431541218637904e+02 3.587222030000000261e+06
3.615632974910394069e+02 3.661402030000000261e+06
3.772834408602150233e+02 3.708487030000000261e+06
3.930035842293906967e+02 3.733347030000000261e+06
4.087237275985663132e+02 3.766853030000000261e+06
4.244438709677419297e+02 3.814256030000000261e+06
4.401640143369175462e+02 3.817491030000000261e+06
4.558841577060931627e+02 3.815235030000000261e+06
4.716043010752688360e+02 3.823824030000000261e+06
4.873244444444444525e+02 3.851912030000000261e+06
5.030445878136200690e+02 3.874770030000000261e+06
5.187647311827956855e+02 3.880400030000000261e+06
5.344848745519713020e+02 3.876209030000000261e+06
5.502050179211469185e+02 3.859974030000000261e+06
5.659251612903225350e+02 3.862256030000000261e+06
5.816453046594981515e+02 3.857702030000000261e+06
5.973654480286738817e+02 3.834923030000000261e+06
6.130855913978494982e+02 3.831503030000000261e+06
6.288057347670251147e+02 3.855624030000000261e+06
6.445258781362007312e+02 3.851713030000000261e+06
6.602460215053763477e+02 3.847812030000000261e+06
6.759661648745519642e+02 3.834204030000000261e+06
6.916863082437275807e+02 3.822821030000000261e+06
7.074064516129031972e+02 3.807593030000000261e+06
7.231265949820788137e+02 3.801780030000000261e+06
7.388467383512544302e+02 3.801432030000000261e+06
7.545668817204300467e+02 3.799865030000000261e+06
7.702870250896057769e+02 3.816139030000000261e+06
7.860071684587813934e+02 3.827683030000000261e+06
8.017273118279570099e+02 3.808788030000000261e+06
8.174474551971326264e+02 3.792444030000000261e+06
8.331675985663082429e+02 3.800192030000000261e+06
8.488877419354838594e+02 3.814120030000000261e+06
8.646078853046594759e+02 3.829189030000000261e+06
8.803280286738350924e+02 3.803056030000000261e+06
8.960481720430107089e+02 3.804174030000000261e+06
9.117683154121863254e+02 3.801256030000000261e+06
9.274884587813620556e+02 3.813818030000000261e+06
9.432086021505376721e+02 3.815374030000000261e+06
9.589287455197132886e+02 3.783865030000000261e+06
9.746488888888889051e+02 3.789956030000000261e+06
9.903690322580645216e+02 3.788137030000000261e+06
1.006089175627240138e+03 3.779483030000000261e+06
1.021809318996415755e+03 3.774180030000000261e+06
1.037529462365591371e+03 3.779923030000000261e+06
1.053249605734767101e+03 3.787556030000000261e+06
1.068969749103942604e+03 3.789130030000000261e+06
1.084689892473118334e+03 3.793805030000000261e+06
1.100410035842293837e+03 3.823062030000000261e+06
1.116130179211469567e+03 3.838531030000000261e+06
1.131850322580645070e+03 3.833337030000000261e+06
1.147570465949820800e+03 3.852611030000000261e+06
1.163290609318996303e+03 3.852012030000000261e+06
1.179010752688172033e+03 3.845287030000000261e+06
1.194730896057347763e+03 3.829807030000000261e+06
1.210451039426523266e+03 3.823429030000000261e+06
1.226171182795698996e+03 3.790546030000000261e+06
1.241891326164874499e+03 3.745447030000000261e+06
1.257611469534050229e+03 3.693864030000000261e+06
1.273331612903225732e+03 3.614947030000000261e+06
1.289051756272401462e+03 3.520756030000000261e+06
1.304771899641576965e+03 3.412764030000000261e+06
1.320492043010752695e+03 3.297109030000000261e+06
1.336212186379928198e+03 3.142172030000000261e+06
1.351932329749103928e+03 2.955320030000000261e+06
1.367652473118279659e+03 2.760697030000000261e+06
1.383372616487455161e+03 2.541768030000000261e+06
1.399092759856630892e+03 2.308406030000000261e+06
1.414812903225806394e+03 2.061412030000000028e+06
1.430533046594982125e+03 1.823733030000000028e+06
1.446253189964157627e+03 1.581599030000000028e+06
1.461973333333333358e+03 1.360683030000000028e+06
1.477693476702508860e+03 1.144339030000000028e+06
1.493413620071684591e+03 9.533340300000000279e+05
1.509133763440860093e+03 7.792920300000000279e+05
1.524853906810035824e+03 6.317430300000000279e+05
1.540574050179211554e+03 5.046620300000000279e+05
1.556294193548387057e+03 3.974580300000000279e+05
1.572014336917562787e+03 3.061140300000000279e+05
1.587734480286738290e+03 2.327250300000000279e+05
1.603454623655914020e+03 1.752020300000000279e+05
1.619174767025089523e+03 1.272140300000000279e+05
1.634894910394265253e+03 9.464703000000002794e+04
1.650615053763440756e+03 6.995803000000002794e+04
1.666335197132616486e+03 5.563903000000002794e+04
1.682055340501792216e+03 4.335703000000002794e+04
1.697775483870967719e+03 3.693703000000002794e+04
1.713495627240143449e+03 3.419203000000002794e+04
1.729215770609318952e+03 3.246303000000002794e+04
1.744935913978494682e+03 2.948703000000002794e+04
1.760656057347670185e+03 2.769703000000002794e+04
1.776376200716845915e+03 2.678703000000002794e+04
1.792096344086021418e+03 2.767003000000002794e+04
1.807816487455197148e+03 2.757503000000002794e+04
1.823536630824372651e+03 2.431703000000002794e+04
1.839256774193548381e+03 2.394103000000002794e+04
1.854976917562724111e+03 2.377603000000002794e+04
1.870697060931899614e+03 2.322803000000002794e+04
1.886417204301075344e+03 2.156803000000002794e+04
1.902137347670250847e+03 1.957203000000002794e+04
1.917857491039426577e+03 1.803203000000002794e+04
1.933577634408602080e+03 1.786903000000002794e+04
1.949297777777777810e+03 1.897403000000002794e+04
1.965017921146953313e+03 1.588703000000002794e+04
1.980738064516129043e+03 1.388403000000002794e+04
1.996458207885304546e+03 1.415103000000002794e+04
2.012178351254480276e+03 1.295403000000002794e+04
2.027898494623656006e+03 1.184703000000002794e+04
2.043618637992831509e+03 1.065003000000002794e+04
2.059338781362007012e+03 1.049203000000002794e+04
2.075058924731182742e+03 8.823030000000027940e+03
2.090779068100358472e+03 6.434030000000027940e+03
2.106499211469534202e+03 5.611030000000027940e+03
2.122219354838709478e+03 6.652030000000027940e+03
2.137939498207885208e+03 6.584030000000027940e+03
2.153659641577060938e+03 7.374030000000027940e+03
2.169379784946236668e+03 9.768030000000027940e+03
2.185099928315412399e+03 4.166030000000027940e+03
2.200820071684587674e+03 2.894030000000027940e+03
2.216540215053763404e+03 1.955030000000027940e+03
2.232260358422939134e+03 2.083030000000027940e+03
2.247980501792114865e+03 1.782030000000027940e+03
2.263700645161290140e+03 1.429030000000027940e+03
2.279420788530465870e+03 1.959030000000027940e+03
2.295140931899641600e+03 1.382030000000027940e+03
2.310861075268817331e+03 -2.099699999999720603e+02
2.326581218637992606e+03 3.930300000000279397e+02
2.342301362007168336e+03 3.950300000000279397e+02
2.358021505376344066e+03 -8.819699999999720603e+02
2.373741648745519797e+03 -9.939699999999720603e+02
2.389461792114695527e+03 -7.549699999999720603e+02
2.405181935483870802e+03 -1.759699999999720603e+02
2.420902078853046532e+03 -8.229699999999720603e+02
2.436622222222222263e+03 -5.189699999999720603e+02
2.452342365591397993e+03 -1.495969999999972060e+03
2.468062508960573268e+03 -1.831969999999972060e+03
2.483782652329748998e+03 -1.792969999999972060e+03
2.499502795698924729e+03 -1.466969999999972060e+03
2.515222939068100459e+03 -1.524969999999972060e+03
2.530943082437276189e+03 -1.269969999999972060e+03
2.546663225806451464e+03 -2.296969999999972060e+03
2.562383369175627195e+03 -2.392969999999972060e+03
2.578103512544802925e+03 -2.426969999999972060e+03
2.593823655913978655e+03 -1.363969999999972060e+03
2.609543799283153930e+03 -1.774969999999972060e+03
2.625263942652329661e+03 -1.683969999999972060e+03
2.640984086021505391e+03 -1.732969999999972060e+03
2.656704229390681121e+03 -1.192969999999972060e+03
2.672424372759856396e+03 -1.611969999999972060e+03
2.688144516129032127e+03 -2.099969999999972060e+03
2.703864659498207857e+03 -6.959699999999720603e+02
2.719584802867383587e+03 -2.115969999999972060e+03
2.735304946236559317e+03 -2.034969999999972060e+03
2.751025089605734593e+03 3.999030000000027940e+03
2.766745232974910323e+03 -1.491969999999972060e+03
2.782465376344086053e+03 -9.809699999999720603e+02
2.798185519713261783e+03 -7.909699999999720603e+02
2.813905663082437059e+03 -1.515969999999972060e+03
2.829625806451612789e+03 -1.627969999999972060e+03
2.845345949820788519e+03 -1.492969999999972060e+03
2.861066093189964249e+03 -1.538969999999972060e+03
2.876786236559139979e+03 -1.080969999999972060e+03
2.892506379928315255e+03 -1.321969999999972060e+03
2.908226523297490985e+03 -9.739699999999720603e+02
2.923946666666666715e+03 -1.897969999999972060e+03
2.939666810035842445e+03 -2.305969999999972060e+03
2.955386953405017721e+03 -9.059699999999720603e+02
2.971107096774193451e+03 -2.260969999999972060e+03
2.986827240143369181e+03 -2.085969999999972060e+03
3.002547383512544911e+03 -1.588969999999972060e+03
3.018267526881720187e+03 -2.105969999999972060e+03
3.033987670250895917e+03 -1.154969999999972060e+03
3.049707813620071647e+03 -2.089969999999972060e+03
3.065427956989247377e+03 -1.899969999999972060e+03
3.081148100358423108e+03 -2.036969999999972060e+03
3.096868243727598383e+03 -2.377969999999972060e+03
3.112588387096774113e+03 -2.535969999999972060e+03
3.128308530465949843e+03 -2.170969999999972060e+03
3.144028673835125574e+03 -1.927969999999972060e+03
3.159748817204300849e+03 -1.430969999999972060e+03
3.175468960573476579e+03 -1.152969999999972060e+03
3.191189103942652309e+03 -1.403969999999972060e+03
3.206909247311828040e+03 -2.029969999999972060e+03
3.222629390681003770e+03 -2.061969999999972060e+03
3.238349534050179045e+03 -1.917969999999972060e+03
3.254069677419354775e+03 -1.575969999999972060e+03
3.269789820788530506e+03 -1.094969999999972060e+03
3.285509964157706236e+03 -1.308969999999972060e+03
3.301230107526881511e+03 -1.594969999999972060e+03
3.316950250896057241e+03 -1.953969999999972060e+03
3.332670394265232972e+03 -2.359969999999972060e+03
3.348390537634408702e+03 -1.688969999999972060e+03
3.364110681003584432e+03 -1.596969999999972060e+03
3.379830824372759707e+03 -2.084969999999972060e+03
3.395550967741935438e+03 -2.395969999999972060e+03
3.411271111111111168e+03 -2.139969999999972060e+03
3.426991254480286898e+03 -1.228969999999972060e+03
3.442711397849462173e+03 -1.900969999999972060e+03
3.458431541218637904e+03 -2.253969999999972060e+03
3.474151684587813634e+03 -1.621969999999972060e+03
3.489871827956989364e+03 -2.067969999999972060e+03
3.505591971326164639e+03 -1.455969999999972060e+03
3.521312114695340370e+03 -8.439699999999720603e+02
3.537032258064516100e+03 -1.397969999999972060e+03
3.552752401433691830e+03 -1.197969999999972060e+03
3.568472544802867560e+03 -7.259699999999720603e+02
3.584192688172042836e+03 -1.348969999999972060e+03
3.599912831541218566e+03 -1.357969999999972060e+03
3.615632974910394296e+03 -1.709969999999972060e+03
3.631353118279570026e+03 -2.787969999999972060e+03
3.647073261648745301e+03 -1.682969999999972060e+03
3.662793405017921032e+03 -1.752969999999972060e+03
3.678513548387096762e+03 -1.581969999999972060e+03
3.694233691756272492e+03 -1.841969999999972060e+03
3.709953835125448222e+03 -1.556969999999972060e+03
3.725673978494623498e+03 -1.966969999999972060e+03
3.741394121863799228e+03 -1.858969999999972060e+03
3.757114265232974958e+03 -1.748969999999972060e+03
3.772834408602150688e+03 -2.057969999999972060e+03
3.788554551971325964e+03 -1.909969999999972060e+03
3.804274695340501694e+03 -2.183969999999972060e+03
3.819994838709677424e+03 -1.869969999999972060e+03
3.835714982078853154e+03 -1.465969999999972060e+03
3.851435125448028430e+03 -1.004969999999972060e+03
3.867155268817204160e+03 -6.439699999999720603e+02
3.882875412186379890e+03 -1.355969999999972060e+03
3.898595555555555620e+03 -1.357969999999972060e+03
3.914315698924731350e+03 -1.223969999999972060e+03
3.930035842293906626e+03 -1.498969999999972060e+03
3.945755985663082356e+03 -1.530969999999972060e+03
3.961476129032258086e+03 -4.769699999999720603e+02
3.977196272401433816e+03 -7.259699999999720603e+02
3.992916415770609092e+03 -5.389699999999720603e+02
4.008636559139784822e+03 -8.819699999999720603e+02
4.024356702508960552e+03 -1.404969999999972060e+03
4.040076845878136282e+03 7.030000000027939677e+00
4.055796989247312013e+03 -8.919699999999720603e+02
4.071517132616487288e+03 -1.283969999999972060e+03
4.087237275985663018e+03 -1.093969999999972060e+03
4.102957419354838748e+03 -4.299699999999720603e+02
4.118677562724014024e+03 -8.169699999999720603e+02
4.134397706093190209e+03 -1.060969999999972060e+03
4.150117849462365484e+03 -9.039699999999720603e+02
4.165837992831540760e+03 -1.218969999999972060e+03
4.181558136200716945e+03 5.403000000002793968e+01
4.197278279569892220e+03 -7.659699999999720603e+02
4.212998422939068405e+03 -1.709699999999720603e+02
4.228718566308243680e+03 -1.969999999972060323e+00
4.244438709677418956e+03 -7.579699999999720603e+02
4.260158853046595141e+03 3.980300000000279397e+02
4.275878996415770416e+03 -1.194969999999972060e+03
4.291599139784946601e+03 -7.669699999999720603e+02
4.307319283154121877e+03 -5.169699999999720603e+02
4.323039426523297152e+03 -1.201969999999972060e+03
4.338759569892473337e+03 -1.102969999999972060e+03
4.354479713261648612e+03 -4.859699999999720603e+02
4.370199856630824797e+03 2.470300000000279397e+02
4.385920000000000073e+03 2.703000000002793968e+01
4.401640143369175348e+03 2.900300000000279397e+02
4.417360286738351533e+03 7.403000000002793968e+01
4.433080430107526809e+03 2.790300000000279397e+02
4.448800573476702084e+03 4.280300000000279397e+02
4.464520716845878269e+03 -6.469699999999720603e+02
4.480240860215053544e+03 -2.679699999999720603e+02
4.495961003584229729e+03 3.600300000000279397e+02
4.511681146953405005e+03 -3.139699999999720603e+02
4.527401290322580280e+03 -1.199699999999720603e+02
4.543121433691756465e+03 -1.219699999999720603e+02
4.558841577060931741e+03 2.210300000000279397e+02
4.574561720430107925e+03 1.903030000000027940e+03
4.590281863799283201e+03 2.950300000000279397e+02
4.606002007168458476e+03 6.460300000000279397e+02
4.621722150537634661e+03 5.590300000000279397e+02
4.637442293906809937e+03 1.187030000000027940e+03
4.653162437275985212e+03 8.610300000000279397e+02
4.668882580645161397e+03 3.940300000000279397e+02
4.684602724014336673e+03 1.190300000000279397e+02
4.700322867383512857e+03 -8.696999999997206032e+01
4.716043010752688133e+03 1.378030000000027940e+03
4.731763154121863408e+03 8.920300000000279397e+02
4.747483297491039593e+03 6.940300000000279397e+02
4.763203440860214869e+03 2.130300000000279397e+02
4.778923584229391054e+03 2.250300000000279397e+02
4.794643727598566329e+03 9.000300000000279397e+02
4.810363870967741605e+03 3.509030000000027940e+03
4.826084014336917789e+03 6.740300000000279397e+02
4.841804157706093065e+03 8.000300000000279397e+02
4.857524301075268340e+03 1.391030000000027940e+03
4.873244444444444525e+03 2.200300000000279397e+02
4.888964587813619801e+03 -5.719699999999720603e+02
4.904684731182795986e+03 5.880300000000279397e+02
4.920404874551971261e+03 9.760300000000279397e+02
4.936125017921146537e+03 1.391030000000027940e+03
4.951845161290322721e+03 8.800300000000279397e+02
4.967565304659497997e+03 1.784030000000027940e+03
4.983285448028674182e+03 5.840300000000279397e+02
4.999005591397849457e+03 4.570300000000279397e+02
5.014725734767024733e+03 3.860300000000279397e+02
5.030445878136200918e+03 3.350300000000279397e+02
5.046166021505376193e+03 1.922030000000027940e+03
5.061886164874552378e+03 8.800300000000279397e+02
5.077606308243727653e+03 3.803000000002793968e+01
5.093326451612902929e+03 4.330300000000279397e+02
5.109046594982079114e+03 1.142030000000027940e+03
5.124766738351254389e+03 5.930300000000279397e+02
5.140486881720429665e+03 1.105030000000027940e+03
5.156207025089605850e+03 1.650300000000279397e+02
5.171927168458781125e+03 1.621030000000027940e+03
5.187647311827957310e+03 8.990300000000279397e+02
5.203367455197132585e+03 4.770300000000279397e+02
5.219087598566307861e+03 7.060300000000279397e+02
5.234807741935484046e+03 5.380300000000279397e+02
5.250527885304659321e+03 1.110300000000279397e+02
5.266248028673835506e+03 1.483030000000027940e+03
5.281968172043010782e+03 1.092030000000027940e+03
5.297688315412186057e+03 5.103000000002793968e+01
5.313408458781362242e+03 7.960300000000279397e+02
5.329128602150537517e+03 -1.549699999999720603e+02
5.344848745519712793e+03 1.090030000000027940e+03
5.360568888888888978e+03 -3.849699999999720603e+02
5.376289032258064253e+03 1.050300000000279397e+02
5.392009175627240438e+03 3.770300000000279397e+02
5.407729318996415714e+03 2.100300000000279397e+02
5.423449462365590989e+03 1.041030000000027940e+03
5.439169605734767174e+03 1.880300000000279397e+02
5.454889749103942449e+03 8.380300000000279397e+02
5.470609892473118634e+03 4.280300000000279397e+02
5.486330035842293910e+03 5.110300000000279397e+02
5.502050179211469185e+03 2.380300000000279397e+02
5.517770322580645370e+03 1.760300000000279397e+02
5.533490465949820646e+03 1.028030000000027940e+03
5.549210609318996831e+03 -2.969999999972060323e+00
5.564930752688172106e+03 -1.169699999999720603e+02
5.580650896057347381e+03 1.226030000000027940e+03
5.596371039426523566e+03 -2.396999999997206032e+01
5.612091182795698842e+03 1.243030000000027940e+03
5.627811326164874117e+03 4.910300000000279397e+02
5.643531469534050302e+03 1.516030000000027940e+03
5.659251612903225578e+03 8.470300000000279397e+02
5.674971756272401763e+03 3.220300000000279397e+02
5.690691899641577038e+03 -3.296999999997206032e+01
5.706412043010752313e+03 -5.250969999999972060e+03
5.722132186379928498e+03 -1.180896999999997206e+04
5.737852329749103774e+03 -1.196596999999997206e+04
5.753572473118279959e+03 -1.208596999999997206e+04
5.769292616487455234e+03 -1.189696999999997206e+04
5.785012759856630510e+03 -1.186796999999997206e+04
5.800732903225806695e+03 -1.180396999999997206e+04
5.816453046594981970e+03 -1.210896999999997206e+04
5.832173189964157245e+03 -1.185596999999997206e+04
5.847893333333333430e+03 -1.185096999999997206e+04
5.863613476702508706e+03 -1.192596999999997206e+04
5.879333620071684891e+03 -1.194596999999997206e+04
5.895053763440860166e+03 -1.184596999999997206e+04
5.910773906810035442e+03 -1.169796999999997206e+04
5.926494050179211627e+03 -1.178696999999997206e+04
5.942214193548386902e+03 -1.170496999999997206e+04
5.957934336917563087e+03 -1.206496999999997206e+04
5.973654480286738362e+03 -1.199496999999997206e+04
5.989374623655913638e+03 -1.191696999999997206e+04
6.005094767025089823e+03 -1.177396999999997206e+04
6.020814910394265098e+03 -1.203296999999997206e+04
6.036535053763440374e+03 -1.197096999999997206e+04
6.052255197132616559e+03 -1.198496999999997206e+04
6.067975340501791834e+03 -1.201296999999997206e+04
