-1.555138300653594797e+03 -4.505750000000000000e+03
-1.542596862745097951e+03 -1.026475000000000000e+04
-1.530055424836601333e+03 -1.131275000000000000e+04
-1.517513986928104714e+03 -1.227075000000000000e+04
-1.504972549019607868e+03 -1.259175000000000000e+04
-1.492431111111111022e+03 -1.277675000000000000e+04
-1.479889673202614404e+03 -1.298775000000000000e+04
-1.467348235294117785e+03 -1.328775000000000000e+04
-1.454806797385620939e+03 -1.338575000000000000e+04
-1.442265359477124093e+03 -1.373275000000000000e+04
-1.429723921568627475e+03 -1.385975000000000000e+04
-1.417182483660130856e+03 -1.408175000000000000e+04
-1.404641045751634010e+03 -7.439750000000000000e+03
-1.392099607843137164e+03 -3.675000000000000000e+01
-1.379558169934640546e+03 -1.035750000000000000e+03
-1.367016732026143927e+03 -1.329750000000000000e+03
-1.354475294117647081e+03 -1.157750000000000000e+03
-1.341933856209150235e+03 -1.347500000000000000e+02
-1.329392418300653617e+03 -1.544750000000000000e+03
-1.316850980392156998e+03 -1.991750000000000000e+03
-1.304309542483660152e+03 -1.749750000000000000e+03
-1.291768104575163306e+03 -1.502750000000000000e+03
-1.279226666666666688e+03 -1.520750000000000000e+03
-1.266685228758170069e+03 5.492500000000000000e+02
-1.254143790849673223e+03 -2.497750000000000000e+03
-1.241602352941176377e+03 -1.285750000000000000e+03
-1.229060915032679759e+03 -6.617500000000000000e+02
-1.216519477124183140e+03 -3.332750000000000000e+03
-1.203978039215686294e+03 -1.355750000000000000e+03
-1.191436601307189449e+03 -2.174750000000000000e+03
-1.178895163398692830e+03 -1.989750000000000000e+03
-1.166353725490196211e+03 -2.816750000000000000e+03
-1.153812287581699366e+03 -2.900750000000000000e+03
-1.141270849673202520e+03 -2.629750000000000000e+03
-1.128729411764705901e+03 -3.501750000000000000e+03
-1.116187973856209283e+03 -3.554750000000000000e+03
-1.103646535947712437e+03 -2.580750000000000000e+03
-1.091105098039215591e+03 -2.262750000000000000e+03
-1.078563660130718972e+03 -1.261750000000000000e+03
-1.066022222222222354e+03 -3.259750000000000000e+03
-1.053480784313725508e+03 -1.903750000000000000e+03
-1.040939346405228662e+03 -2.723750000000000000e+03
-1.028397908496732043e+03 -1.846750000000000000e+03
-1.015856470588235311e+03 -2.160750000000000000e+03
-1.003315032679738579e+03 -1.680750000000000000e+03
-9.907735947712418465e+02 -2.244750000000000000e+03
-9.782321568627451143e+02 -2.065750000000000000e+03
-9.656907189542483820e+02 -2.779750000000000000e+03
-9.531492810457516498e+02 -2.915750000000000000e+03
-9.406078431372549176e+02 -2.180750000000000000e+03
-9.280664052287581853e+02 -2.508750000000000000e+03
-9.155249673202614531e+02 -2.802750000000000000e+03
-9.029835294117647209e+02 -2.776750000000000000e+03
-8.904420915032679886e+02 -1.293750000000000000e+03
-8.779006535947712564e+02 -1.378750000000000000e+03
-8.653592156862745242e+02 -3.045750000000000000e+03
-8.528177777777777919e+02 -1.687750000000000000e+03
-8.402763398692810597e+02 -2.285750000000000000e+03
-8.277349019607843275e+02 -2.887750000000000000e+03
-8.151934640522875952e+02 -3.493750000000000000e+03
-8.026520261437908630e+02 -3.556750000000000000e+03
-7.901105882352941308e+02 -1.794750000000000000e+03
-7.775691503267973985e+02 -2.685750000000000000e+03
-7.650277124183006663e+02 -1.528750000000000000e+03
-7.524862745098039341e+02 -2.093750000000000000e+03
-7.399448366013072018e+02 -1.970750000000000000e+03
-7.274033986928104696e+02 -2.882750000000000000e+03
-7.148619607843137373e+02 -2.191750000000000000e+03
-7.023205228758170051e+02 -2.977750000000000000e+03
-6.897790849673202729e+02 -2.704750000000000000e+03
-6.772376470588235406e+02 -2.332750000000000000e+03
-6.646962091503268084e+02 -3.076750000000000000e+03
-6.521547712418300762e+02 -2.365750000000000000e+03
-6.396133333333333439e+02 -1.489750000000000000e+03
-6.270718954248366117e+02 -2.070750000000000000e+03
-6.145304575163398795e+02 -2.537750000000000000e+03
-6.019890196078431472e+02 -2.029750000000000000e+03
-5.894475816993464150e+02 -2.293750000000000000e+03
-5.769061437908496828e+02 -2.870750000000000000e+03
-5.643647058823529505e+02 -2.950750000000000000e+03
-5.518232679738562183e+02 -2.699750000000000000e+03
-5.392818300653594861e+02 -3.595750000000000000e+03
-5.267403921568627538e+02 -2.596750000000000000e+03
-5.141989542483660216e+02 -2.467750000000000000e+03
-5.016575163398692894e+02 -3.162750000000000000e+03
-4.891160784313725571e+02 -3.706750000000000000e+03
-4.765746405228758249e+02 -2.810750000000000000e+03
-4.640332026143790927e+02 -3.121750000000000000e+03
-4.514917647058823604e+02 -2.157750000000000000e+03
-4.389503267973856282e+02 -2.517750000000000000e+03
-4.264088888888888960e+02 -2.884750000000000000e+03
-4.138674509803921637e+02 -3.373750000000000000e+03
-4.013260130718954315e+02 -3.508750000000000000e+03
-3.887845751633986993e+02 -3.114750000000000000e+03
-3.762431372549019670e+02 -3.752750000000000000e+03
-3.637016993464052348e+02 -2.439750000000000000e+03
-3.511602614379085026e+02 -2.682750000000000000e+03
-3.386188235294117703e+02 -2.379750000000000000e+03
-3.260773856209150381e+02 -1.574750000000000000e+03
-3.135359477124183059e+02 -2.725750000000000000e+03
-3.009945098039215736e+02 -2.275750000000000000e+03
-2.884530718954248414e+02 -3.045750000000000000e+03
-2.759116339869281092e+02 -2.379750000000000000e+03
-2.633701960784313769e+02 -2.464750000000000000e+03
-2.508287581699346447e+02 -1.992750000000000000e+03
-2.382873202614379124e+02 -2.168750000000000000e+03
-2.257458823529411802e+02 -2.558750000000000000e+03
-2.132044444444444480e+02 -2.974750000000000000e+03
-2.006630065359477157e+02 -3.730750000000000000e+03
-1.881215686274509835e+02 -1.703750000000000000e+03
-1.755801307189542513e+02 -3.420750000000000000e+03
-1.630386928104575190e+02 -3.092750000000000000e+03
-1.504972549019607868e+02 -2.639750000000000000e+03
-1.379558169934640546e+02 -3.893750000000000000e+03
-1.254143790849673223e+02 -2.833750000000000000e+03
-1.128729411764705901e+02 -3.015750000000000000e+03
-1.003315032679738579e+02 -3.446750000000000000e+03
-8.779006535947712564e+01 -1.966750000000000000e+03
-7.524862745098039341e+01 1.841250000000000000e+03
-6.270718954248366117e+01 7.116250000000000000e+03
-5.016575163398692894e+01 1.763125000000000000e+04
-3.762431372549019670e+01 2.991125000000000000e+04
-2.508287581699346447e+01 4.599125000000000000e+04
-1.254143790849673223e+01 6.700225000000000000e+04
0.000000000000000000e+00 9.505425000000000000e+04
1.254143790849673223e+01 1.215352500000000000e+05
2.508287581699346447e+01 1.500192500000000000e+05
3.762431372549019670e+01 1.854262500000000000e+05
5.016575163398692894e+01 2.166822500000000000e+05
6.270718954248366117e+01 2.450802500000000000e+05
7.524862745098039341e+01 2.788392500000000000e+05
8.779006535947712564e+01 3.135562500000000000e+05
1.003315032679738579e+02 3.443392500000000000e+05
1.128729411764705901e+02 3.884902500000000000e+05
1.254143790849673223e+02 4.303032500000000000e+05
1.379558169934640546e+02 4.834052500000000000e+05
1.504972549019607868e+02 5.314172500000000000e+05
1.630386928104575190e+02 5.858092500000000000e+05
1.755801307189542513e+02 6.298292500000000000e+05
1.881215686274509835e+02 6.777762500000000000e+05
2.006630065359477157e+02 7.180212500000000000e+05
2.132044444444444480e+02 7.701832500000000000e+05
2.257458823529411802e+02 8.006852500000000000e+05
2.382873202614379124e+02 8.422822500000000000e+05
2.508287581699346447e+02 8.826242500000000000e+05
2.633701960784313769e+02 9.333352500000000000e+05
2.759116339869281092e+02 9.943832500000000000e+05
2.884530718954248414e+02 1.033244250000000000e+06
3.009945098039215736e+02 1.084195250000000000e+06
3.135359477124183059e+02 1.128681250000000000e+06
3.260773856209150381e+02 1.164032250000000000e+06
3.386188235294117703e+02 1.189864250000000000e+06
3.511602614379085026e+02 1.227618250000000000e+06
3.637016993464052348e+02 1.278113250000000000e+06
3.762431372549019670e+02 1.311477250000000000e+06
3.887845751633986993e+02 1.357421250000000000e+06
4.013260130718954315e+02 1.406706250000000000e+06
4.138674509803921637e+02 1.463693250000000000e+06
4.264088888888888960e+02 1.508239250000000000e+06
4.389503267973856282e+02 1.552416250000000000e+06
4.514917647058823604e+02 1.599651250000000000e+06
4.640332026143790927e+02 1.649469250000000000e+06
4.765746405228758249e+02 1.682574250000000000e+06
4.891160784313725571e+02 1.736785250000000000e+06
5.016575163398692894e+02 1.766697250000000000e+06
5.141989542483660216e+02 1.807691250000000000e+06
5.267403921568627538e+02 1.839917250000000000e+06
5.392818300653594861e+02 1.898807250000000000e+06
5.518232679738562183e+02 1.947432250000000000e+06
5.643647058823529505e+02 2.002175250000000000e+06
5.769061437908496828e+02 2.040488250000000000e+06
5.894475816993464150e+02 2.064046250000000000e+06
6.019890196078431472e+02 2.095512250000000000e+06
6.145304575163398795e+02 2.128357250000000000e+06
6.270718954248366117e+02 2.177865250000000000e+06
6.396133333333333439e+02 2.228873250000000000e+06
6.521547712418300762e+02 2.257349250000000000e+06
6.646962091503268084e+02 2.289082250000000000e+06
6.772376470588235406e+02 2.338616250000000000e+06
6.897790849673202729e+02 2.366642250000000000e+06
7.023205228758170051e+02 2.391121250000000000e+06
7.148619607843137373e+02 2.395762250000000000e+06
7.274033986928104696e+02 2.436520250000000000e+06
7.399448366013072018e+02 2.460440250000000000e+06
7.524862745098039341e+02 2.501544250000000000e+06
7.650277124183006663e+02 2.536052250000000000e+06
7.775691503267973985e+02 2.565352250000000000e+06
7.901105882352941308e+02 2.615423250000000000e+06
8.026520261437908630e+02 2.656614250000000000e+06
8.151934640522875952e+02 2.678131250000000000e+06
8.277349019607843275e+02 2.751691250000000000e+06
8.402763398692810597e+02 2.783817250000000000e+06
8.528177777777777919e+02 2.823352250000000000e+06
8.653592156862745242e+02 2.860945250000000000e+06
8.779006535947712564e+02 2.897383250000000000e+06
8.904420915032679886e+02 2.932346250000000000e+06
9.029835294117647209e+02 2.996285250000000000e+06
9.155249673202614531e+02 3.066247250000000000e+06
9.280664052287581853e+02 3.102215250000000000e+06
9.406078431372549176e+02 3.125154250000000000e+06
9.531492810457516498e+02 3.189254250000000000e+06
9.656907189542483820e+02 3.224179250000000000e+06
9.782321568627451143e+02 3.262676250000000000e+06
9.907735947712418465e+02 3.334936250000000000e+06
1.003315032679738579e+03 3.363918250000000000e+06
1.015856470588235311e+03 3.393731250000000000e+06
1.028397908496732043e+03 3.424743250000000000e+06
1.040939346405228662e+03 3.453218250000000000e+06
1.053480784313725508e+03 3.480942250000000000e+06
1.066022222222222354e+03 3.499758250000000000e+06
1.078563660130718972e+03 3.515265250000000000e+06
1.091105098039215591e+03 3.537455250000000000e+06
1.103646535947712437e+03 3.525880250000000000e+06
1.116187973856209283e+03 3.534130250000000000e+06
1.128729411764705901e+03 3.566150250000000000e+06
1.141270849673202520e+03 3.612876250000000000e+06
1.153812287581699366e+03 3.612378250000000000e+06
1.166353725490196211e+03 3.601940250000000000e+06
1.178895163398692830e+03 3.609188250000000000e+06
1.191436601307189449e+03 3.618153250000000000e+06
1.203978039215686294e+03 3.616055250000000000e+06
1.216519477124183140e+03 3.630302250000000000e+06
1.229060915032679759e+03 3.616770250000000000e+06
1.241602352941176377e+03 3.611242250000000000e+06
1.254143790849673223e+03 3.616915250000000000e+06
1.266685228758170069e+03 3.645549250000000000e+06
1.279226666666666688e+03 3.656351250000000000e+06
1.291768104575163306e+03 3.638301250000000000e+06
1.304309542483660152e+03 3.636298250000000000e+06
1.316850980392156998e+03 3.649064250000000000e+06
1.329392418300653617e+03 3.629190250000000000e+06
1.341933856209150235e+03 3.646418250000000000e+06
1.354475294117647081e+03 3.630114250000000000e+06
1.367016732026143927e+03 3.602584250000000000e+06
1.379558169934640546e+03 3.640474250000000000e+06
1.392099607843137164e+03 3.660187250000000000e+06
1.404641045751634010e+03 3.639010250000000000e+06
1.417182483660130856e+03 3.673832250000000000e+06
1.429723921568627475e+03 3.677737250000000000e+06
1.442265359477124093e+03 3.657643250000000000e+06
1.454806797385620939e+03 3.673872250000000000e+06
1.467348235294117785e+03 3.678539250000000000e+06
1.479889673202614404e+03 3.687035250000000000e+06
1.492431111111111022e+03 3.664183250000000000e+06
1.504972549019607868e+03 3.673093250000000000e+06
1.517513986928104714e+03 3.690770250000000000e+06
1.530055424836601333e+03 3.682239250000000000e+06
1.542596862745097951e+03 3.706702250000000000e+06
1.555138300653594797e+03 3.723448250000000000e+06
1.567679738562091643e+03 3.736103250000000000e+06
1.580221176470588262e+03 3.766134250000000000e+06
1.592762614379084880e+03 3.773423250000000000e+06
1.605304052287581726e+03 3.775543250000000000e+06
1.617845490196078572e+03 3.775009250000000000e+06
1.630386928104575190e+03 3.789719250000000000e+06
1.642928366013071809e+03 3.782053250000000000e+06
1.655469803921568655e+03 3.815018250000000000e+06
1.668011241830065501e+03 3.829661250000000000e+06
1.680552679738562119e+03 3.839977250000000000e+06
1.693094117647058738e+03 3.839622250000000000e+06
1.705635555555555584e+03 3.852323250000000000e+06
1.718176993464052430e+03 3.848859250000000000e+06
1.730718431372549048e+03 3.857479250000000000e+06
1.743259869281045667e+03 3.846147250000000000e+06
1.755801307189542513e+03 3.854600250000000000e+06
1.768342745098039359e+03 3.881799250000000000e+06
1.780884183006535977e+03 3.860178250000000000e+06
1.793425620915032596e+03 3.849762250000000000e+06
1.805967058823529442e+03 3.853359250000000000e+06
1.818508496732026288e+03 3.849681250000000000e+06
1.831049934640522906e+03 3.865862250000000000e+06
1.843591372549019525e+03 3.850474250000000000e+06
1.856132810457516371e+03 3.834558250000000000e+06
1.868674248366013217e+03 3.827927250000000000e+06
1.881215686274509835e+03 3.858504250000000000e+06
1.893757124183006454e+03 3.851656250000000000e+06
1.906298562091503300e+03 3.828696250000000000e+06
1.918840000000000146e+03 3.816610250000000000e+06
1.931381437908496764e+03 3.839475250000000000e+06
1.943922875816993383e+03 3.822220250000000000e+06
1.956464313725490229e+03 3.800901250000000000e+06
1.969005751633987074e+03 3.806744250000000000e+06
1.981547189542483693e+03 3.749670250000000000e+06
1.994088627450980312e+03 3.723119250000000000e+06
2.006630065359477157e+03 3.688155250000000000e+06
2.019171503267974003e+03 3.633889250000000000e+06
2.031712941176470622e+03 3.584227250000000000e+06
2.044254379084967240e+03 3.537180250000000000e+06
2.056795816993464086e+03 3.448855250000000000e+06
2.069337254901960932e+03 3.344322250000000000e+06
2.081878692810457324e+03 3.221534250000000000e+06
2.094420130718954169e+03 3.075127250000000000e+06
2.106961568627451015e+03 2.923986250000000000e+06
2.119503006535947861e+03 2.743397250000000000e+06
2.132044444444444707e+03 2.547533250000000000e+06
2.144585882352941098e+03 2.349282250000000000e+06
2.157127320261437944e+03 2.162707250000000000e+06
2.169668758169934790e+03 1.964231250000000000e+06
2.182210196078431181e+03 1.775921250000000000e+06
2.194751633986928027e+03 1.545468250000000000e+06
2.207293071895424873e+03 1.356547250000000000e+06
2.219834509803921719e+03 1.177127250000000000e+06
2.232375947712418565e+03 9.838162500000000000e+05
2.244917385620914956e+03 8.120782500000000000e+05
2.257458823529411802e+03 6.762562500000000000e+05
2.270000261437908648e+03 5.366022500000000000e+05
2.282541699346405039e+03 4.164922500000000000e+05
2.295083137254901885e+03 3.199552500000000000e+05
2.307624575163398731e+03 2.395532500000000000e+05
2.320166013071895577e+03 1.785412500000000000e+05
2.332707450980392423e+03 1.293632500000000000e+05
2.345248888888888814e+03 9.063825000000000000e+04
2.357790326797385660e+03 6.436325000000000000e+04
2.370331764705882506e+03 5.014425000000000000e+04
2.382873202614378897e+03 4.492225000000000000e+04
2.395414640522875743e+03 4.187725000000000000e+04
2.407956078431372589e+03 4.141825000000000000e+04
2.420497516339869435e+03 3.943825000000000000e+04
2.433038954248366281e+03 3.784025000000000000e+04
2.445580392156862672e+03 3.557325000000000000e+04
2.458121830065359518e+03 3.185525000000000000e+04
2.470663267973856364e+03 3.052025000000000000e+04
2.483204705882352755e+03 3.230925000000000000e+04
2.495746143790849601e+03 2.934625000000000000e+04
2.508287581699346447e+03 2.938325000000000000e+04
2.520829019607843293e+03 2.660925000000000000e+04
2.533370457516340139e+03 2.994325000000000000e+04
2.545911895424836530e+03 2.686025000000000000e+04
2.558453333333333376e+03 2.354125000000000000e+04
2.570994771241830222e+03 2.292925000000000000e+04
2.583536209150326613e+03 2.490125000000000000e+04
2.596077647058823459e+03 2.344025000000000000e+04
2.608619084967320305e+03 2.031125000000000000e+04
2.621160522875817151e+03 2.267025000000000000e+04
2.633701960784313997e+03 1.920125000000000000e+04
2.646243398692810388e+03 1.675225000000000000e+04
2.658784836601307234e+03 1.620825000000000000e+04
2.671326274509804080e+03 1.563225000000000000e+04
2.683867712418300471e+03 1.717625000000000000e+04
2.696409150326797317e+03 1.323325000000000000e+04
2.708950588235294163e+03 1.124825000000000000e+04
2.721492026143791009e+03 9.327250000000000000e+03
2.734033464052287854e+03 7.883250000000000000e+03
2.746574901960784246e+03 6.334250000000000000e+03
2.759116339869281092e+03 6.569250000000000000e+03
2.771657777777777937e+03 5.078250000000000000e+03
2.784199215686274329e+03 6.796250000000000000e+03
2.796740653594771175e+03 4.203250000000000000e+03
2.809282091503268020e+03 4.104250000000000000e+03
2.821823529411764866e+03 5.228250000000000000e+03
2.834364967320261712e+03 2.257250000000000000e+03
2.846906405228758103e+03 2.684250000000000000e+03
2.859447843137254949e+03 2.515250000000000000e+03
2.871989281045751795e+03 1.519250000000000000e+03
2.884530718954248186e+03 1.870250000000000000e+03
2.897072156862745032e+03 9.612500000000000000e+02
2.909613594771241878e+03 9.872500000000000000e+02
2.922155032679738724e+03 1.761250000000000000e+03
2.934696470588235570e+03 1.072500000000000000e+02
2.947237908496731961e+03 -5.817500000000000000e+02
2.959779346405228807e+03 -8.857500000000000000e+02
2.972320784313725653e+03 1.672500000000000000e+02
2.984862222222222044e+03 1.372500000000000000e+02
2.997403660130718890e+03 2.502500000000000000e+02
3.009945098039215736e+03 -1.581750000000000000e+03
3.022486535947712582e+03 -1.529750000000000000e+03
3.035027973856209428e+03 -2.294750000000000000e+03
3.047569411764705819e+03 -1.656750000000000000e+03
3.060110849673202665e+03 -7.357500000000000000e+02
3.072652287581699511e+03 -7.567500000000000000e+02
3.085193725490195902e+03 -4.647500000000000000e+02
3.097735163398692748e+03 -5.877500000000000000e+02
3.110276601307189594e+03 -1.678750000000000000e+03
3.122818039215686440e+03 -2.047750000000000000e+03
3.135359477124183286e+03 -1.409750000000000000e+03
3.147900915032679677e+03 -3.375000000000000000e+01
3.160442352941176523e+03 -1.714750000000000000e+03
3.172983790849673369e+03 -1.381750000000000000e+03
3.185525228758169760e+03 -9.067500000000000000e+02
3.198066666666666606e+03 -5.527500000000000000e+02
3.210608104575163452e+03 -1.761750000000000000e+03
3.223149542483660298e+03 -1.358750000000000000e+03
3.235690980392157144e+03 -1.581750000000000000e+03
3.248232418300653535e+03 -1.700750000000000000e+03
3.260773856209150381e+03 -1.605750000000000000e+03
3.273315294117647227e+03 -4.717500000000000000e+02
3.285856732026143618e+03 -4.047500000000000000e+02
3.298398169934640464e+03 -3.037500000000000000e+02
3.310939607843137310e+03 -8.037500000000000000e+02
3.323481045751634156e+03 -9.117500000000000000e+02
3.336022483660131002e+03 -1.468750000000000000e+03
3.348563921568627393e+03 -1.471750000000000000e+03
3.361105359477124239e+03 -1.403750000000000000e+03
3.373646797385621085e+03 -5.497500000000000000e+02
3.386188235294117476e+03 -1.889750000000000000e+03
3.398729673202614322e+03 -1.845750000000000000e+03
3.411271111111111168e+03 -1.338750000000000000e+03
3.423812549019608014e+03 -6.057500000000000000e+02
3.436353986928104860e+03 -1.247750000000000000e+03
3.448895424836601251e+03 -6.267500000000000000e+02
3.461436862745098097e+03 -7.537500000000000000e+02
3.473978300653594943e+03 -1.713750000000000000e+03
3.486519738562091334e+03 -7.267500000000000000e+02
3.499061176470588180e+03 -3.657500000000000000e+02
3.511602614379085026e+03 -2.575750000000000000e+03
3.524144052287581871e+03 -2.166750000000000000e+03
3.536685490196078717e+03 -1.497750000000000000e+03
3.549226928104575109e+03 -5.617500000000000000e+02
3.561768366013071955e+03 -1.766750000000000000e+03
3.574309803921568800e+03 -1.368750000000000000e+03
3.586851241830065192e+03 -1.375750000000000000e+03
3.599392679738562038e+03 -1.616750000000000000e+03
3.611934117647058883e+03 -1.640750000000000000e+03
3.624475555555555729e+03 -1.537750000000000000e+03
3.637016993464052575e+03 -2.217750000000000000e+03
3.649558431372548966e+03 -8.897500000000000000e+02
3.662099869281045812e+03 -1.763750000000000000e+03
3.674641307189542658e+03 -1.551750000000000000e+03
3.687182745098039049e+03 3.522500000000000000e+02
3.699724183006535895e+03 -9.097500000000000000e+02
3.712265620915032741e+03 -1.856750000000000000e+03
3.724807058823529587e+03 -1.738750000000000000e+03
3.737348496732026433e+03 -5.397500000000000000e+02
3.749889934640522824e+03 -8.387500000000000000e+02
3.762431372549019670e+03 -2.497500000000000000e+02
3.774972810457516516e+03 -3.787500000000000000e+02
3.787514248366012907e+03 -1.725750000000000000e+03
3.800055686274509753e+03 -8.207500000000000000e+02
3.812597124183006599e+03 -1.971750000000000000e+03
3.825138562091503445e+03 -1.347500000000000000e+02
3.837680000000000291e+03 4.372500000000000000e+02
3.850221437908496682e+03 -9.947500000000000000e+02
3.862762875816993528e+03 -6.847500000000000000e+02
3.875304313725490374e+03 -2.547500000000000000e+02
3.887845751633986765e+03 -1.212750000000000000e+03
3.900387189542483611e+03 -8.977500000000000000e+02
3.912928627450980457e+03 -1.286750000000000000e+03
3.925470065359477303e+03 -1.770750000000000000e+03
3.938011503267974149e+03 -1.523750000000000000e+03
3.950552941176470540e+03 -5.507500000000000000e+02
3.963094379084967386e+03 -4.007500000000000000e+02
3.975635816993464232e+03 9.842500000000000000e+02
3.988177254901960623e+03 -2.257500000000000000e+02
4.000718692810457469e+03 2.351250000000000000e+03
4.013260130718954315e+03 1.242250000000000000e+03
4.025801568627451161e+03 -6.197500000000000000e+02
4.038343006535948007e+03 2.022500000000000000e+02
4.050884444444444398e+03 7.802500000000000000e+02
4.063425882352941244e+03 -1.377750000000000000e+03
4.075967320261438090e+03 -1.209750000000000000e+03
4.088508758169934481e+03 -1.306750000000000000e+03
4.101050196078431327e+03 -1.493750000000000000e+03
4.113591633986928173e+03 2.030250000000000000e+03
4.126133071895425019e+03 -7.227500000000000000e+02
4.138674509803921865e+03 5.342500000000000000e+02
4.151215947712418711e+03 3.052500000000000000e+02
4.163757385620914647e+03 4.602500000000000000e+02
4.176298823529411493e+03 1.842500000000000000e+02
4.188840261437908339e+03 5.202500000000000000e+02
4.201381699346405185e+03 -3.267500000000000000e+02
4.213923137254902031e+03 1.322500000000000000e+02
4.226464575163398877e+03 8.742500000000000000e+02
4.239006013071895723e+03 1.332500000000000000e+02
4.251547450980392568e+03 2.782500000000000000e+02
4.264088888888889414e+03 -4.527500000000000000e+02
4.276630326797385351e+03 2.232250000000000000e+03
4.289171764705882197e+03 2.288250000000000000e+03
4.301713202614379043e+03 1.704250000000000000e+03
4.314254640522875889e+03 1.165250000000000000e+03
4.326796078431372734e+03 6.202500000000000000e+02
4.339337516339869580e+03 1.066250000000000000e+03
4.351878954248366426e+03 -3.447500000000000000e+02
4.364420392156862363e+03 -6.747500000000000000e+02
4.376961830065359209e+03 3.572500000000000000e+02
4.389503267973856055e+03 1.172250000000000000e+03
4.402044705882352901e+03 1.539250000000000000e+03
4.414586143790849746e+03 1.489250000000000000e+03
4.427127581699346592e+03 2.431250000000000000e+03
4.439669019607843438e+03 1.296250000000000000e+03
4.452210457516340284e+03 1.635250000000000000e+03
4.464751895424837130e+03 1.540250000000000000e+03
4.477293333333333067e+03 6.502500000000000000e+02
4.489834771241829912e+03 2.367250000000000000e+03
4.502376209150326758e+03 1.979250000000000000e+03
4.514917647058823604e+03 1.310250000000000000e+03
4.527459084967320450e+03 1.781250000000000000e+03
4.540000522875817296e+03 3.025250000000000000e+03
4.552541960784314142e+03 1.059250000000000000e+03
4.565083398692810079e+03 2.656250000000000000e+03
4.577624836601306924e+03 5.182500000000000000e+02
4.590166274509803770e+03 3.379250000000000000e+03
4.602707712418300616e+03 5.772500000000000000e+02
4.615249150326797462e+03 -3.397500000000000000e+02
4.627790588235294308e+03 5.162500000000000000e+02
4.640332026143791154e+03 9.032500000000000000e+02
4.652873464052288000e+03 1.012500000000000000e+02
4.665414901960784846e+03 8.562500000000000000e+02
4.677956339869280782e+03 9.432500000000000000e+02
4.690497777777777628e+03 -2.057500000000000000e+02
4.703039215686274474e+03 1.171250000000000000e+03
4.715580653594771320e+03 1.435250000000000000e+03
4.728122091503268166e+03 3.253250000000000000e+03
4.740663529411765012e+03 3.742500000000000000e+02
4.753204967320261858e+03 1.251250000000000000e+03
4.765746405228757794e+03 9.862500000000000000e+02
4.778287843137254640e+03 9.962500000000000000e+02
4.790829281045751486e+03 1.390250000000000000e+03
4.803370718954248332e+03 5.592500000000000000e+02
4.815912156862745178e+03 2.525250000000000000e+03
4.828453594771242024e+03 1.584250000000000000e+03
4.840995032679738870e+03 1.518250000000000000e+03
4.853536470588235716e+03 8.142500000000000000e+02
4.866077908496732562e+03 6.062500000000000000e+02
4.878619346405228498e+03 7.792500000000000000e+02
4.891160784313725344e+03 -4.717500000000000000e+02
4.903702222222222190e+03 2.382500000000000000e+02
4.916243660130719036e+03 3.532250000000000000e+03
4.928785098039215882e+03 1.716250000000000000e+03
4.941326535947712728e+03 2.651250000000000000e+03
4.953867973856209574e+03 3.043250000000000000e+03
4.966409411764705510e+03 2.997250000000000000e+03
4.978950849673202356e+03 8.492500000000000000e+02
4.991492287581699202e+03 8.642500000000000000e+02
5.004033725490196048e+03 5.462500000000000000e+02
5.016575163398692894e+03 -6.426750000000000000e+03
5.029116601307189740e+03 -1.536575000000000000e+04
5.041658039215686586e+03 -1.577275000000000000e+04
5.054199477124183431e+03 -1.576575000000000000e+04
5.066740915032680277e+03 -1.597475000000000000e+04
5.079282352941176214e+03 -1.550575000000000000e+04
5.091823790849673060e+03 -1.585875000000000000e+04
5.104365228758169906e+03 -1.571175000000000000e+04
5.116906666666666752e+03 -1.576375000000000000e+04
5.129448104575163597e+03 -1.543375000000000000e+04
5.141989542483660443e+03 -1.595175000000000000e+04
5.154530980392157289e+03 -1.559875000000000000e+04
5.167072418300653226e+03 -1.588775000000000000e+04
5.179613856209150072e+03 -1.549775000000000000e+04
5.192155294117646918e+03 -1.593175000000000000e+04
5.204696732026143764e+03 -1.545575000000000000e+04
5.217238169934640609e+03 -1.568875000000000000e+04
5.229779607843137455e+03 -1.562675000000000000e+04
5.242321045751634301e+03 -1.590275000000000000e+04
5.254862483660131147e+03 -1.568775000000000000e+04
5.267403921568627993e+03 -1.576575000000000000e+04
5.279945359477123930e+03 -1.552275000000000000e+04
5.292486797385620775e+03 -1.571375000000000000e+04
5.305028235294117621e+03 -1.566175000000000000e+04
