-4.389864172661870725e+03 1.331080000000016298e+03
-4.362254964028777067e+03 -5.816919999999983702e+03
-4.334645755395683409e+03 -7.239919999999983702e+03
-4.307036546762589751e+03 -8.089919999999983702e+03
-4.279427338129497002e+03 -8.534919999999983702e+03
-4.251818129496403344e+03 -8.670919999999983702e+03
-4.224208920863309686e+03 -9.063919999999983702e+03
-4.196599712230216028e+03 -9.347919999999983702e+03
-4.168990503597122370e+03 -9.743919999999983702e+03
-4.141381294964028712e+03 -9.895919999999983702e+03
-4.113772086330935053e+03 -1.017591999999998370e+04
-4.086162877697841850e+03 -1.033091999999998370e+04
-4.058553669064748647e+03 -5.438919999999983702e+03
-4.030944460431654988e+03 2.230800000000162981e+02
-4.003335251798561330e+03 -5.459199999999837019e+02
-3.975726043165467672e+03 -7.779199999999837019e+02
-3.948116834532374469e+03 -8.789199999999837019e+02
-3.920507625899280811e+03 -2.059199999999837019e+02
-3.892898417266187153e+03 -1.010919999999983702e+03
-3.865289208633093949e+03 -9.639199999999837019e+02
-3.837680000000000291e+03 -5.739199999999837019e+02
-3.810070791366906633e+03 -9.719199999999837019e+02
-3.782461582733812975e+03 -1.061919999999983702e+03
-3.754852374100719771e+03 1.212080000000016298e+03
-3.727243165467626113e+03 -1.652919999999983702e+03
-3.699633956834532455e+03 -1.569919999999983702e+03
-3.672024748201439252e+03 -7.659199999999837019e+02
-3.644415539568345594e+03 -2.123919999999983702e+03
-3.616806330935251935e+03 -1.545919999999983702e+03
-3.589197122302158277e+03 -1.733919999999983702e+03
-3.561587913669065074e+03 -1.225919999999983702e+03
-3.533978705035971416e+03 -1.976919999999983702e+03
-3.506369496402877758e+03 -2.072919999999983702e+03
-3.478760287769784554e+03 -2.176919999999983702e+03
-3.451151079136690896e+03 -2.809919999999983702e+03
-3.423541870503597238e+03 -1.790919999999983702e+03
-3.395932661870503580e+03 -1.684919999999983702e+03
-3.368323453237410376e+03 -1.554919999999983702e+03
-3.340714244604316718e+03 -8.429199999999837019e+02
-3.313105035971223060e+03 -2.234919999999983702e+03
-3.285495827338129857e+03 -1.434919999999983702e+03
-3.257886618705036199e+03 -1.865919999999983702e+03
-3.230277410071942541e+03 -1.101919999999983702e+03
-3.202668201438848882e+03 -1.500919999999983702e+03
-3.175058992805755679e+03 -2.069919999999983702e+03
-3.147449784172662021e+03 -2.047919999999983702e+03
-3.119840575539568363e+03 -2.168919999999983702e+03
-3.092231366906475159e+03 -1.778919999999983702e+03
-3.064622158273381501e+03 -2.519919999999983702e+03
-3.037012949640287843e+03 -2.116919999999983702e+03
-3.009403741007194185e+03 -2.372919999999983702e+03
-2.981794532374100982e+03 -2.288919999999983702e+03
-2.954185323741007323e+03 -2.434919999999983702e+03
-2.926576115107913665e+03 -1.221919999999983702e+03
-2.898966906474820462e+03 -9.599199999999837019e+02
-2.871357697841726804e+03 -2.052919999999983702e+03
-2.843748489208633146e+03 -1.812919999999983702e+03
-2.816139280575539942e+03 -2.268919999999983702e+03
-2.788530071942446284e+03 -2.268919999999983702e+03
-2.760920863309352626e+03 -2.778919999999983702e+03
-2.733311654676258968e+03 -2.395919999999983702e+03
-2.705702446043165764e+03 -1.394919999999983702e+03
-2.678093237410072106e+03 -2.230919999999983702e+03
-2.650484028776978448e+03 -2.120919999999983702e+03
-2.622874820143885245e+03 -1.909919999999983702e+03
-2.595265611510791587e+03 -1.266919999999983702e+03
-2.567656402877697928e+03 -2.730919999999983702e+03
-2.540047194244604270e+03 -1.609919999999983702e+03
-2.512437985611511067e+03 -2.674919999999983702e+03
-2.484828776978417409e+03 -2.031919999999983702e+03
-2.457219568345323751e+03 -2.454919999999983702e+03
-2.429610359712230547e+03 -2.823919999999983702e+03
-2.402001151079136889e+03 -2.019919999999983702e+03
-2.374391942446043231e+03 -1.699919999999983702e+03
-2.346782733812949573e+03 -2.288919999999983702e+03
-2.319173525179856370e+03 -2.555919999999983702e+03
-2.291564316546762711e+03 -1.856919999999983702e+03
-2.263955107913669053e+03 -1.549919999999983702e+03
-2.236345899280575850e+03 -2.231919999999983702e+03
-2.208736690647482192e+03 -2.386919999999983702e+03
-2.181127482014388534e+03 -1.804919999999983702e+03
-2.153518273381294875e+03 -2.624919999999983702e+03
-2.125909064748201672e+03 -2.268919999999983702e+03
-2.098299856115108014e+03 -2.463919999999983702e+03
-2.070690647482014356e+03 -1.813919999999983702e+03
-2.043081438848920925e+03 -2.315919999999983702e+03
-2.015472230215827494e+03 -1.846919999999983702e+03
-1.987863021582733836e+03 -1.984919999999983702e+03
-1.960253812949640405e+03 -1.997919999999983702e+03
-1.932644604316546975e+03 -2.806919999999983702e+03
-1.905035395683453316e+03 -2.385919999999983702e+03
-1.877426187050359886e+03 -2.503919999999983702e+03
-1.849816978417266228e+03 -2.029919999999983702e+03
-1.822207769784172797e+03 -2.199919999999983702e+03
-1.794598561151079139e+03 -2.614919999999983702e+03
-1.766989352517985708e+03 -2.177919999999983702e+03
-1.739380143884892277e+03 -2.069919999999983702e+03
-1.711770935251798619e+03 -1.776919999999983702e+03
-1.684161726618705188e+03 -1.361919999999983702e+03
-1.656552517985611530e+03 -1.855919999999983702e+03
-1.628943309352518099e+03 -1.647919999999983702e+03
-1.601334100719424441e+03 -2.802919999999983702e+03
-1.573724892086331010e+03 -1.870919999999983702e+03
-1.546115683453237580e+03 -2.214919999999983702e+03
-1.518506474820143922e+03 -2.311919999999983702e+03
-1.490897266187050491e+03 -2.184919999999983702e+03
-1.463288057553956833e+03 -2.041919999999983702e+03
-1.435678848920863402e+03 -1.811919999999983702e+03
-1.408069640287769971e+03 -2.499919999999983702e+03
-1.380460431654676313e+03 -1.189919999999983702e+03
-1.352851223021582882e+03 -2.168919999999983702e+03
-1.325242014388489224e+03 -2.067919999999983702e+03
-1.297632805755395793e+03 -2.168919999999983702e+03
-1.270023597122302135e+03 -3.032919999999983702e+03
-1.242414388489208704e+03 -1.994919999999983702e+03
-1.214805179856115274e+03 -2.307919999999983702e+03
-1.187195971223021616e+03 -2.508919999999983702e+03
-1.159586762589928185e+03 -3.013919999999983702e+03
-1.131977553956834527e+03 -1.888919999999983702e+03
-1.104368345323741096e+03 -2.469919999999983702e+03
-1.076759136690647438e+03 -2.770919999999983702e+03
-1.049149928057554007e+03 -2.856919999999983702e+03
-1.021540719424460463e+03 -2.278919999999983702e+03
-9.939315107913669181e+02 -1.799919999999983702e+03
-9.663223021582734873e+02 -1.420919999999983702e+03
-9.387130935251799428e+02 -2.207919999999983702e+03
-9.111038848920863984e+02 -1.406919999999983702e+03
-8.834946762589928539e+02 -1.782919999999983702e+03
-8.558854676258993095e+02 -1.670919999999983702e+03
-8.282762589928057650e+02 -1.977919999999983702e+03
-8.006670503597122206e+02 -2.565919999999983702e+03
-7.730578417266187898e+02 -2.439919999999983702e+03
-7.454486330935252454e+02 -3.086919999999983702e+03
-7.178394244604317009e+02 -2.758919999999983702e+03
-6.902302158273381565e+02 -1.528919999999983702e+03
-6.626210071942446120e+02 -2.652919999999983702e+03
-6.350117985611510676e+02 -3.192919999999983702e+03
-6.074025899280576368e+02 -2.153919999999983702e+03
-5.797933812949640924e+02 -1.838919999999983702e+03
-5.521841726618705479e+02 -2.553919999999983702e+03
-5.245749640287770035e+02 -2.166919999999983702e+03
-4.969657553956834590e+02 -1.364919999999983702e+03
-4.693565467625899714e+02 -1.922919999999983702e+03
-4.417473381294964270e+02 -2.346919999999983702e+03
-4.141381294964028825e+02 -2.204919999999983702e+03
-3.865289208633093949e+02 -2.056919999999983702e+03
-3.589197122302158505e+02 -2.176919999999983702e+03
-3.313105035971223060e+02 -1.723919999999983702e+03
-3.037012949640288184e+02 -1.898919999999983702e+03
-2.760920863309352740e+02 -1.812919999999983702e+03
-2.484828776978417295e+02 -7.759199999999837019e+02
-2.208736690647482135e+02 -1.628919999999983702e+03
-1.932644604316546975e+02 -3.859199999999837019e+02
-1.656552517985611530e+02 1.097080000000016298e+03
-1.380460431654676370e+02 4.323080000000016298e+03
-1.104368345323741067e+02 1.126808000000001630e+04
-8.282762589928057650e+01 2.340408000000001630e+04
-5.521841726618705337e+01 4.183808000000001630e+04
-2.760920863309352669e+01 7.299008000000001630e+04
0.000000000000000000e+00 1.244850800000000163e+05
2.760920863309352669e+01 1.990070800000000163e+05
5.521841726618705337e+01 2.981790800000000163e+05
8.282762589928057650e+01 4.225040800000000163e+05
1.104368345323741067e+02 5.703490800000000745e+05
1.380460431654676370e+02 7.475470800000000745e+05
1.656552517985611530e+02 9.294400800000000745e+05
1.932644604316546975e+02 1.126304080000000075e+06
2.208736690647482135e+02 1.334087080000000075e+06
2.484828776978417295e+02 1.544599080000000075e+06
2.760920863309352740e+02 1.760893080000000075e+06
3.037012949640288184e+02 1.963275080000000075e+06
3.313105035971223060e+02 2.158452080000000075e+06
3.589197122302158505e+02 2.346739080000000075e+06
3.865289208633093949e+02 2.536720080000000075e+06
4.141381294964028825e+02 2.703908080000000075e+06
4.417473381294964270e+02 2.849264080000000075e+06
4.693565467625899714e+02 2.980895080000000075e+06
4.969657553956834590e+02 3.117034080000000075e+06
5.245749640287770035e+02 3.206642080000000075e+06
5.521841726618705479e+02 3.291201080000000075e+06
5.797933812949640924e+02 3.371755080000000075e+06
6.074025899280576368e+02 3.434281080000000075e+06
6.350117985611510676e+02 3.493287080000000075e+06
6.626210071942446120e+02 3.550270080000000075e+06
6.902302158273381565e+02 3.606937080000000075e+06
7.178394244604317009e+02 3.653119080000000075e+06
7.454486330935252454e+02 3.671535080000000075e+06
7.730578417266187898e+02 3.667341080000000075e+06
8.006670503597122206e+02 3.707983080000000075e+06
8.282762589928057650e+02 3.731953080000000075e+06
8.558854676258993095e+02 3.741352080000000075e+06
8.834946762589928539e+02 3.765774080000000075e+06
9.111038848920863984e+02 3.792024080000000075e+06
9.387130935251799428e+02 3.783573080000000075e+06
9.663223021582734873e+02 3.787785080000000075e+06
9.939315107913669181e+02 3.776556080000000075e+06
1.021540719424460463e+03 3.782116080000000075e+06
1.049149928057554007e+03 3.780580080000000075e+06
1.076759136690647438e+03 3.762329080000000075e+06
1.104368345323741096e+03 3.750688080000000075e+06
1.131977553956834527e+03 3.737586080000000075e+06
1.159586762589928185e+03 3.723145080000000075e+06
1.187195971223021616e+03 3.715665080000000075e+06
1.214805179856115274e+03 3.725656080000000075e+06
1.242414388489208704e+03 3.752574080000000075e+06
1.270023597122302135e+03 3.768679080000000075e+06
1.297632805755395793e+03 3.774023080000000075e+06
1.325242014388489224e+03 3.780421080000000075e+06
1.352851223021582882e+03 3.789710080000000075e+06
1.380460431654676313e+03 3.775328080000000075e+06
1.408069640287769971e+03 3.763009080000000075e+06
1.435678848920863402e+03 3.771859080000000075e+06
1.463288057553956833e+03 3.747394080000000075e+06
1.490897266187050491e+03 3.737876080000000075e+06
1.518506474820143922e+03 3.743431080000000075e+06
1.546115683453237580e+03 3.747939080000000075e+06
1.573724892086331010e+03 3.750683080000000075e+06
1.601334100719424441e+03 3.731877080000000075e+06
1.628943309352518099e+03 3.736719080000000075e+06
1.656552517985611530e+03 3.746652080000000075e+06
1.684161726618705188e+03 3.740454080000000075e+06
1.711770935251798619e+03 3.729698080000000075e+06
1.739380143884892277e+03 3.716061080000000075e+06
1.766989352517985708e+03 3.710502080000000075e+06
1.794598561151079139e+03 3.724985080000000075e+06
1.822207769784172797e+03 3.724750080000000075e+06
1.849816978417266228e+03 3.734046080000000075e+06
1.877426187050359886e+03 3.723418080000000075e+06
1.905035395683453316e+03 3.719797080000000075e+06
1.932644604316546975e+03 3.714296080000000075e+06
1.960253812949640405e+03 3.712228080000000075e+06
1.987863021582733836e+03 3.717899080000000075e+06
2.015472230215827494e+03 3.722660080000000075e+06
2.043081438848920925e+03 3.713583080000000075e+06
2.070690647482014356e+03 3.706023080000000075e+06
2.098299856115108014e+03 3.706050080000000075e+06
2.125909064748201672e+03 3.693717080000000075e+06
2.153518273381294875e+03 3.670476080000000075e+06
2.181127482014388534e+03 3.624204080000000075e+06
2.208736690647482192e+03 3.563129080000000075e+06
2.236345899280575850e+03 3.482198080000000075e+06
2.263955107913669053e+03 3.377125080000000075e+06
2.291564316546762711e+03 3.259564080000000075e+06
2.319173525179856370e+03 3.125351080000000075e+06
2.346782733812949573e+03 2.971569080000000075e+06
2.374391942446043231e+03 2.779555080000000075e+06
2.402001151079136889e+03 2.554695080000000075e+06
2.429610359712230547e+03 2.332062080000000075e+06
2.457219568345323751e+03 2.104708080000000075e+06
2.484828776978417409e+03 1.869586080000000075e+06
2.512437985611511067e+03 1.633192080000000075e+06
2.540047194244604270e+03 1.402081080000000075e+06
2.567656402877697928e+03 1.187444080000000075e+06
2.595265611510791587e+03 9.912000800000000745e+05
2.622874820143885245e+03 8.088890800000000745e+05
2.650484028776978448e+03 6.574680800000000745e+05
2.678093237410072106e+03 5.289900800000000745e+05
2.705702446043165764e+03 4.166250800000000163e+05
2.733311654676258968e+03 3.253070800000000163e+05
2.760920863309352626e+03 2.476980800000000163e+05
2.788530071942446284e+03 1.814620800000000163e+05
2.816139280575539942e+03 1.302800800000000163e+05
2.843748489208633146e+03 9.398808000000001630e+04
2.871357697841726804e+03 7.052508000000001630e+04
2.898966906474820462e+03 5.378608000000001630e+04
2.926576115107913665e+03 4.225608000000001630e+04
2.954185323741007323e+03 3.555308000000001630e+04
2.981794532374100982e+03 3.464308000000001630e+04
3.009403741007194185e+03 3.019008000000001630e+04
3.037012949640287843e+03 2.877308000000001630e+04
3.064622158273381501e+03 2.800708000000001630e+04
3.092231366906475159e+03 2.487908000000001630e+04
3.119840575539568363e+03 2.482408000000001630e+04
3.147449784172662021e+03 2.742408000000001630e+04
3.175058992805755679e+03 2.721908000000001630e+04
3.202668201438848882e+03 2.512608000000001630e+04
3.230277410071942541e+03 2.269808000000001630e+04
3.257886618705036199e+03 2.146008000000001630e+04
3.285495827338129857e+03 2.045608000000001630e+04
3.313105035971223060e+03 2.020108000000001630e+04
3.340714244604316718e+03 2.095208000000001630e+04
3.368323453237410376e+03 1.984208000000001630e+04
3.395932661870503580e+03 1.858808000000001630e+04
3.423541870503597238e+03 1.668108000000001630e+04
3.451151079136690896e+03 1.639408000000001630e+04
3.478760287769784554e+03 1.637508000000001630e+04
3.506369496402877758e+03 1.277808000000001630e+04
3.533978705035971416e+03 1.089108000000001630e+04
3.561587913669065074e+03 1.016308000000001630e+04
3.589197122302158277e+03 9.627080000000016298e+03
3.616806330935251935e+03 8.283080000000016298e+03
3.644415539568345594e+03 8.951080000000016298e+03
3.672024748201439252e+03 7.302080000000016298e+03
3.699633956834532455e+03 7.395080000000016298e+03
3.727243165467626113e+03 5.846080000000016298e+03
3.754852374100719771e+03 4.367080000000016298e+03
3.782461582733812975e+03 4.284080000000016298e+03
3.810070791366906633e+03 3.514080000000016298e+03
3.837680000000000291e+03 2.989080000000016298e+03
3.865289208633093949e+03 3.056080000000016298e+03
3.892898417266187153e+03 2.178080000000016298e+03
3.920507625899280811e+03 2.500080000000016298e+03
3.948116834532374469e+03 1.287080000000016298e+03
3.975726043165467672e+03 1.660080000000016298e+03
4.003335251798561330e+03 8.470800000000162981e+02
4.030944460431654988e+03 3.908000000001629815e+01
4.058553669064748647e+03 7.030800000000162981e+02
4.086162877697841850e+03 -3.819199999999837019e+02
4.113772086330935053e+03 -1.117919999999983702e+03
4.141381294964028712e+03 -9.391999999998370185e+01
4.168990503597122370e+03 2.760800000000162981e+02
4.196599712230216028e+03 -3.479199999999837019e+02
4.224208920863309686e+03 -1.352919999999983702e+03
4.251818129496403344e+03 -5.069199999999837019e+02
4.279427338129497002e+03 -2.209199999999837019e+02
4.307036546762589751e+03 -8.309199999999837019e+02
4.334645755395683409e+03 -8.929199999999837019e+02
4.362254964028777067e+03 -1.652919999999983702e+03
4.389864172661870725e+03 -1.899919999999983702e+03
4.417473381294964383e+03 -1.895919999999983702e+03
4.445082589928058042e+03 -1.222919999999983702e+03
4.472691798561151700e+03 -1.562919999999983702e+03
4.500301007194244448e+03 -1.477919999999983702e+03
4.527910215827338106e+03 -1.095919999999983702e+03
4.555519424460431765e+03 -1.469919999999983702e+03
4.583128633093525423e+03 -1.786919999999983702e+03
4.610737841726619081e+03 -1.393919999999983702e+03
4.638347050359712739e+03 -1.721919999999983702e+03
4.665956258992806397e+03 -1.671919999999983702e+03
4.693565467625899146e+03 -1.353919999999983702e+03
4.721174676258992804e+03 -1.480919999999983702e+03
4.748783884892086462e+03 -1.372919999999983702e+03
4.776393093525180120e+03 -2.463919999999983702e+03
4.804002302158273778e+03 6.408000000001629815e+01
4.831611510791367436e+03 -1.472919999999983702e+03
4.859220719424461095e+03 -1.357919999999983702e+03
4.886829928057553843e+03 4.553080000000016298e+03
4.914439136690647501e+03 -1.219919999999983702e+03
4.942048345323741160e+03 -3.399199999999837019e+02
4.969657553956834818e+03 -8.591999999998370185e+01
4.997266762589928476e+03 -1.168919999999983702e+03
5.024875971223022134e+03 -1.250919999999983702e+03
5.052485179856115792e+03 -1.685919999999983702e+03
5.080094388489208541e+03 -2.063919999999983702e+03
5.107703597122302199e+03 -1.518919999999983702e+03
5.135312805755395857e+03 -1.458919999999983702e+03
5.162922014388489515e+03 -2.339199999999837019e+02
5.190531223021583173e+03 -1.442919999999983702e+03
5.218140431654676831e+03 -1.766919999999983702e+03
5.245749640287770490e+03 -1.104919999999983702e+03
5.273358848920863238e+03 -2.467919999999983702e+03
5.300968057553956896e+03 -2.629919999999983702e+03
5.328577266187050554e+03 -1.695919999999983702e+03
5.356186474820144213e+03 -1.845919999999983702e+03
5.383795683453237871e+03 -1.674919999999983702e+03
5.411404892086331529e+03 -2.441919999999983702e+03
5.439014100719425187e+03 -1.789919999999983702e+03
5.466623309352517936e+03 -1.821919999999983702e+03
5.494232517985611594e+03 -2.255919999999983702e+03
5.521841726618705252e+03 -2.411919999999983702e+03
5.549450935251798910e+03 -2.680919999999983702e+03
5.577060143884892568e+03 -2.509919999999983702e+03
5.604669352517986226e+03 -1.939919999999983702e+03
5.632278561151079884e+03 -9.629199999999837019e+02
5.659887769784172633e+03 -1.673919999999983702e+03
5.687496978417266291e+03 -2.164919999999983702e+03
5.715106187050359949e+03 -2.018919999999983702e+03
5.742715395683453607e+03 -2.155919999999983702e+03
5.770324604316547266e+03 -1.630919999999983702e+03
5.797933812949640924e+03 -1.029919999999983702e+03
5.825543021582734582e+03 -1.570919999999983702e+03
5.853152230215827331e+03 -1.846919999999983702e+03
5.880761438848920989e+03 -2.061919999999983702e+03
5.908370647482014647e+03 -2.277919999999983702e+03
5.935979856115108305e+03 -1.476919999999983702e+03
5.963589064748201963e+03 -1.771919999999983702e+03
5.991198273381295621e+03 -2.526919999999983702e+03
6.018807482014388370e+03 -2.450919999999983702e+03
6.046416690647482028e+03 -1.654919999999983702e+03
6.074025899280575686e+03 -1.329919999999983702e+03
6.101635107913669344e+03 -2.201919999999983702e+03
6.129244316546763002e+03 -1.805919999999983702e+03
6.156853525179856661e+03 -1.526919999999983702e+03
6.184462733812950319e+03 -2.369919999999983702e+03
6.212071942446043067e+03 -1.709919999999983702e+03
6.239681151079136725e+03 -1.295919999999983702e+03
6.267290359712230384e+03 -1.487919999999983702e+03
6.294899568345324042e+03 -1.117919999999983702e+03
6.322508776978417700e+03 -1.210919999999983702e+03
6.350117985611511358e+03 -1.709919999999983702e+03
6.377727194244605016e+03 -2.035919999999983702e+03
6.405336402877697765e+03 -1.895919999999983702e+03
6.432945611510791423e+03 -2.133919999999983702e+03
6.460554820143885081e+03 -8.709199999999837019e+02
6.488164028776978739e+03 -1.455919999999983702e+03
6.515773237410072397e+03 -1.496919999999983702e+03
6.543382446043166055e+03 -1.359919999999983702e+03
6.570991654676259714e+03 -1.363919999999983702e+03
6.598600863309352462e+03 -1.749919999999983702e+03
6.626210071942446120e+03 -1.085919999999983702e+03
6.653819280575539779e+03 -1.121919999999983702e+03
6.681428489208633437e+03 -1.781919999999983702e+03
6.709037697841727095e+03 -1.629919999999983702e+03
6.736646906474820753e+03 -1.861919999999983702e+03
6.764256115107914411e+03 -1.695919999999983702e+03
6.791865323741007160e+03 -1.380919999999983702e+03
6.819474532374100818e+03 -9.119199999999837019e+02
6.847083741007194476e+03 -9.659199999999837019e+02
6.874692949640288134e+03 -1.664919999999983702e+03
6.902302158273381792e+03 -9.959199999999837019e+02
6.929911366906475450e+03 -4.299199999999837019e+02
6.957520575539569109e+03 -8.329199999999837019e+02
6.985129784172661857e+03 -1.530919999999983702e+03
7.012738992805755515e+03 -3.679199999999837019e+02
7.040348201438849173e+03 -4.449199999999837019e+02
7.067957410071942832e+03 6.008000000001629815e+01
7.095566618705036490e+03 -4.579199999999837019e+02
7.123175827338130148e+03 -1.659919999999983702e+03
7.150785035971223806e+03 -9.199999999837018549e-01
7.178394244604316555e+03 -4.449199999999837019e+02
7.206003453237410213e+03 -7.819199999999837019e+02
7.233612661870503871e+03 -8.429199999999837019e+02
7.261221870503597529e+03 -3.859199999999837019e+02
7.288831079136691187e+03 -6.709199999999837019e+02
7.316440287769784845e+03 -7.039199999999837019e+02
7.344049496402878503e+03 -1.401919999999983702e+03
7.371658705035971252e+03 -8.949199999999837019e+02
7.399267913669064910e+03 -1.269199999999837019e+02
7.426877122302158568e+03 -1.398919999999983702e+03
7.454486330935252226e+03 -3.169199999999837019e+02
7.482095539568345885e+03 -1.329199999999837019e+02
7.509704748201439543e+03 -4.229199999999837019e+02
7.537313956834533201e+03 1.225080000000016298e+03
7.564923165467625950e+03 4.550800000000162981e+02
7.592532374100719608e+03 -3.889199999999837019e+02
7.620141582733813266e+03 -2.969199999999837019e+02
7.647750791366906924e+03 -1.267919999999983702e+03
7.675360000000000582e+03 -9.799199999999837019e+02
7.702969208633094240e+03 -7.379199999999837019e+02
7.730578417266187898e+03 1.240800000000162981e+02
7.758187625899280647e+03 3.830800000000162981e+02
7.785796834532374305e+03 -8.519199999999837019e+02
7.813406043165467963e+03 -8.909199999999837019e+02
7.841015251798561621e+03 3.940800000000162981e+02
7.868624460431655280e+03 3.040800000000162981e+02
7.896233669064748938e+03 -2.309199999999837019e+02
7.923842877697842596e+03 -4.139199999999837019e+02
7.951452086330935344e+03 -1.119199999999837019e+02
7.979061294964029003e+03 -6.919199999999837019e+02
8.006670503597122661e+03 1.229080000000016298e+03
8.034279712230216319e+03 -3.159199999999837019e+02
8.061888920863309977e+03 -1.859199999999837019e+02
8.089498129496403635e+03 1.243080000000016298e+03
8.117107338129497293e+03 2.290800000000162981e+02
8.144716546762590042e+03 7.810800000000162981e+02
8.172325755395683700e+03 3.150800000000162981e+02
8.199934964028778268e+03 3.440800000000162981e+02
8.227544172661870107e+03 2.470800000000162981e+02
8.255153381294963765e+03 5.060800000000162981e+02
8.282762589928057423e+03 3.820800000000162981e+02
8.310371798561151081e+03 1.870800000000162981e+02
8.337981007194244739e+03 5.510800000000162981e+02
8.365590215827338398e+03 6.610800000000162981e+02
8.393199424460432056e+03 7.220800000000162981e+02
8.420808633093525714e+03 6.120800000000162981e+02
8.448417841726619372e+03 5.080800000000162981e+02
8.476027050359713030e+03 7.260800000000162981e+02
8.503636258992806688e+03 3.605080000000016298e+03
8.531245467625900346e+03 2.540800000000162981e+02
8.558854676258994004e+03 8.490800000000162981e+02
8.586463884892087663e+03 7.570800000000162981e+02
8.614073093525179502e+03 5.408000000001629815e+01
8.641682302158273160e+03 -8.791999999998370185e+01
8.669291510791366818e+03 9.740800000000162981e+02
8.696900719424460476e+03 1.001080000000016298e+03
8.724509928057554134e+03 1.022080000000016298e+03
8.752119136690647792e+03 6.900800000000162981e+02
8.779728345323741451e+03 1.004080000000016298e+03
8.807337553956835109e+03 4.050800000000162981e+02
8.834946762589928767e+03 1.124080000000016298e+03
8.862555971223022425e+03 1.416080000000016298e+03
8.890165179856116083e+03 6.860800000000162981e+02
8.917774388489209741e+03 1.120080000000016298e+03
8.945383597122303399e+03 7.540800000000162981e+02
8.972992805755397058e+03 -1.079199999999837019e+02
9.000602014388488897e+03 9.230800000000162981e+02
9.028211223021582555e+03 1.482080000000016298e+03
9.055820431654676213e+03 3.220800000000162981e+02
9.083429640287769871e+03 1.233080000000016298e+03
9.111038848920863529e+03 -8.291999999998370185e+01
9.138648057553957187e+03 1.513080000000016298e+03
9.166257266187050845e+03 3.060800000000162981e+02
9.193866474820144504e+03 -6.029199999999837019e+02
9.221475683453238162e+03 1.850800000000162981e+02
9.249084892086331820e+03 1.210800000000162981e+02
9.276694100719425478e+03 6.210800000000162981e+02
9.304303309352519136e+03 1.892080000000016298e+03
9.331912517985612794e+03 4.620800000000162981e+02
9.359521726618706452e+03 -3.649199999999837019e+02
9.387130935251798292e+03 -9.291999999998370185e+01
9.414740143884891950e+03 4.430800000000162981e+02
9.442349352517985608e+03 1.445080000000016298e+03
9.469958561151079266e+03 2.630800000000162981e+02
9.497567769784172924e+03 -6.791999999998370185e+01
9.525176978417266582e+03 5.108000000001629815e+01
9.552786187050360240e+03 -1.591999999998370185e+01
9.580395395683453899e+03 1.730800000000162981e+02
9.608004604316547557e+03 -3.409199999999837019e+02
9.635613812949641215e+03 1.480080000000016298e+03
9.663223021582734873e+03 3.470800000000162981e+02
9.690832230215828531e+03 5.350800000000162981e+02
9.718441438848922189e+03 -1.319199999999837019e+02
9.746050647482014028e+03 5.000800000000162981e+02
9.773659856115107686e+03 6.110800000000162981e+02
9.801269064748201345e+03 1.400800000000162981e+02
9.828878273381295003e+03 4.600800000000162981e+02
9.856487482014388661e+03 1.675080000000016298e+03
9.884096690647482319e+03 8.910800000000162981e+02
9.911705899280575977e+03 2.484080000000016298e+03
9.939315107913669635e+03 6.420800000000162981e+02
9.966924316546763293e+03 8.900800000000162981e+02
9.994533525179856952e+03 8.290800000000162981e+02
1.002214273381295061e+04 3.450800000000162981e+02
1.004975194244604427e+04 -3.391999999998370185e+01
1.007736115107913793e+04 -5.227919999999983702e+03
1.010497035971223158e+04 -1.179091999999998370e+04
1.013257956834532342e+04 -1.195591999999998370e+04
1.016018877697841708e+04 -1.206591999999998370e+04
1.018779798561151074e+04 -1.188291999999998370e+04
1.021540719424460440e+04 -1.209591999999998370e+04
1.024301640287769806e+04 -1.173191999999998370e+04
1.027062561151079171e+04 -1.184791999999998370e+04
1.029823482014388537e+04 -1.174291999999998370e+04
1.032584402877697903e+04 -1.185791999999998370e+04
1.035345323741007269e+04 -1.170891999999998370e+04
1.038106244604316635e+04 -1.199791999999998370e+04
1.040867165467626000e+04 -1.192091999999998370e+04
1.043628086330935366e+04 -1.207091999999998370e+04
1.046389007194244732e+04 -1.187491999999998370e+04
1.049149928057554098e+04 -1.207891999999998370e+04
1.051910848920863282e+04 -1.201491999999998370e+04
1.054671769784172648e+04 -1.203291999999998370e+04
1.057432690647482013e+04 -1.196491999999998370e+04
1.060193611510791379e+04 -1.210091999999998370e+04
1.062954532374100745e+04 -1.194291999999998370e+04
1.065715453237410111e+04 -1.199791999999998370e+04
1.068476374100719477e+04 -1.189491999999998370e+04
1.071237294964028843e+04 -1.191891999999998370e+04
