-1.966640284697508605e+03 -1.465580000000016298e+03
-1.952983060498220311e+03 -7.062580000000016298e+03
-1.939325836298932245e+03 -8.185580000000016298e+03
-1.925668612099643951e+03 -8.813580000000016298e+03
-1.912011387900355658e+03 -9.208580000000016298e+03
-1.898354163701067364e+03 -9.476580000000016298e+03
-1.884696939501779070e+03 -9.699580000000016298e+03
-1.871039715302490777e+03 -1.006358000000001630e+04
-1.857382491103202710e+03 -1.024958000000001630e+04
-1.843725266903914417e+03 -1.041458000000001630e+04
-1.830068042704626123e+03 -1.059058000000001630e+04
-1.816410818505337829e+03 -1.063458000000001630e+04
-1.802753594306049536e+03 -5.705580000000016298e+03
-1.789096370106761242e+03 -4.165800000000162981e+02
-1.775439145907473176e+03 -1.030580000000016298e+03
-1.761781921708184882e+03 -9.655800000000162981e+02
-1.748124697508896588e+03 -8.845800000000162981e+02
-1.734467473309608295e+03 -4.825800000000162981e+02
-1.720810249110320001e+03 -1.094580000000016298e+03
-1.707153024911031935e+03 -1.353580000000016298e+03
-1.693495800711743641e+03 -8.565800000000162981e+02
-1.679838576512455347e+03 -1.129580000000016298e+03
-1.666181352313167054e+03 -1.492580000000016298e+03
-1.652524128113878760e+03 1.248419999999983702e+03
-1.638866903914590466e+03 -1.871580000000016298e+03
-1.625209679715302400e+03 -1.235580000000016298e+03
-1.611552455516014106e+03 -5.235800000000162981e+02
-1.597895231316725813e+03 -2.259580000000016298e+03
-1.584238007117437519e+03 -1.245580000000016298e+03
-1.570580782918149225e+03 -1.569580000000016298e+03
-1.556923558718860932e+03 -1.510580000000016298e+03
-1.543266334519572865e+03 -1.514580000000016298e+03
-1.529609110320284572e+03 -2.109580000000016298e+03
-1.515951886120996278e+03 -2.236580000000016298e+03
-1.502294661921707984e+03 -2.730580000000016298e+03
-1.488637437722419691e+03 -1.885580000000016298e+03
-1.474980213523131397e+03 -2.006580000000016298e+03
-1.461322989323843331e+03 -2.044580000000016298e+03
-1.447665765124555037e+03 -9.835800000000162981e+02
-1.434008540925266743e+03 -2.241580000000016298e+03
-1.420351316725978450e+03 -1.035580000000016298e+03
-1.406694092526690156e+03 -1.796580000000016298e+03
-1.393036868327401862e+03 -1.320580000000016298e+03
-1.379379644128113796e+03 -1.762580000000016298e+03
-1.365722419928825502e+03 -1.934580000000016298e+03
-1.352065195729537209e+03 -1.647580000000016298e+03
-1.338407971530248915e+03 -1.427580000000016298e+03
-1.324750747330960621e+03 -1.544580000000016298e+03
-1.311093523131672555e+03 -1.957580000000016298e+03
-1.297436298932384261e+03 -1.737580000000016298e+03
-1.283779074733095968e+03 -1.988580000000016298e+03
-1.270121850533807674e+03 -2.101580000000016298e+03
-1.256464626334519380e+03 -1.868580000000016298e+03
-1.242807402135231087e+03 -1.009580000000016298e+03
-1.229150177935943020e+03 -1.099580000000016298e+03
-1.215492953736654727e+03 -2.613580000000016298e+03
-1.201835729537366433e+03 -2.047580000000016298e+03
-1.188178505338078139e+03 -1.977580000000016298e+03
-1.174521281138789845e+03 -1.990580000000016298e+03
-1.160864056939501552e+03 -2.570580000000016298e+03
-1.147206832740213486e+03 -2.475580000000016298e+03
-1.133549608540925192e+03 -1.440580000000016298e+03
-1.119892384341636898e+03 -2.261580000000016298e+03
-1.106235160142348604e+03 -1.835580000000016298e+03
-1.092577935943060311e+03 -2.236580000000016298e+03
-1.078920711743772017e+03 -1.513580000000016298e+03
-1.065263487544483951e+03 -2.523580000000016298e+03
-1.051606263345195657e+03 -1.922580000000016298e+03
-1.037949039145907363e+03 -2.662580000000016298e+03
-1.024291814946619070e+03 -1.943580000000016298e+03
-1.010634590747330890e+03 -2.338580000000016298e+03
-9.969773665480425962e+02 -2.556580000000016298e+03
-9.833201423487543025e+02 -1.529580000000016298e+03
-9.696629181494661225e+02 -1.345580000000016298e+03
-9.560056939501778288e+02 -1.950580000000016298e+03
-9.423484697508895351e+02 -2.161580000000016298e+03
-9.286912455516013551e+02 -1.220580000000016298e+03
-9.150340213523130615e+02 -1.070580000000016298e+03
-9.013767971530247678e+02 -1.728580000000016298e+03
-8.877195729537365878e+02 -2.108580000000016298e+03
-8.740623487544482941e+02 -1.940580000000016298e+03
-8.604051245551600005e+02 -3.117580000000016298e+03
-8.467479003558718205e+02 -1.673580000000016298e+03
-8.330906761565835268e+02 -1.852580000000016298e+03
-8.194334519572952331e+02 -1.704580000000016298e+03
-8.057762277580070531e+02 -2.320580000000016298e+03
-7.921190035587187595e+02 -2.295580000000016298e+03
-7.784617793594304658e+02 -1.781580000000016298e+03
-7.648045551601422858e+02 -1.668580000000016298e+03
-7.511473309608539921e+02 -2.271580000000016298e+03
-7.374901067615656984e+02 -2.083580000000016298e+03
-7.238328825622775184e+02 -2.124580000000016298e+03
-7.101756583629892248e+02 -2.093580000000016298e+03
-6.965184341637009311e+02 -1.926580000000016298e+03
-6.828612099644127511e+02 -2.345580000000016298e+03
-6.692039857651244574e+02 -2.214580000000016298e+03
-6.555467615658362774e+02 -1.959580000000016298e+03
-6.418895373665479838e+02 -1.838580000000016298e+03
-6.282323131672596901e+02 -8.635800000000162981e+02
-6.145750889679715101e+02 -1.789580000000016298e+03
-6.009178647686832164e+02 -1.906580000000016298e+03
-5.872606405693949227e+02 -2.016580000000016298e+03
-5.736034163701067428e+02 -6.545800000000162981e+02
-5.599461921708184491e+02 -1.485800000000162981e+02
-5.462889679715301554e+02 1.072419999999983702e+03
-5.326317437722419754e+02 2.600419999999983702e+03
-5.189745195729536817e+02 3.400419999999983702e+03
-5.053172953736654449e+02 4.724419999999983702e+03
-4.916600711743771512e+02 5.065419999999983702e+03
-4.780028469750889144e+02 5.831419999999983702e+03
-4.643456227758006776e+02 6.300419999999983702e+03
-4.506883985765123839e+02 7.909419999999983702e+03
-4.370311743772241471e+02 1.050341999999998370e+04
-4.233739501779359102e+02 1.021541999999998370e+04
-4.097167259786476166e+02 1.195441999999998370e+04
-3.960595017793593797e+02 1.347541999999998370e+04
-3.824022775800711429e+02 1.491741999999998370e+04
-3.687450533807828492e+02 1.572941999999998370e+04
-3.550878291814946124e+02 1.901241999999998370e+04
-3.414306049822063756e+02 1.883541999999998370e+04
-3.277733807829181387e+02 1.940241999999998370e+04
-3.141161565836298450e+02 1.976941999999998370e+04
-3.004589323843416082e+02 2.141941999999998370e+04
-2.868017081850533714e+02 2.338941999999998370e+04
-2.731444839857650777e+02 2.601441999999998370e+04
-2.594872597864768409e+02 2.700941999999998370e+04
-2.458300355871885756e+02 2.844941999999998370e+04
-2.321728113879003388e+02 2.780841999999998370e+04
-2.185155871886120735e+02 2.851441999999998370e+04
-2.048583629893238083e+02 3.050441999999998370e+04
-1.912011387900355714e+02 3.188241999999998370e+04
-1.775439145907473062e+02 3.310841999999998370e+04
-1.638866903914590694e+02 3.568441999999998370e+04
-1.502294661921708041e+02 4.060541999999998370e+04
-1.365722419928825389e+02 4.478141999999998370e+04
-1.229150177935942878e+02 4.776341999999998370e+04
-1.092577935943060368e+02 5.142041999999998370e+04
-9.560056939501778572e+01 5.447441999999998370e+04
-8.194334519572953468e+01 5.403041999999998370e+04
-6.828612099644126943e+01 5.495841999999998370e+04
-5.462889679715301838e+01 5.742441999999998370e+04
-4.097167259786476734e+01 5.926941999999998370e+04
-2.731444839857650919e+01 6.399541999999998370e+04
-1.365722419928825460e+01 7.147041999999998370e+04
0.000000000000000000e+00 7.781641999999998370e+04
1.365722419928825460e+01 8.862041999999998370e+04
2.731444839857650919e+01 1.048474199999999837e+05
4.097167259786476734e+01 1.204384199999999837e+05
5.462889679715301838e+01 1.361384199999999837e+05
6.828612099644126943e+01 1.578384199999999837e+05
8.194334519572953468e+01 1.827124199999999837e+05
9.560056939501778572e+01 2.129534199999999837e+05
1.092577935943060368e+02 2.555824199999999837e+05
1.229150177935942878e+02 3.130204199999999837e+05
1.365722419928825389e+02 3.867074199999999837e+05
1.502294661921708041e+02 4.633884199999999837e+05
1.638866903914590694e+02 5.584984199999999255e+05
1.775439145907473062e+02 6.708534199999999255e+05
1.912011387900355714e+02 7.952694199999999255e+05
2.048583629893238083e+02 9.441364199999999255e+05
2.185155871886120735e+02 1.109364419999999925e+06
2.321728113879003388e+02 1.273395419999999925e+06
2.458300355871885756e+02 1.445124419999999925e+06
2.594872597864768409e+02 1.628472419999999925e+06
2.731444839857650777e+02 1.811373419999999925e+06
2.868017081850533714e+02 1.993879419999999925e+06
3.004589323843416082e+02 2.167865419999999925e+06
3.141161565836298450e+02 2.341708419999999925e+06
3.277733807829181387e+02 2.506023419999999925e+06
3.414306049822063756e+02 2.663660419999999925e+06
3.550878291814946124e+02 2.829926419999999925e+06
3.687450533807828492e+02 2.969034419999999925e+06
3.824022775800711429e+02 3.103170419999999925e+06
3.960595017793593797e+02 3.208938419999999925e+06
4.097167259786476166e+02 3.282798419999999925e+06
4.233739501779359102e+02 3.339618419999999925e+06
4.370311743772241471e+02 3.387890419999999925e+06
4.506883985765123839e+02 3.434925419999999925e+06
4.643456227758006776e+02 3.481922419999999925e+06
4.780028469750889144e+02 3.500092419999999925e+06
4.916600711743771512e+02 3.516057419999999925e+06
5.053172953736654449e+02 3.535866419999999925e+06
5.189745195729536817e+02 3.563858419999999925e+06
5.326317437722419754e+02 3.566736419999999925e+06
5.462889679715301554e+02 3.559687419999999925e+06
5.599461921708184491e+02 3.558905419999999925e+06
5.736034163701067428e+02 3.544111419999999925e+06
5.872606405693949227e+02 3.535320419999999925e+06
6.009178647686832164e+02 3.554892419999999925e+06
6.145750889679715101e+02 3.565178419999999925e+06
6.282323131672596901e+02 3.577621419999999925e+06
6.418895373665479838e+02 3.584714419999999925e+06
6.555467615658362774e+02 3.604495419999999925e+06
6.692039857651244574e+02 3.611237419999999925e+06
6.828612099644127511e+02 3.604404419999999925e+06
6.965184341637009311e+02 3.597331419999999925e+06
7.101756583629892248e+02 3.613101419999999925e+06
7.238328825622775184e+02 3.622951419999999925e+06
7.374901067615656984e+02 3.614889419999999925e+06
7.511473309608539921e+02 3.618160419999999925e+06
7.648045551601422858e+02 3.614670419999999925e+06
7.784617793594304658e+02 3.607941419999999925e+06
7.921190035587187595e+02 3.610466419999999925e+06
8.057762277580070531e+02 3.609442419999999925e+06
8.194334519572952331e+02 3.615079419999999925e+06
8.330906761565835268e+02 3.626279419999999925e+06
8.467479003558718205e+02 3.617105419999999925e+06
8.604051245551600005e+02 3.639370419999999925e+06
8.740623487544482941e+02 3.654998419999999925e+06
8.877195729537365878e+02 3.657271419999999925e+06
9.013767971530247678e+02 3.654754419999999925e+06
9.150340213523130615e+02 3.650758419999999925e+06
9.286912455516013551e+02 3.656306419999999925e+06
9.423484697508895351e+02 3.649438419999999925e+06
9.560056939501778288e+02 3.632032419999999925e+06
9.696629181494661225e+02 3.633929419999999925e+06
9.833201423487543025e+02 3.643106419999999925e+06
9.969773665480425962e+02 3.629910419999999925e+06
1.010634590747330890e+03 3.624176419999999925e+06
1.024291814946619070e+03 3.635567419999999925e+06
1.037949039145907363e+03 3.622040419999999925e+06
1.051606263345195657e+03 3.620466419999999925e+06
1.065263487544483951e+03 3.612270419999999925e+06
1.078920711743772017e+03 3.625952419999999925e+06
1.092577935943060311e+03 3.627982419999999925e+06
1.106235160142348604e+03 3.627794419999999925e+06
1.119892384341636898e+03 3.618093419999999925e+06
1.133549608540925192e+03 3.627832419999999925e+06
1.147206832740213486e+03 3.627848419999999925e+06
1.160864056939501552e+03 3.610205419999999925e+06
1.174521281138789845e+03 3.562217419999999925e+06
1.188178505338078139e+03 3.481392419999999925e+06
1.201835729537366433e+03 3.395025419999999925e+06
1.215492953736654727e+03 3.288074419999999925e+06
1.229150177935943020e+03 3.144966419999999925e+06
1.242807402135231087e+03 2.983023419999999925e+06
1.256464626334519380e+03 2.795457419999999925e+06
1.270121850533807674e+03 2.580013419999999925e+06
1.283779074733095968e+03 2.318269419999999925e+06
1.297436298932384261e+03 2.042214419999999925e+06
1.311093523131672555e+03 1.775099419999999925e+06
1.324750747330960621e+03 1.515935419999999925e+06
1.338407971530248915e+03 1.273421419999999925e+06
1.352065195729537209e+03 1.050669419999999925e+06
1.365722419928825502e+03 8.569964199999999255e+05
1.379379644128113796e+03 6.912064199999999255e+05
1.393036868327401862e+03 5.433954199999999255e+05
1.406694092526690156e+03 4.105904199999999837e+05
1.420351316725978450e+03 3.027264199999999837e+05
1.434008540925266743e+03 2.104774199999999837e+05
1.447665765124555037e+03 1.488694199999999837e+05
1.461322989323843331e+03 9.808141999999998370e+04
1.474980213523131397e+03 6.661141999999998370e+04
1.488637437722419691e+03 4.882441999999998370e+04
1.502294661921707984e+03 3.993041999999998370e+04
1.515951886120996278e+03 3.745541999999998370e+04
1.529609110320284572e+03 3.593041999999998370e+04
1.543266334519572865e+03 3.107141999999998370e+04
1.556923558718860932e+03 3.121441999999998370e+04
1.570580782918149225e+03 2.960441999999998370e+04
1.584238007117437519e+03 2.769141999999998370e+04
1.597895231316725813e+03 2.670841999999998370e+04
1.611552455516014106e+03 2.621041999999998370e+04
1.625209679715302400e+03 2.610141999999998370e+04
1.638866903914590466e+03 2.316941999999998370e+04
1.652524128113878760e+03 2.235041999999998370e+04
1.666181352313167054e+03 2.390341999999998370e+04
1.679838576512455347e+03 2.354141999999998370e+04
1.693495800711743641e+03 2.335841999999998370e+04
1.707153024911031935e+03 2.277141999999998370e+04
1.720810249110320001e+03 2.162641999999998370e+04
1.734467473309608295e+03 1.988641999999998370e+04
1.748124697508896588e+03 1.917241999999998370e+04
1.761781921708184882e+03 1.782241999999998370e+04
1.775439145907473176e+03 1.463841999999998370e+04
1.789096370106761242e+03 1.419241999999998370e+04
1.802753594306049536e+03 1.226441999999998370e+04
1.816410818505337829e+03 1.094841999999998370e+04
1.830068042704626123e+03 1.061641999999998370e+04
1.843725266903914417e+03 9.016419999999983702e+03
1.857382491103202710e+03 7.566419999999983702e+03
1.871039715302490777e+03 6.749419999999983702e+03
1.884696939501779070e+03 6.609419999999983702e+03
1.898354163701067364e+03 6.455419999999983702e+03
1.912011387900355658e+03 6.310419999999983702e+03
1.925668612099643951e+03 6.554419999999983702e+03
1.939325836298932245e+03 4.829419999999983702e+03
1.952983060498220311e+03 4.359419999999983702e+03
1.966640284697508605e+03 3.993419999999983702e+03
1.980297508896796899e+03 3.276419999999983702e+03
1.993954733096085192e+03 3.595419999999983702e+03
2.007611957295373486e+03 1.719419999999983702e+03
2.021269181494661780e+03 1.759419999999983702e+03
2.034926405693949846e+03 2.280419999999983702e+03
2.048583629893238140e+03 1.440419999999983702e+03
2.062240854092526661e+03 7.741999999998370185e+01
2.075898078291814727e+03 3.034199999999837019e+02
2.089555302491102793e+03 4.614199999999837019e+02
2.103212526690391314e+03 -1.235800000000162981e+02
2.116869750889679381e+03 -5.775800000000162981e+02
2.130526975088967902e+03 -9.985800000000162981e+02
2.144184199288255968e+03 -5.225800000000162981e+02
2.157841423487544034e+03 -1.563580000000016298e+03
2.171498647686832555e+03 -1.102580000000016298e+03
2.185155871886120622e+03 -1.256580000000016298e+03
2.198813096085409143e+03 -1.691580000000016298e+03
2.212470320284697209e+03 -1.078580000000016298e+03
2.226127544483985275e+03 -1.311580000000016298e+03
2.239784768683273796e+03 -1.672580000000016298e+03
2.253441992882561863e+03 -1.027580000000016298e+03
2.267099217081850384e+03 1.022419999999983702e+03
2.280756441281138450e+03 -7.605800000000162981e+02
2.294413665480426971e+03 -1.806580000000016298e+03
2.308070889679715037e+03 -1.478580000000016298e+03
2.321728113879003104e+03 -5.395800000000162981e+02
2.335385338078291625e+03 -1.350580000000016298e+03
2.349042562277579691e+03 -1.515580000000016298e+03
2.362699786476868212e+03 -2.490580000000016298e+03
2.376357010676156278e+03 -2.463580000000016298e+03
2.390014234875444345e+03 -2.323580000000016298e+03
2.403671459074732866e+03 -1.588580000000016298e+03
2.417328683274020932e+03 -1.930580000000016298e+03
2.430985907473309453e+03 -1.579580000000016298e+03
2.444643131672597519e+03 -1.584580000000016298e+03
2.458300355871886040e+03 -1.643580000000016298e+03
2.471957580071174107e+03 -2.169580000000016298e+03
2.485614804270462173e+03 -1.576580000000016298e+03
2.499272028469750694e+03 -2.260580000000016298e+03
2.512929252669038760e+03 -1.681580000000016298e+03
2.526586476868327281e+03 -1.691580000000016298e+03
2.540243701067615348e+03 -1.882580000000016298e+03
2.553900925266903414e+03 -1.531580000000016298e+03
2.567558149466191935e+03 -2.169580000000016298e+03
2.581215373665480001e+03 -7.195800000000162981e+02
2.594872597864768522e+03 -2.119580000000016298e+03
2.608529822064056589e+03 -1.621580000000016298e+03
2.622187046263345110e+03 -7.015800000000162981e+02
2.635844270462633176e+03 -1.051580000000016298e+03
2.649501494661921242e+03 -4.445800000000162981e+02
2.663158718861209763e+03 -1.053580000000016298e+03
2.676815943060497830e+03 -1.483580000000016298e+03
2.690473167259786351e+03 -1.177580000000016298e+03
2.704130391459074417e+03 -1.543580000000016298e+03
2.717787615658362483e+03 -1.402580000000016298e+03
2.731444839857651004e+03 -1.308580000000016298e+03
2.745102064056939071e+03 -2.040580000000016298e+03
2.758759288256227592e+03 -1.016580000000016298e+03
2.772416512455515658e+03 -1.376580000000016298e+03
2.786073736654803724e+03 -9.135800000000162981e+02
2.799730960854092245e+03 -2.493580000000016298e+03
2.813388185053380312e+03 -2.519580000000016298e+03
2.827045409252668833e+03 -1.859580000000016298e+03
2.840702633451956899e+03 -1.606580000000016298e+03
2.854359857651245420e+03 -2.035580000000016298e+03
2.868017081850533486e+03 -1.871580000000016298e+03
2.881674306049821553e+03 -2.256580000000016298e+03
2.895331530249110074e+03 -1.826580000000016298e+03
2.908988754448398140e+03 -1.628580000000016298e+03
2.922645978647686661e+03 -1.699580000000016298e+03
2.936303202846974727e+03 -2.259580000000016298e+03
2.949960427046262794e+03 -2.217580000000016298e+03
2.963617651245551315e+03 -2.130580000000016298e+03
2.977274875444839381e+03 -2.205580000000016298e+03
2.990932099644127902e+03 -1.289580000000016298e+03
3.004589323843415968e+03 -1.879580000000016298e+03
3.018246548042704489e+03 -2.414580000000016298e+03
3.031903772241992556e+03 -2.320580000000016298e+03
3.045560996441280622e+03 -2.443580000000016298e+03
3.059218220640569143e+03 -1.856580000000016298e+03
3.072875444839857209e+03 -1.345580000000016298e+03
3.086532669039145730e+03 -1.891580000000016298e+03
3.100189893238433797e+03 -1.644580000000016298e+03
3.113847117437721863e+03 -1.723580000000016298e+03
3.127504341637010384e+03 -2.608580000000016298e+03
3.141161565836298450e+03 -1.420580000000016298e+03
3.154818790035586971e+03 -1.207580000000016298e+03
3.168476014234875038e+03 -2.287580000000016298e+03
3.182133238434163104e+03 -2.068580000000016298e+03
3.195790462633451625e+03 -1.712580000000016298e+03
3.209447686832739691e+03 -1.614580000000016298e+03
3.223104911032028213e+03 -1.768580000000016298e+03
3.236762135231316279e+03 -1.630580000000016298e+03
3.250419359430604800e+03 -1.910580000000016298e+03
3.264076583629892866e+03 -2.349580000000016298e+03
3.277733807829180932e+03 -1.780580000000016298e+03
3.291391032028469454e+03 -9.385800000000162981e+02
3.305048256227757520e+03 -1.142580000000016298e+03
3.318705480427046041e+03 -1.694580000000016298e+03
3.332362704626334107e+03 -1.734580000000016298e+03
3.346019928825622173e+03 -1.685580000000016298e+03
3.359677153024910695e+03 -1.856580000000016298e+03
3.373334377224198761e+03 -1.896580000000016298e+03
3.386991601423487282e+03 -2.257580000000016298e+03
3.400648825622775348e+03 -7.555800000000162981e+02
3.414306049822063869e+03 -1.307580000000016298e+03
3.427963274021351936e+03 -1.487580000000016298e+03
3.441620498220640002e+03 -1.840580000000016298e+03
3.455277722419928523e+03 -1.674580000000016298e+03
3.468934946619216589e+03 -1.722580000000016298e+03
3.482592170818505110e+03 -1.315580000000016298e+03
3.496249395017793177e+03 -8.915800000000162981e+02
3.509906619217081243e+03 -1.229580000000016298e+03
3.523563843416369764e+03 -1.625580000000016298e+03
3.537221067615657830e+03 -2.195580000000016298e+03
3.550878291814946351e+03 -2.292580000000016298e+03
3.564535516014234418e+03 -1.393580000000016298e+03
3.578192740213522484e+03 -1.357580000000016298e+03
3.591849964412811005e+03 -1.059580000000016298e+03
3.605507188612099071e+03 -1.017580000000016298e+03
3.619164412811387592e+03 -1.173580000000016298e+03
3.632821637010675659e+03 -1.244580000000016298e+03
3.646478861209964180e+03 -1.452580000000016298e+03
3.660136085409252246e+03 -1.300580000000016298e+03
3.673793309608540312e+03 -1.152580000000016298e+03
3.687450533807828833e+03 -1.340580000000016298e+03
3.701107758007116900e+03 -7.625800000000162981e+02
3.714764982206405421e+03 -7.025800000000162981e+02
3.728422206405693487e+03 -8.565800000000162981e+02
3.742079430604981553e+03 3.334199999999837019e+02
3.755736654804270074e+03 -1.135800000000162981e+02
3.769393879003558141e+03 -1.158580000000016298e+03
3.783051103202846662e+03 -1.130580000000016298e+03
3.796708327402134728e+03 -2.195800000000162981e+02
3.810365551601423249e+03 -3.675800000000162981e+02
3.824022775800711315e+03 -9.945800000000162981e+02
3.837679999999999382e+03 -1.202580000000016298e+03
3.851337224199287903e+03 -9.535800000000162981e+02
3.864994448398575969e+03 -2.345800000000162981e+02
3.878651672597864490e+03 -1.103580000000016298e+03
3.892308896797152556e+03 -7.258000000001629815e+01
3.905966120996440623e+03 3.994199999999837019e+02
3.919623345195729144e+03 -7.685800000000162981e+02
3.933280569395017210e+03 4.384199999999837019e+02
3.946937793594305731e+03 -2.785800000000162981e+02
3.960595017793593797e+03 -4.255800000000162981e+02
3.974252241992881864e+03 -6.705800000000162981e+02
3.987909466192170385e+03 -1.318580000000016298e+03
4.001566690391458451e+03 -1.227580000000016298e+03
4.015223914590746972e+03 -9.335800000000162981e+02
4.028881138790035038e+03 1.204199999999837019e+02
4.042538362989323559e+03 -1.285800000000162981e+02
4.056195587188611626e+03 -6.165800000000162981e+02
4.069852811387899692e+03 -5.975800000000162981e+02
4.083510035587188213e+03 2.164199999999837019e+02
4.097167259786476279e+03 3.714199999999837019e+02
4.110824483985764346e+03 -5.225800000000162981e+02
4.124481708185053321e+03 -4.858000000001629815e+01
4.138138932384341388e+03 2.714199999999837019e+02
4.151796156583629454e+03 1.814199999999837019e+02
4.165453380782917520e+03 1.614199999999837019e+02
4.179110604982205587e+03 5.641999999998370185e+01
4.192767829181494562e+03 7.141999999998370185e+01
4.206425053380782629e+03 1.080419999999983702e+03
4.220082277580070695e+03 1.984199999999837019e+02
4.233739501779358761e+03 4.604199999999837019e+02
4.247396725978646828e+03 2.474199999999837019e+02
4.261053950177935803e+03 5.444199999999837019e+02
4.274711174377223870e+03 1.341999999998370185e+01
4.288368398576511936e+03 2.214199999999837019e+02
4.302025622775800002e+03 4.154199999999837019e+02
4.315682846975088069e+03 2.794199999999837019e+02
4.329340071174377044e+03 3.134199999999837019e+02
4.342997295373665111e+03 -1.355800000000162981e+02
4.356654519572953177e+03 8.654199999999837019e+02
4.370311743772241243e+03 4.794199999999837019e+02
4.383968967971529310e+03 7.694199999999837019e+02
4.397626192170818285e+03 1.251419999999983702e+03
4.411283416370106352e+03 3.801419999999983702e+03
4.424940640569394418e+03 -4.258000000001629815e+01
4.438597864768682484e+03 4.984199999999837019e+02
4.452255088967970551e+03 9.534199999999837019e+02
4.465912313167259526e+03 3.394199999999837019e+02
4.479569537366547593e+03 -1.225800000000162981e+02
4.493226761565835659e+03 7.441999999998370185e+01
4.506883985765123725e+03 3.184199999999837019e+02
4.520541209964412701e+03 8.174199999999837019e+02
4.534198434163700767e+03 9.804199999999837019e+02
4.547855658362988834e+03 1.540419999999983702e+03
4.561512882562276900e+03 5.414199999999837019e+02
4.575170106761564966e+03 1.214419999999983702e+03
4.588827330960853942e+03 4.224199999999837019e+02
4.602484555160142008e+03 3.334199999999837019e+02
4.616141779359430075e+03 1.668419999999983702e+03
4.629799003558718141e+03 1.518419999999983702e+03
4.643456227758006207e+03 8.574199999999837019e+02
4.657113451957295183e+03 1.166419999999983702e+03
4.670770676156583249e+03 1.044419999999983702e+03
4.684427900355871316e+03 6.274199999999837019e+02
4.698085124555159382e+03 1.003419999999983702e+03
4.711742348754447448e+03 5.774199999999837019e+02
4.725399572953736424e+03 1.295419999999983702e+03
4.739056797153024490e+03 5.541999999998370185e+01
4.752714021352312557e+03 1.304199999999837019e+02
4.766371245551600623e+03 5.184199999999837019e+02
4.780028469750888689e+03 8.334199999999837019e+02
4.793685693950177665e+03 1.373419999999983702e+03
4.807342918149465731e+03 2.251419999999983702e+03
4.821000142348753798e+03 7.994199999999837019e+02
4.834657366548041864e+03 8.541999999998370185e+01
4.848314590747329930e+03 1.035419999999983702e+03
4.861971814946618906e+03 3.724199999999837019e+02
4.875629039145906972e+03 1.149419999999983702e+03
4.889286263345195039e+03 3.364199999999837019e+02
4.902943487544483105e+03 6.154199999999837019e+02
4.916600711743772081e+03 4.694199999999837019e+02
4.930257935943060147e+03 3.104199999999837019e+02
4.943915160142348213e+03 1.044199999999837019e+02
4.957572384341636280e+03 -6.005800000000162981e+02
4.971229608540924346e+03 8.814199999999837019e+02
4.984886832740213322e+03 6.174199999999837019e+02
4.998544056939501388e+03 7.994199999999837019e+02
5.012201281138789454e+03 2.004199999999837019e+02
5.025858505338077521e+03 2.014199999999837019e+02
5.039515729537365587e+03 7.994199999999837019e+02
5.053172953736654563e+03 2.604199999999837019e+02
5.066830177935942629e+03 4.494199999999837019e+02
5.080487402135230695e+03 1.819419999999983702e+03
5.094144626334518762e+03 7.404199999999837019e+02
5.107801850533806828e+03 1.816419999999983702e+03
5.121459074733095804e+03 1.138419999999983702e+03
5.135116298932383870e+03 7.684199999999837019e+02
5.148773523131671936e+03 6.174199999999837019e+02
5.162430747330960003e+03 3.114199999999837019e+02
5.176087971530248069e+03 9.441999999998370185e+01
5.189745195729537045e+03 -5.904580000000016298e+03
5.203402419928825111e+03 -1.230658000000001630e+04
5.217059644128113177e+03 -1.244758000000001630e+04
5.230716868327401244e+03 -1.249658000000001630e+04
5.244374092526690220e+03 -1.249158000000001630e+04
5.258031316725978286e+03 -1.228458000000001630e+04
5.271688540925266352e+03 -1.243758000000001630e+04
5.285345765124554418e+03 -1.260058000000001630e+04
5.299002989323842485e+03 -1.242558000000001630e+04
5.312660213523131461e+03 -1.232658000000001630e+04
5.326317437722419527e+03 -1.223258000000001630e+04
5.339974661921707593e+03 -1.258058000000001630e+04
5.353631886120995659e+03 -1.246358000000001630e+04
5.367289110320283726e+03 -1.241358000000001630e+04
5.380946334519572702e+03 -1.267658000000001630e+04
5.394603558718860768e+03 -1.230358000000001630e+04
5.408260782918148834e+03 -1.219058000000001630e+04
5.421918007117436900e+03 -1.248858000000001630e+04
5.435575231316724967e+03 -1.253858000000001630e+04
5.449232455516013943e+03 -1.236558000000001630e+04
5.462889679715302009e+03 -1.241658000000001630e+04
5.476546903914590075e+03 -1.259158000000001630e+04
5.490204128113878141e+03 -1.250258000000001630e+04
5.503861352313166208e+03 -1.247158000000001630e+04
