-2.092020505415162461e+03 -1.294460000000020955e+03
-2.078166064981949603e+03 -6.616460000000020955e+03
-2.064311624548736290e+03 -8.080460000000020955e+03
-2.050457184115523432e+03 -8.733460000000020955e+03
-2.036602743682310575e+03 -8.926460000000020955e+03
-2.022748303249097489e+03 -9.267460000000020955e+03
-2.008893862815884404e+03 -9.435460000000020955e+03
-1.995039422382671546e+03 -9.849460000000020955e+03
-1.981184981949458461e+03 -1.009646000000002095e+04
-1.967330541516245603e+03 -1.003346000000002095e+04
-1.953476101083032518e+03 -1.029846000000002095e+04
-1.939621660649819432e+03 -1.051346000000002095e+04
-1.925767220216606574e+03 -5.155460000000020955e+03
-1.911912779783393489e+03 7.575399999999790452e+02
-1.898058339350180404e+03 -6.094600000000209548e+02
-1.884203898916967546e+03 -3.604600000000209548e+02
-1.870349458483754461e+03 -7.594600000000209548e+02
-1.856495018050541603e+03 -3.614600000000209548e+02
-1.842640577617328518e+03 -6.674600000000209548e+02
-1.828786137184115432e+03 -9.834600000000209548e+02
-1.814931696750902574e+03 -7.294600000000209548e+02
-1.801077256317689489e+03 -5.294600000000209548e+02
-1.787222815884476631e+03 -8.344600000000209548e+02
-1.773368375451263546e+03 1.739539999999979045e+03
-1.759513935018050461e+03 -1.716460000000020955e+03
-1.745659494584837603e+03 -1.018460000000020955e+03
-1.731805054151624518e+03 -5.094600000000209548e+02
-1.717950613718411660e+03 -2.145460000000020955e+03
-1.704096173285198574e+03 -9.704600000000209548e+02
-1.690241732851985489e+03 -1.692460000000020955e+03
-1.676387292418772631e+03 -1.389460000000020955e+03
-1.662532851985559546e+03 -1.778460000000020955e+03
-1.648678411552346688e+03 -1.739460000000020955e+03
-1.634823971119133603e+03 -2.056460000000020955e+03
-1.620969530685920517e+03 -2.250460000000020955e+03
-1.607115090252707660e+03 4.175399999999790452e+02
-1.593260649819494574e+03 1.321553999999997905e+04
-1.579406209386281489e+03 -1.969460000000020955e+03
-1.565551768953068631e+03 -9.464600000000209548e+02
-1.551697328519855546e+03 -2.291460000000020955e+03
-1.537842888086642688e+03 -1.542460000000020955e+03
-1.523988447653429603e+03 -2.436460000000020955e+03
-1.510134007220216517e+03 -1.314460000000020955e+03
-1.496279566787003660e+03 -1.774460000000020955e+03
-1.482425126353790574e+03 -1.888460000000020955e+03
-1.468570685920577716e+03 -2.049460000000020955e+03
-1.454716245487364631e+03 -1.527460000000020955e+03
-1.440861805054151546e+03 -3.494600000000209548e+02
-1.427007364620938688e+03 -1.883460000000020955e+03
-1.413152924187725603e+03 -1.749460000000020955e+03
-1.399298483754512745e+03 -2.036460000000020955e+03
-1.385444043321299660e+03 -1.842460000000020955e+03
-1.371589602888086574e+03 -2.139460000000020955e+03
-1.357735162454873716e+03 -1.234460000000020955e+03
-1.343880722021660631e+03 -1.280460000000020955e+03
-1.330026281588447546e+03 -2.193460000000020955e+03
-1.316171841155234688e+03 -1.714460000000020955e+03
-1.302317400722021603e+03 -1.821460000000020955e+03
-1.288462960288808745e+03 -2.056460000000020955e+03
-1.274608519855595659e+03 -2.466460000000020955e+03
-1.260754079422382574e+03 -2.398460000000020955e+03
-1.246899638989169716e+03 -1.836460000000020955e+03
-1.233045198555956631e+03 -2.378460000000020955e+03
-1.219190758122743773e+03 -2.085460000000020955e+03
-1.205336317689530688e+03 -1.988460000000020955e+03
-1.191481877256317603e+03 -1.455460000000020955e+03
-1.177627436823104745e+03 -2.706460000000020955e+03
-1.163772996389891659e+03 -1.992460000000020955e+03
-1.149918555956678802e+03 -2.120460000000020955e+03
-1.136064115523465716e+03 -1.837460000000020955e+03
-1.122209675090252631e+03 -2.078460000000020955e+03
-1.108355234657039773e+03 -2.442460000000020955e+03
-1.094500794223826688e+03 -1.692460000000020955e+03
-1.080646353790613830e+03 -1.388460000000020955e+03
-1.066791913357400745e+03 -2.045460000000020955e+03
-1.052937472924187659e+03 -2.566460000000020955e+03
-1.039083032490974801e+03 -1.826460000000020955e+03
-1.025228592057761716e+03 -1.644460000000020955e+03
-1.011374151624548745e+03 -2.105460000000020955e+03
-9.975197111913357730e+02 -1.900460000000020955e+03
-9.836652707581228015e+02 -1.858460000000020955e+03
-9.698108303249097162e+02 -2.417460000000020955e+03
-9.559563898916967446e+02 -1.307460000000020955e+03
-9.421019494584837730e+02 -1.991460000000020955e+03
-9.282475090252708014e+02 -1.786460000000020955e+03
-9.143930685920577162e+02 -1.949460000000020955e+03
-9.005386281588447446e+02 -1.691460000000020955e+03
-8.866841877256317730e+02 -1.526460000000020955e+03
-8.728297472924188014e+02 -1.000460000000020955e+03
-8.589753068592058298e+02 -1.546460000000020955e+03
-8.451208664259927446e+02 -1.557460000000020955e+03
-8.312664259927797730e+02 -1.542460000000020955e+03
-8.174119855595668014e+02 -1.636460000000020955e+03
-8.035575451263538298e+02 -1.569460000000020955e+03
-7.897031046931407445e+02 -2.133460000000020955e+03
-7.758486642599277729e+02 -1.899460000000020955e+03
-7.619942238267148014e+02 -1.809460000000020955e+03
-7.481397833935018298e+02 -1.472460000000020955e+03
-7.342853429602888582e+02 -1.515460000000020955e+03
-7.204309025270757729e+02 -1.815460000000020955e+03
-7.065764620938628013e+02 -1.747460000000020955e+03
-6.927220216606498298e+02 -2.891460000000020955e+03
-6.788675812274368582e+02 -2.020460000000020955e+03
-6.650131407942237729e+02 -1.899460000000020955e+03
-6.511587003610108013e+02 -1.690460000000020955e+03
-6.373042599277978297e+02 -9.164600000000209548e+02
-6.234498194945848581e+02 -1.551460000000020955e+03
-6.095953790613718866e+02 -2.216460000000020955e+03
-5.957409386281588013e+02 -2.295460000000020955e+03
-5.818864981949458297e+02 -1.723460000000020955e+03
-5.680320577617328581e+02 -2.412460000000020955e+03
-5.541776173285198865e+02 -2.070460000000020955e+03
-5.403231768953069150e+02 -1.636460000000020955e+03
-5.264687364620938297e+02 -2.558460000000020955e+03
-5.126142960288808581e+02 -2.037460000000020955e+03
-4.987598555956678865e+02 -2.633460000000020955e+03
-4.849054151624548581e+02 -2.601460000000020955e+03
-4.710509747292418865e+02 -2.826460000000020955e+03
-4.571965342960288581e+02 -1.424460000000020955e+03
-4.433420938628158865e+02 -2.756460000000020955e+03
-4.294876534296029149e+02 -2.054460000000020955e+03
-4.156332129963898865e+02 -2.408460000000020955e+03
-4.017787725631769149e+02 -2.229460000000020955e+03
-3.879243321299638865e+02 -2.793460000000020955e+03
-3.740698916967509149e+02 -2.072460000000020955e+03
-3.602154512635378865e+02 -2.580460000000020955e+03
-3.463610108303249149e+02 -2.318460000000020955e+03
-3.325065703971118865e+02 -2.642460000000020955e+03
-3.186521299638989149e+02 -2.170460000000020955e+03
-3.047976895306859433e+02 -2.365460000000020955e+03
-2.909432490974729149e+02 -2.954460000000020955e+03
-2.770888086642599433e+02 -2.527460000000020955e+03
-2.632343682310469148e+02 -3.246460000000020955e+03
-2.493799277978339433e+02 -2.967460000000020955e+03
-2.355254873646209433e+02 -1.846460000000020955e+03
-2.216710469314079432e+02 -2.480460000000020955e+03
-2.078166064981949432e+02 -3.030460000000020955e+03
-1.939621660649819432e+02 -2.002460000000020955e+03
-1.801077256317689432e+02 -1.986460000000020955e+03
-1.662532851985559432e+02 -2.698460000000020955e+03
-1.523988447653429716e+02 -2.168460000000020955e+03
-1.385444043321299716e+02 -1.942460000000020955e+03
-1.246899638989169716e+02 -1.514460000000020955e+03
-1.108355234657039716e+02 -2.227460000000020955e+03
-9.698108303249097162e+01 -1.604460000000020955e+03
-8.312664259927797161e+01 -1.754600000000209548e+02
-6.927220216606498582e+01 9.575399999999790452e+02
-5.541776173285198581e+01 4.817539999999979045e+03
-4.156332129963898581e+01 1.162753999999997905e+04
-2.770888086642599291e+01 2.653753999999997905e+04
-1.385444043321299645e+01 5.361953999999997905e+04
0.000000000000000000e+00 9.310553999999997905e+04
1.385444043321299645e+01 1.563735399999999790e+05
2.770888086642599291e+01 2.410765399999999790e+05
4.156332129963898581e+01 3.552865399999999790e+05
5.541776173285198581e+01 5.018525399999999790e+05
6.927220216606498582e+01 6.773575400000000373e+05
8.312664259927797161e+01 8.680525400000000373e+05
9.698108303249097162e+01 1.068258540000000037e+06
1.108355234657039716e+02 1.292875540000000037e+06
1.246899638989169716e+02 1.534939540000000037e+06
1.385444043321299716e+02 1.767352540000000037e+06
1.523988447653429716e+02 2.012820540000000037e+06
1.662532851985559432e+02 2.247330540000000037e+06
1.801077256317689432e+02 2.462972540000000037e+06
1.939621660649819432e+02 2.693050540000000037e+06
2.078166064981949432e+02 2.912046540000000037e+06
2.216710469314079432e+02 3.112444540000000037e+06
2.355254873646209433e+02 3.300370540000000037e+06
2.493799277978339433e+02 3.479756540000000037e+06
2.632343682310469148e+02 3.624694540000000037e+06
2.770888086642599433e+02 3.743065540000000037e+06
2.909432490974729149e+02 3.864827540000000037e+06
3.047976895306859433e+02 3.953543540000000037e+06
3.186521299638989149e+02 4.017388540000000037e+06
3.325065703971118865e+02 4.082384540000000037e+06
3.463610108303249149e+02 4.115495540000000037e+06
3.602154512635378865e+02 4.145761540000000037e+06
3.740698916967509149e+02 4.142850540000000037e+06
3.879243321299638865e+02 4.157869540000000037e+06
4.017787725631769149e+02 4.173996540000000037e+06
4.156332129963898865e+02 4.154293540000000037e+06
4.294876534296029149e+02 4.179664540000000037e+06
4.433420938628158865e+02 4.197686540000000037e+06
4.571965342960288581e+02 4.188974540000000037e+06
4.710509747292418865e+02 4.154801540000000037e+06
4.849054151624548581e+02 4.148552540000000037e+06
4.987598555956678865e+02 4.168564540000000037e+06
5.126142960288808581e+02 4.182923540000000037e+06
5.264687364620938297e+02 4.152386540000000037e+06
5.403231768953069150e+02 4.116848540000000037e+06
5.541776173285198865e+02 4.098299540000000037e+06
5.680320577617328581e+02 4.104710540000000037e+06
5.818864981949458297e+02 4.090918540000000037e+06
5.957409386281588013e+02 4.082999540000000037e+06
6.095953790613718866e+02 4.064492540000000037e+06
6.234498194945848581e+02 4.040022540000000037e+06
6.373042599277978297e+02 4.024666540000000037e+06
6.511587003610108013e+02 4.013128540000000037e+06
6.650131407942237729e+02 3.967947540000000037e+06
6.788675812274368582e+02 3.913288540000000037e+06
6.927220216606498298e+02 3.841931540000000037e+06
7.065764620938628013e+02 3.743893540000000037e+06
7.204309025270757729e+02 3.627186540000000037e+06
7.342853429602888582e+02 3.494589540000000037e+06
7.481397833935018298e+02 3.322137540000000037e+06
7.619942238267148014e+02 3.098098540000000037e+06
7.758486642599277729e+02 2.863219540000000037e+06
7.897031046931407445e+02 2.604997540000000037e+06
8.035575451263538298e+02 2.340173540000000037e+06
8.174119855595668014e+02 2.078934540000000037e+06
8.312664259927797730e+02 1.816062540000000037e+06
8.451208664259927446e+02 1.553035540000000037e+06
8.589753068592058298e+02 1.322504540000000037e+06
8.728297472924188014e+02 1.106185540000000037e+06
8.866841877256317730e+02 9.104445400000000373e+05
9.005386281588447446e+02 7.374185400000000373e+05
9.143930685920577162e+02 5.808555400000000373e+05
9.282475090252708014e+02 4.398475399999999790e+05
9.421019494584837730e+02 3.241745399999999790e+05
9.559563898916967446e+02 2.318055399999999790e+05
9.698108303249097162e+02 1.627715399999999790e+05
9.836652707581228015e+02 1.116795399999999790e+05
9.975197111913357730e+02 7.867153999999997905e+04
1.011374151624548745e+03 5.905453999999997905e+04
1.025228592057761716e+03 4.804553999999997905e+04
1.039083032490974801e+03 4.093153999999997905e+04
1.052937472924187659e+03 3.708853999999997905e+04
1.066791913357400745e+03 3.585053999999997905e+04
1.080646353790613830e+03 3.431553999999997905e+04
1.094500794223826688e+03 3.245753999999997905e+04
1.108355234657039773e+03 3.228253999999997905e+04
1.122209675090252631e+03 3.133553999999997905e+04
1.136064115523465716e+03 3.036253999999997905e+04
1.149918555956678802e+03 2.957053999999997905e+04
1.163772996389891659e+03 3.041753999999997905e+04
1.177627436823104745e+03 2.853153999999997905e+04
1.191481877256317603e+03 2.763153999999997905e+04
1.205336317689530688e+03 2.837053999999997905e+04
1.219190758122743773e+03 2.517453999999997905e+04
1.233045198555956631e+03 2.408553999999997905e+04
1.246899638989169716e+03 2.272453999999997905e+04
1.260754079422382574e+03 1.892253999999997905e+04
1.274608519855595659e+03 1.681653999999997905e+04
1.288462960288808745e+03 1.611853999999997905e+04
1.302317400722021603e+03 1.437753999999997905e+04
1.316171841155234688e+03 1.353853999999997905e+04
1.330026281588447546e+03 1.281153999999997905e+04
1.343880722021660631e+03 1.413253999999997905e+04
1.357735162454873716e+03 1.126353999999997905e+04
1.371589602888086574e+03 1.016953999999997905e+04
1.385444043321299660e+03 8.827539999999979045e+03
1.399298483754512745e+03 7.629539999999979045e+03
1.413152924187725603e+03 6.681539999999979045e+03
1.427007364620938688e+03 6.700539999999979045e+03
1.440861805054151546e+03 7.114539999999979045e+03
1.454716245487364631e+03 7.115539999999979045e+03
1.468570685920577716e+03 4.339539999999979045e+03
1.482425126353790574e+03 4.382539999999979045e+03
1.496279566787003660e+03 2.459539999999979045e+03
1.510134007220216517e+03 2.100539999999979045e+03
1.523988447653429603e+03 2.025539999999979045e+03
1.537842888086642688e+03 1.935539999999979045e+03
1.551697328519855546e+03 1.857539999999979045e+03
1.565551768953068631e+03 6.355399999999790452e+02
1.579406209386281489e+03 1.166539999999979045e+03
1.593260649819494574e+03 5.985399999999790452e+02
1.607115090252707660e+03 5.425399999999790452e+02
1.620969530685920517e+03 5.305399999999790452e+02
1.634823971119133603e+03 -1.094600000000209548e+02
1.648678411552346688e+03 -1.924600000000209548e+02
1.662532851985559546e+03 -3.614600000000209548e+02
1.676387292418772631e+03 -6.774600000000209548e+02
1.690241732851985489e+03 -8.534600000000209548e+02
1.704096173285198574e+03 -1.217460000000020955e+03
1.717950613718411660e+03 -8.694600000000209548e+02
1.731805054151624518e+03 -1.261460000000020955e+03
1.745659494584837603e+03 -2.186460000000020955e+03
1.759513935018050461e+03 -1.660460000000020955e+03
1.773368375451263546e+03 -1.746460000000020955e+03
1.787222815884476631e+03 -1.894460000000020955e+03
1.801077256317689489e+03 -7.244600000000209548e+02
1.814931696750902574e+03 -6.254600000000209548e+02
1.828786137184115432e+03 -1.391460000000020955e+03
1.842640577617328518e+03 -1.720460000000020955e+03
1.856495018050541603e+03 -1.176460000000020955e+03
1.870349458483754461e+03 -1.992460000000020955e+03
1.884203898916967546e+03 -1.485460000000020955e+03
1.898058339350180404e+03 -1.711460000000020955e+03
1.911912779783393489e+03 -2.309460000000020955e+03
1.925767220216606574e+03 -1.374460000000020955e+03
1.939621660649819432e+03 -1.594460000000020955e+03
1.953476101083032518e+03 -1.719460000000020955e+03
1.967330541516245603e+03 -1.679460000000020955e+03
1.981184981949458461e+03 -1.800460000000020955e+03
1.995039422382671546e+03 -2.211460000000020955e+03
2.008893862815884404e+03 -1.297460000000020955e+03
2.022748303249097489e+03 -1.442460000000020955e+03
2.036602743682310575e+03 -1.561460000000020955e+03
2.050457184115523432e+03 -1.924460000000020955e+03
2.064311624548736290e+03 -1.860460000000020955e+03
2.078166064981949603e+03 -1.022460000000020955e+03
2.092020505415162461e+03 -1.979460000000020955e+03
2.105874945848375319e+03 -1.483460000000020955e+03
2.119729386281588631e+03 -2.036460000000020955e+03
2.133583826714801489e+03 -1.966460000000020955e+03
2.147438267148014347e+03 -1.208460000000020955e+03
2.161292707581227660e+03 -2.037460000000020955e+03
2.175147148014440518e+03 -2.353460000000020955e+03
2.189001588447653376e+03 -1.558460000000020955e+03
2.202856028880866234e+03 -1.414460000000020955e+03
2.216710469314079546e+03 -2.183460000000020955e+03
2.230564909747292404e+03 -2.837460000000020955e+03
2.244419350180505262e+03 -1.833460000000020955e+03
2.258273790613718575e+03 -1.475460000000020955e+03
2.272128231046931433e+03 -1.792460000000020955e+03
2.285982671480144290e+03 -1.932460000000020955e+03
2.299837111913357603e+03 -2.378460000000020955e+03
2.313691552346570461e+03 -2.230460000000020955e+03
2.327545992779783319e+03 -2.534460000000020955e+03
2.341400433212996177e+03 -2.226460000000020955e+03
2.355254873646209489e+03 -2.427460000000020955e+03
2.369109314079422347e+03 -2.112460000000020955e+03
2.382963754512635205e+03 -1.942460000000020955e+03
2.396818194945848518e+03 -2.495460000000020955e+03
2.410672635379061376e+03 -2.409460000000020955e+03
2.424527075812274234e+03 -1.339460000000020955e+03
2.438381516245487546e+03 -1.999460000000020955e+03
2.452235956678700404e+03 -1.727460000000020955e+03
2.466090397111913262e+03 -1.622460000000020955e+03
2.479944837545126575e+03 -2.459460000000020955e+03
2.493799277978339433e+03 -1.884460000000020955e+03
2.507653718411552290e+03 -2.611460000000020955e+03
2.521508158844765148e+03 -1.416460000000020955e+03
2.535362599277978461e+03 -2.829460000000020955e+03
2.549217039711191319e+03 -2.034460000000020955e+03
2.563071480144404177e+03 4.214539999999979045e+03
2.576925920577617489e+03 -1.675460000000020955e+03
2.590780361010830347e+03 -4.324600000000209548e+02
2.604634801444043205e+03 -6.044600000000209548e+02
2.618489241877256518e+03 -2.088460000000020955e+03
2.632343682310469376e+03 -2.136460000000020955e+03
2.646198122743682234e+03 -2.112460000000020955e+03
2.660052563176895092e+03 -1.845460000000020955e+03
2.673907003610108404e+03 -1.924460000000020955e+03
2.687761444043321262e+03 -2.500460000000020955e+03
2.701615884476534120e+03 -1.706460000000020955e+03
2.715470324909747433e+03 -2.563460000000020955e+03
2.729324765342960291e+03 -2.200460000000020955e+03
2.743179205776173148e+03 -2.623460000000020955e+03
2.757033646209386461e+03 -2.319460000000020955e+03
2.770888086642599319e+03 -1.914460000000020955e+03
2.784742527075812177e+03 -1.751460000000020955e+03
2.798596967509025490e+03 -2.288460000000020955e+03
2.812451407942238347e+03 -1.508460000000020955e+03
2.826305848375451205e+03 -2.077460000000020955e+03
2.840160288808664063e+03 -2.281460000000020955e+03
2.854014729241877376e+03 -1.589460000000020955e+03
2.867869169675090234e+03 -2.478460000000020955e+03
2.881723610108303092e+03 -2.912460000000020955e+03
2.895578050541516404e+03 -3.304460000000020955e+03
2.909432490974729262e+03 -2.216460000000020955e+03
2.923286931407942120e+03 -1.752460000000020955e+03
2.937141371841155433e+03 -1.968460000000020955e+03
2.950995812274368291e+03 -2.165460000000020955e+03
2.964850252707581149e+03 -2.546460000000020955e+03
2.978704693140794461e+03 -2.433460000000020955e+03
2.992559133574007319e+03 -2.492460000000020955e+03
3.006413574007220177e+03 -1.567460000000020955e+03
3.020268014440433035e+03 -1.440460000000020955e+03
3.034122454873646348e+03 -1.883460000000020955e+03
3.047976895306859205e+03 -1.967460000000020955e+03
3.061831335740072063e+03 -2.021460000000020955e+03
3.075685776173285376e+03 -2.384460000000020955e+03
3.089540216606498234e+03 -1.844460000000020955e+03
3.103394657039711092e+03 -1.648460000000020955e+03
3.117249097472924404e+03 -2.980460000000020955e+03
3.131103537906137262e+03 -3.031460000000020955e+03
3.144957978339350120e+03 -1.937460000000020955e+03
3.158812418772562978e+03 -1.684460000000020955e+03
3.172666859205776291e+03 -2.296460000000020955e+03
3.186521299638989149e+03 -2.602460000000020955e+03
3.200375740072202007e+03 -2.084460000000020955e+03
3.214230180505415319e+03 -2.469460000000020955e+03
3.228084620938628177e+03 -2.191460000000020955e+03
3.241939061371841035e+03 -1.514460000000020955e+03
3.255793501805054348e+03 -1.319460000000020955e+03
3.269647942238267206e+03 -1.568460000000020955e+03
3.283502382671480063e+03 -1.702460000000020955e+03
3.297356823104693376e+03 -1.823460000000020955e+03
3.311211263537906234e+03 -2.112460000000020955e+03
3.325065703971119092e+03 -1.370460000000020955e+03
3.338920144404331950e+03 -1.233460000000020955e+03
3.352774584837545262e+03 -5.114600000000209548e+02
3.366629025270758120e+03 -1.911460000000020955e+03
3.380483465703970978e+03 -1.872460000000020955e+03
3.394337906137184291e+03 -1.347460000000020955e+03
3.408192346570397149e+03 -1.387460000000020955e+03
3.422046787003610007e+03 -1.773460000000020955e+03
3.435901227436823319e+03 -1.769460000000020955e+03
3.449755667870036177e+03 -1.413460000000020955e+03
3.463610108303249035e+03 -2.184460000000020955e+03
3.477464548736461893e+03 -1.659460000000020955e+03
3.491318989169675206e+03 -2.089460000000020955e+03
3.505173429602888064e+03 -1.957460000000020955e+03
3.519027870036100921e+03 -1.544460000000020955e+03
3.532882310469314234e+03 -1.199460000000020955e+03
3.546736750902527092e+03 -5.064600000000209548e+02
3.560591191335739950e+03 -1.829460000000020955e+03
3.574445631768953263e+03 -1.479460000000020955e+03
3.588300072202166120e+03 -1.330460000000020955e+03
3.602154512635378978e+03 -1.826460000000020955e+03
3.616008953068592291e+03 -1.145460000000020955e+03
3.629863393501805149e+03 -8.794600000000209548e+02
3.643717833935018007e+03 -1.526460000000020955e+03
3.657572274368230865e+03 -2.946000000002095476e+01
3.671426714801444177e+03 -7.004600000000209548e+02
3.685281155234657035e+03 -1.238460000000020955e+03
3.699135595667869893e+03 -2.734600000000209548e+02
3.712990036101083206e+03 -1.025460000000020955e+03
3.726844476534296064e+03 -1.303460000000020955e+03
3.740698916967508922e+03 -1.305460000000020955e+03
3.754553357400722234e+03 -4.284600000000209548e+02
3.768407797833935092e+03 -9.714600000000209548e+02
3.782262238267147950e+03 -6.714600000000209548e+02
3.796116678700360808e+03 -6.594600000000209548e+02
3.809971119133574120e+03 -8.174600000000209548e+02
3.823825559566786978e+03 1.015399999999790452e+02
3.837679999999999836e+03 -8.894600000000209548e+02
3.851534440433213149e+03 -1.334600000000209548e+02
3.865388880866426007e+03 -4.764600000000209548e+02
3.879243321299638865e+03 -7.874600000000209548e+02
3.893097761732852177e+03 4.515399999999790452e+02
3.906952202166065035e+03 -7.754600000000209548e+02
3.920806642599277893e+03 -4.504600000000209548e+02
3.934661083032491206e+03 -3.724600000000209548e+02
3.948515523465704064e+03 -1.039460000000020955e+03
3.962369963898916922e+03 -7.834600000000209548e+02
3.976224404332129780e+03 -5.394600000000209548e+02
3.990078844765343092e+03 2.545399999999790452e+02
4.003933285198555950e+03 -1.884600000000209548e+02
4.017787725631768808e+03 -4.354600000000209548e+02
4.031642166064982121e+03 9.695399999999790452e+02
4.045496606498194978e+03 -3.394600000000209548e+02
4.059351046931407836e+03 1.539999999979045242e+00
4.073205487364621149e+03 -7.654600000000209548e+02
4.087059927797834007e+03 -6.814600000000209548e+02
4.100914368231046865e+03 -5.564600000000209548e+02
4.114768808664260177e+03 -6.934600000000209548e+02
4.128623249097472581e+03 4.965399999999790452e+02
4.142477689530685893e+03 5.245399999999790452e+02
4.156332129963899206e+03 5.145399999999790452e+02
4.170186570397111609e+03 1.398539999999979045e+03
4.184041010830324922e+03 6.095399999999790452e+02
4.197895451263538234e+03 3.525399999999790452e+02
4.211749891696750637e+03 -1.564600000000209548e+02
4.225604332129963950e+03 6.175399999999790452e+02
4.239458772563177263e+03 7.053999999997904524e+01
4.253313212996389666e+03 2.485399999999790452e+02
4.267167653429602979e+03 2.355399999999790452e+02
4.281022093862816291e+03 -9.460000000020954758e+00
4.294876534296028694e+03 3.265399999999790452e+02
4.308730974729242007e+03 7.295399999999790452e+02
4.322585415162455320e+03 6.945399999999790452e+02
4.336439855595667723e+03 1.395399999999790452e+02
4.350294296028881035e+03 7.335399999999790452e+02
4.364148736462093439e+03 7.825399999999790452e+02
4.378003176895306751e+03 3.884539999999979045e+03
4.391857617328520064e+03 2.145399999999790452e+02
4.405712057761732467e+03 -5.246000000002095476e+01
4.419566498194945780e+03 6.495399999999790452e+02
4.433420938628159092e+03 1.055399999999790452e+02
4.447275379061371495e+03 -2.934600000000209548e+02
4.461129819494584808e+03 7.305399999999790452e+02
4.474984259927798121e+03 5.605399999999790452e+02
4.488838700361010524e+03 6.625399999999790452e+02
4.502693140794223837e+03 6.065399999999790452e+02
4.516547581227437149e+03 1.615539999999979045e+03
4.530402021660649552e+03 8.975399999999790452e+02
4.544256462093862865e+03 9.395399999999790452e+02
4.558110902527076178e+03 1.265399999999790452e+02
4.571965342960288581e+03 4.905399999999790452e+02
4.585819783393501893e+03 1.769539999999979045e+03
4.599674223826715206e+03 2.163539999999979045e+03
4.613528664259927609e+03 1.149539999999979045e+03
4.627383104693140922e+03 1.062539999999979045e+03
4.641237545126354235e+03 1.340539999999979045e+03
4.655091985559566638e+03 1.273539999999979045e+03
4.668946425992779950e+03 1.315539999999979045e+03
4.682800866425992353e+03 7.185399999999790452e+02
4.696655306859205666e+03 2.332539999999979045e+03
4.710509747292418979e+03 7.955399999999790452e+02
4.724364187725631382e+03 7.045399999999790452e+02
4.738218628158844695e+03 1.076539999999979045e+03
4.752073068592058007e+03 9.705399999999790452e+02
4.765927509025270410e+03 8.295399999999790452e+02
4.779781949458483723e+03 1.376539999999979045e+03
4.793636389891697036e+03 5.355399999999790452e+02
4.807490830324909439e+03 3.995399999999790452e+02
4.821345270758122751e+03 8.645399999999790452e+02
4.835199711191336064e+03 1.353999999997904524e+01
4.849054151624548467e+03 6.735399999999790452e+02
4.862908592057761780e+03 -2.994600000000209548e+02
4.876763032490975093e+03 2.045399999999790452e+02
4.890617472924187496e+03 4.485399999999790452e+02
4.904471913357400808e+03 5.635399999999790452e+02
4.918326353790614121e+03 6.875399999999790452e+02
4.932180794223826524e+03 3.835399999999790452e+02
4.946035234657039837e+03 1.472539999999979045e+03
4.959889675090253149e+03 1.040539999999979045e+03
4.973744115523465553e+03 1.060539999999979045e+03
4.987598555956678865e+03 5.125399999999790452e+02
5.001452996389891268e+03 6.465399999999790452e+02
5.015307436823104581e+03 1.211539999999979045e+03
5.029161877256317894e+03 7.945399999999790452e+02
5.043016317689530297e+03 4.055399999999790452e+02
5.056870758122743609e+03 1.565539999999979045e+03
5.070725198555956922e+03 1.322539999999979045e+03
5.084579638989169325e+03 1.548539999999979045e+03
5.098434079422382638e+03 1.013539999999979045e+03
5.112288519855595951e+03 1.259539999999979045e+03
5.126142960288808354e+03 9.525399999999790452e+02
5.139997400722021666e+03 4.105399999999790452e+02
5.153851841155234979e+03 2.695399999999790452e+02
5.167706281588447382e+03 -5.392460000000020955e+03
5.181560722021660695e+03 -1.208746000000002095e+04
5.195415162454874007e+03 -1.198846000000002095e+04
5.209269602888086411e+03 -1.215746000000002095e+04
5.223124043321299723e+03 -1.213846000000002095e+04
5.236978483754513036e+03 -1.222346000000002095e+04
5.250832924187725439e+03 -1.232646000000002095e+04
5.264687364620938752e+03 -1.221946000000002095e+04
5.278541805054152064e+03 -1.226646000000002095e+04
5.292396245487364467e+03 -1.191446000000002095e+04
5.306250685920577780e+03 -1.212946000000002095e+04
5.320105126353790183e+03 -1.211246000000002095e+04
5.333959566787003496e+03 -1.213246000000002095e+04
5.347814007220216808e+03 -1.219746000000002095e+04
5.361668447653429212e+03 -1.227446000000002095e+04
5.375522888086642524e+03 -1.214546000000002095e+04
5.389377328519855837e+03 -1.224846000000002095e+04
5.403231768953068240e+03 -1.215046000000002095e+04
5.417086209386281553e+03 -1.207746000000002095e+04
5.430940649819494865e+03 -1.208946000000002095e+04
5.444795090252707269e+03 -1.212946000000002095e+04
5.458649530685920581e+03 -1.245946000000002095e+04
5.472503971119133894e+03 -1.197546000000002095e+04
5.486358411552346297e+03 -1.213946000000002095e+04
