-2.063268817204301286e+03 -9.984899999999906868e+02
-2.049513691756272692e+03 -6.715489999999990687e+03
-2.035758566308243871e+03 -7.749489999999990687e+03
-2.022003440860215278e+03 -8.429489999999990687e+03
-2.008248315412186457e+03 -8.592489999999990687e+03
-1.994493189964157864e+03 -9.077489999999990687e+03
-1.980738064516129270e+03 -9.290489999999990687e+03
-1.966982939068100450e+03 -9.433489999999990687e+03
-1.953227813620071856e+03 -9.822489999999990687e+03
-1.939472688172043263e+03 -9.862489999999990687e+03
-1.925717562724014442e+03 -1.009948999999999069e+04
-1.911962437275985849e+03 -1.028748999999999069e+04
-1.898207311827957255e+03 -5.231489999999990687e+03
-1.884452186379928435e+03 -1.174899999999906868e+02
-1.870697060931899841e+03 -7.384899999999906868e+02
-1.856941935483871248e+03 -7.064899999999906868e+02
-1.843186810035842427e+03 -9.704899999999906868e+02
-1.829431684587813834e+03 7.651000000000931323e+01
-1.815676559139785013e+03 -8.654899999999906868e+02
-1.801921433691756420e+03 -1.065489999999990687e+03
-1.788166308243727826e+03 -1.083489999999990687e+03
-1.774411182795699006e+03 -9.564899999999906868e+02
-1.760656057347670412e+03 -1.106489999999990687e+03
-1.746900931899641819e+03 1.550510000000009313e+03
-1.733145806451612998e+03 -1.709489999999990687e+03
-1.719390681003584405e+03 -1.446489999999990687e+03
-1.705635555555555811e+03 -3.444899999999906868e+02
-1.691880430107526990e+03 -1.996489999999990687e+03
-1.678125304659498397e+03 -7.084899999999906868e+02
-1.664370179211469576e+03 -1.458489999999990687e+03
-1.650615053763440983e+03 -1.085489999999990687e+03
-1.636859928315412390e+03 -1.137489999999990687e+03
-1.623104802867383569e+03 -1.629489999999990687e+03
-1.609349677419354975e+03 -2.015489999999990687e+03
-1.595594551971326382e+03 -2.455489999999990687e+03
-1.581839426523297561e+03 -1.730489999999990687e+03
-1.568084301075268968e+03 -1.875489999999990687e+03
-1.554329175627240375e+03 -1.395489999999990687e+03
-1.540574050179211554e+03 -8.184899999999906868e+02
-1.526818924731182960e+03 -2.226489999999990687e+03
-1.513063799283154367e+03 -1.668489999999990687e+03
-1.499308673835125546e+03 -2.344489999999990687e+03
-1.485553548387096953e+03 5.865100000000093132e+02
-1.471798422939068132e+03 -1.272489999999990687e+03
-1.458043297491039539e+03 -1.489489999999990687e+03
-1.444288172043010945e+03 1.918510000000009313e+03
-1.430533046594982125e+03 -1.333489999999990687e+03
-1.416777921146953531e+03 2.615100000000093132e+02
-1.403022795698924938e+03 -1.813489999999990687e+03
-1.389267670250896117e+03 -1.707489999999990687e+03
-1.375512544802867524e+03 -2.038489999999990687e+03
-1.361757419354838930e+03 -1.872489999999990687e+03
-1.348002293906810110e+03 -1.848489999999990687e+03
-1.334247168458781516e+03 -1.230489999999990687e+03
-1.320492043010752695e+03 -8.724899999999906868e+02
-1.306736917562724102e+03 -2.018489999999990687e+03
-1.292981792114695509e+03 -1.595489999999990687e+03
-1.279226666666666688e+03 -1.682489999999990687e+03
-1.265471541218638095e+03 -2.332489999999990687e+03
-1.251716415770609501e+03 -2.381489999999990687e+03
-1.237961290322580680e+03 -1.886489999999990687e+03
-1.224206164874552087e+03 -1.509489999999990687e+03
-1.210451039426523494e+03 -1.971489999999990687e+03
-1.196695913978494673e+03 -1.538489999999990687e+03
-1.182940788530466079e+03 -1.587489999999990687e+03
-1.169185663082437486e+03 -1.401489999999990687e+03
-1.155430537634408665e+03 -2.326489999999990687e+03
-1.141675412186380072e+03 -1.606489999999990687e+03
-1.127920286738351251e+03 -2.058489999999990687e+03
-1.114165161290322658e+03 -1.639489999999990687e+03
-1.100410035842294064e+03 -2.214489999999990687e+03
-1.086654910394265244e+03 -2.669489999999990687e+03
-1.072899784946236650e+03 -1.599489999999990687e+03
-1.059144659498208057e+03 -9.614899999999906868e+02
-1.045389534050179236e+03 -1.611489999999990687e+03
-1.031634408602150643e+03 -2.267489999999990687e+03
-1.017879283154121936e+03 -1.669489999999990687e+03
-1.004124157706093229e+03 -1.475489999999990687e+03
-9.903690322580646352e+02 -2.062489999999990687e+03
-9.766139068100359282e+02 -1.832489999999990687e+03
-9.628587813620072211e+02 -2.007489999999990687e+03
-9.491036559139786277e+02 -2.389489999999990687e+03
-9.353485304659499207e+02 -1.401489999999990687e+03
-9.215934050179212136e+02 -1.967489999999990687e+03
-9.078382795698925065e+02 -1.481489999999990687e+03
-8.940831541218639131e+02 -1.887489999999990687e+03
-8.803280286738352061e+02 -1.489489999999990687e+03
-8.665729032258064990e+02 -1.946489999999990687e+03
-8.528177777777779056e+02 -1.552489999999990687e+03
-8.390626523297491985e+02 -1.907489999999990687e+03
-8.253075268817204915e+02 -1.981489999999990687e+03
-8.115524014336917844e+02 -2.024489999999990687e+03
-7.977972759856631910e+02 -1.924489999999990687e+03
-7.840421505376344840e+02 -1.597489999999990687e+03
-7.702870250896057769e+02 -2.159489999999990687e+03
-7.565318996415771835e+02 -1.628489999999990687e+03
-7.427767741935484764e+02 -1.874489999999990687e+03
-7.290216487455197694e+02 -1.423489999999990687e+03
-7.152665232974910623e+02 -1.184489999999990687e+03
-7.015113978494624689e+02 -1.619489999999990687e+03
-6.877562724014337618e+02 -1.440489999999990687e+03
-6.740011469534050548e+02 -1.988489999999990687e+03
-6.602460215053763477e+02 -1.325489999999990687e+03
-6.464908960573477543e+02 -1.324489999999990687e+03
-6.327357706093190473e+02 -8.834899999999906868e+02
-6.189806451612903402e+02 -1.044489999999990687e+03
-6.052255197132617468e+02 -1.753489999999990687e+03
-5.914703942652330397e+02 -1.876489999999990687e+03
-5.777152688172043327e+02 -2.143489999999990687e+03
-5.639601433691756256e+02 -1.258489999999990687e+03
-5.502050179211470322e+02 -2.023489999999990687e+03
-5.364498924731183251e+02 -2.254489999999990687e+03
-5.226947670250896181e+02 -1.576489999999990687e+03
-5.089396415770609678e+02 -2.312489999999990687e+03
-4.951845161290323176e+02 -1.920489999999990687e+03
-4.814293906810036106e+02 -1.986489999999990687e+03
-4.676742652329749603e+02 -2.025489999999990687e+03
-4.539191397849462533e+02 -2.871489999999990687e+03
-4.401640143369176030e+02 -1.151489999999990687e+03
-4.264088888888889528e+02 -2.609489999999990687e+03
-4.126537634408602457e+02 -2.037489999999990687e+03
-3.988986379928315955e+02 -2.369489999999990687e+03
-3.851435125448028884e+02 -2.046489999999990687e+03
-3.713883870967742382e+02 -2.198489999999990687e+03
-3.576332616487455311e+02 -1.792489999999990687e+03
-3.438781362007168809e+02 -2.147489999999990687e+03
-3.301230107526881739e+02 -1.404489999999990687e+03
-3.163678853046595236e+02 -1.788489999999990687e+03
-3.026127598566308734e+02 -1.650489999999990687e+03
-2.888576344086021663e+02 -2.238489999999990687e+03
-2.751025089605735161e+02 -2.496489999999990687e+03
-2.613473835125448090e+02 -2.508489999999990687e+03
-2.475922580645161588e+02 -2.638489999999990687e+03
-2.338371326164874802e+02 -2.643489999999990687e+03
-2.200820071684588015e+02 -1.801489999999990687e+03
-2.063268817204301229e+02 -2.261489999999990687e+03
-1.925717562724014442e+02 -2.614489999999990687e+03
-1.788166308243727656e+02 -2.021489999999990687e+03
-1.650615053763440869e+02 -2.076489999999990687e+03
-1.513063799283154367e+02 -2.089489999999990687e+03
-1.375512544802867581e+02 -2.035489999999990687e+03
-1.237961290322580794e+02 -1.809489999999990687e+03
-1.100410035842294008e+02 -1.437489999999990687e+03
-9.628587813620072211e+01 -1.236489999999990687e+03
-8.253075268817204346e+01 -7.444899999999906868e+02
-6.877562724014337903e+01 1.910510000000009313e+03
-5.502050179211470038e+01 4.939510000000009313e+03
-4.126537634408602173e+01 1.296751000000000931e+04
-2.751025089605735019e+01 2.867451000000000931e+04
-1.375512544802867509e+01 5.785751000000000931e+04
0.000000000000000000e+00 1.056475100000000093e+05
1.375512544802867509e+01 1.669355100000000093e+05
2.751025089605735019e+01 2.541995100000000093e+05
4.126537634408602173e+01 3.729585100000000093e+05
5.502050179211470038e+01 5.121995100000000093e+05
6.877562724014337903e+01 6.792965100000000093e+05
8.253075268817204346e+01 8.740685100000000093e+05
9.628587813620072211e+01 1.088216510000000009e+06
1.100410035842294008e+02 1.308735510000000009e+06
1.237961290322580794e+02 1.538301510000000009e+06
1.375512544802867581e+02 1.773591510000000009e+06
1.513063799283154367e+02 2.006641510000000009e+06
1.650615053763440869e+02 2.241635509999999776e+06
1.788166308243727656e+02 2.460810509999999776e+06
1.925717562724014442e+02 2.700310509999999776e+06
2.063268817204301229e+02 2.924160509999999776e+06
2.200820071684588015e+02 3.124640509999999776e+06
2.338371326164874802e+02 3.287530509999999776e+06
2.475922580645161588e+02 3.449441509999999776e+06
2.613473835125448090e+02 3.609652509999999776e+06
2.751025089605735161e+02 3.734888509999999776e+06
2.888576344086021663e+02 3.852520509999999776e+06
3.026127598566308734e+02 3.934498509999999776e+06
3.163678853046595236e+02 4.023811509999999776e+06
3.301230107526881739e+02 4.082010509999999776e+06
3.438781362007168809e+02 4.116910509999999776e+06
3.576332616487455311e+02 4.128859509999999776e+06
3.713883870967742382e+02 4.138780509999999776e+06
3.851435125448028884e+02 4.158329509999999776e+06
3.988986379928315955e+02 4.147236509999999776e+06
4.126537634408602457e+02 4.136990509999999776e+06
4.264088888888889528e+02 4.143178509999999776e+06
4.401640143369176030e+02 4.144414509999999776e+06
4.539191397849462533e+02 4.121478509999999776e+06
4.676742652329749603e+02 4.124554509999999776e+06
4.814293906810036106e+02 4.123818509999999776e+06
4.951845161290323176e+02 4.119568509999999776e+06
5.089396415770609678e+02 4.111723509999999776e+06
5.226947670250896181e+02 4.115931509999999776e+06
5.364498924731183251e+02 4.122986509999999776e+06
5.502050179211470322e+02 4.134390509999999776e+06
5.639601433691756256e+02 4.127477509999999776e+06
5.777152688172043327e+02 4.096736509999999776e+06
5.914703942652330397e+02 4.074267509999999776e+06
6.052255197132617468e+02 4.088009509999999776e+06
6.189806451612903402e+02 4.075325509999999776e+06
6.327357706093190473e+02 4.064872509999999776e+06
6.464908960573477543e+02 4.027529509999999776e+06
6.602460215053763477e+02 3.980114509999999776e+06
6.740011469534050548e+02 3.922222509999999776e+06
6.877562724014337618e+02 3.852951509999999776e+06
7.015113978494624689e+02 3.742927509999999776e+06
7.152665232974910623e+02 3.616154509999999776e+06
7.290216487455197694e+02 3.462571509999999776e+06
7.427767741935484764e+02 3.285503509999999776e+06
7.565318996415771835e+02 3.072329509999999776e+06
7.702870250896057769e+02 2.832229509999999776e+06
7.840421505376344840e+02 2.580969509999999776e+06
7.977972759856631910e+02 2.302616509999999776e+06
8.115524014336917844e+02 2.029154510000000009e+06
8.253075268817204915e+02 1.765188510000000009e+06
8.390626523297491985e+02 1.515887510000000009e+06
8.528177777777779056e+02 1.276636510000000009e+06
8.665729032258064990e+02 1.065744510000000009e+06
8.803280286738352061e+02 8.771425100000000093e+05
8.940831541218639131e+02 7.079705100000000093e+05
9.078382795698925065e+02 5.547085100000000093e+05
9.215934050179212136e+02 4.221995100000000093e+05
9.353485304659499207e+02 3.111015100000000093e+05
9.491036559139786277e+02 2.228585100000000093e+05
9.628587813620072211e+02 1.554865100000000093e+05
9.766139068100359282e+02 1.083345100000000093e+05
9.903690322580646352e+02 7.596651000000000931e+04
1.004124157706093229e+03 5.691651000000000931e+04
1.017879283154121936e+03 4.642251000000000931e+04
1.031634408602150643e+03 4.019451000000000931e+04
1.045389534050179236e+03 3.637851000000000931e+04
1.059144659498208057e+03 3.352751000000000931e+04
1.072899784946236650e+03 3.429851000000000931e+04
1.086654910394265244e+03 3.435551000000000931e+04
1.100410035842294064e+03 3.260551000000000931e+04
1.114165161290322658e+03 3.215451000000000931e+04
1.127920286738351251e+03 3.015651000000000931e+04
1.141675412186380072e+03 2.793051000000000931e+04
1.155430537634408665e+03 2.690751000000000931e+04
1.169185663082437486e+03 2.715151000000000931e+04
1.182940788530466079e+03 2.550751000000000931e+04
1.196695913978494673e+03 2.500751000000000931e+04
1.210451039426523494e+03 2.653651000000000931e+04
1.224206164874552087e+03 2.245051000000000931e+04
1.237961290322580680e+03 2.177051000000000931e+04
1.251716415770609501e+03 2.085451000000000931e+04
1.265471541218638095e+03 1.964551000000000931e+04
1.279226666666666688e+03 1.850151000000000931e+04
1.292981792114695509e+03 1.666651000000000931e+04
1.306736917562724102e+03 1.574351000000000931e+04
1.320492043010752695e+03 1.280951000000000931e+04
1.334247168458781516e+03 1.041351000000000931e+04
1.348002293906810110e+03 1.100751000000000931e+04
1.361757419354838930e+03 9.565510000000009313e+03
1.375512544802867524e+03 9.625510000000009313e+03
1.389267670250896117e+03 9.439510000000009313e+03
1.403022795698924938e+03 7.879510000000009313e+03
1.416777921146953531e+03 5.611510000000009313e+03
1.430533046594982125e+03 4.914510000000009313e+03
1.444288172043010945e+03 4.955510000000009313e+03
1.458043297491039539e+03 6.196510000000009313e+03
1.471798422939068132e+03 3.282510000000009313e+03
1.485553548387096953e+03 2.975510000000009313e+03
1.499308673835125546e+03 2.280510000000009313e+03
1.513063799283154367e+03 2.302510000000009313e+03
1.526818924731182960e+03 3.101510000000009313e+03
1.540574050179211554e+03 1.716510000000009313e+03
1.554329175627240375e+03 1.992510000000009313e+03
1.568084301075268968e+03 9.285100000000093132e+02
1.581839426523297561e+03 6.445100000000093132e+02
1.595594551971326382e+03 3.545100000000093132e+02
1.609349677419354975e+03 4.405100000000093132e+02
1.623104802867383569e+03 4.205100000000093132e+02
1.636859928315412390e+03 -3.464899999999906868e+02
1.650615053763440983e+03 -2.074899999999906868e+02
1.664370179211469576e+03 -9.394899999999906868e+02
1.678125304659498397e+03 -8.414899999999906868e+02
1.691880430107526990e+03 -7.594899999999906868e+02
1.705635555555555811e+03 -7.394899999999906868e+02
1.719390681003584405e+03 -7.204899999999906868e+02
1.733145806451612998e+03 -9.804899999999906868e+02
1.746900931899641819e+03 -1.944489999999990687e+03
1.760656057347670412e+03 -1.301489999999990687e+03
1.774411182795699006e+03 -1.173489999999990687e+03
1.788166308243727826e+03 -1.860489999999990687e+03
1.801921433691756420e+03 -1.023489999999990687e+03
1.815676559139785013e+03 -1.392489999999990687e+03
1.829431684587813834e+03 -1.479489999999990687e+03
1.843186810035842427e+03 -1.581489999999990687e+03
1.856941935483871248e+03 -8.744899999999906868e+02
1.870697060931899841e+03 -1.800489999999990687e+03
1.884452186379928435e+03 -1.233489999999990687e+03
1.898207311827957255e+03 -1.495489999999990687e+03
1.911962437275985849e+03 -2.145489999999990687e+03
1.925717562724014442e+03 -8.894899999999906868e+02
1.939472688172043263e+03 -1.410489999999990687e+03
1.953227813620071856e+03 -1.251489999999990687e+03
1.966982939068100450e+03 -1.449489999999990687e+03
1.980738064516129270e+03 -1.535489999999990687e+03
1.994493189964157864e+03 -1.810489999999990687e+03
2.008248315412186457e+03 -8.234899999999906868e+02
2.022003440860215278e+03 -6.454899999999906868e+02
2.035758566308243871e+03 -1.361489999999990687e+03
2.049513691756272692e+03 -1.537489999999990687e+03
2.063268817204301286e+03 -1.709489999999990687e+03
2.077023942652329879e+03 -9.754899999999906868e+02
2.090779068100358472e+03 -2.312489999999990687e+03
2.104534193548387066e+03 -1.932489999999990687e+03
2.118289318996416114e+03 -2.023489999999990687e+03
2.132044444444444707e+03 -2.398489999999990687e+03
2.145799569892473301e+03 -1.337489999999990687e+03
2.159554695340501894e+03 -1.932489999999990687e+03
2.173309820788530487e+03 -2.352489999999990687e+03
2.187064946236559535e+03 -1.258489999999990687e+03
2.200820071684588129e+03 -1.395489999999990687e+03
2.214575197132616722e+03 -1.363489999999990687e+03
2.228330322580645316e+03 -2.614489999999990687e+03
2.242085448028673909e+03 -2.336489999999990687e+03
2.255840573476702502e+03 -9.864899999999906868e+02
2.269595698924731551e+03 -1.923489999999990687e+03
2.283350824372760144e+03 -1.385489999999990687e+03
2.297105949820788737e+03 -1.748489999999990687e+03
2.310861075268817331e+03 -2.132489999999990687e+03
2.324616200716845924e+03 -2.597489999999990687e+03
2.338371326164874972e+03 -1.690489999999990687e+03
2.352126451612903566e+03 -2.437489999999990687e+03
2.365881577060932159e+03 -2.313489999999990687e+03
2.379636702508960752e+03 -2.002489999999990687e+03
2.393391827956989346e+03 -2.147489999999990687e+03
2.407146953405017939e+03 -2.586489999999990687e+03
2.420902078853046987e+03 -1.743489999999990687e+03
2.434657204301075581e+03 -2.199489999999990687e+03
2.448412329749104174e+03 -1.993489999999990687e+03
2.462167455197132767e+03 -1.639489999999990687e+03
2.475922580645161361e+03 -1.903489999999990687e+03
2.489677706093190409e+03 -1.582489999999990687e+03
2.503432831541219002e+03 -2.810489999999990687e+03
2.517187956989247596e+03 -8.434899999999906868e+02
2.530943082437276189e+03 -2.151489999999990687e+03
2.544698207885304782e+03 -1.184489999999990687e+03
2.558453333333333376e+03 4.666510000000009313e+03
2.572208458781362424e+03 -1.299489999999990687e+03
2.585963584229391017e+03 -5.304899999999906868e+02
2.599718709677419611e+03 -6.324899999999906868e+02
2.613473835125448204e+03 -2.584489999999990687e+03
2.627228960573476797e+03 -2.026489999999990687e+03
2.640984086021505391e+03 -2.103489999999990687e+03
2.654739211469534439e+03 -2.112489999999990687e+03
2.668494336917563032e+03 -1.747489999999990687e+03
2.682249462365591626e+03 -2.234489999999990687e+03
2.696004587813620219e+03 -1.336489999999990687e+03
2.709759713261648812e+03 -2.733489999999990687e+03
2.723514838709677861e+03 -2.363489999999990687e+03
2.737269964157706454e+03 -2.814489999999990687e+03
2.751025089605735047e+03 -2.431489999999990687e+03
2.764780215053763641e+03 -1.961489999999990687e+03
2.778535340501792234e+03 -1.423489999999990687e+03
2.792290465949820828e+03 -2.065489999999990687e+03
2.806045591397849876e+03 -1.699489999999990687e+03
2.819800716845878469e+03 -2.531489999999990687e+03
2.833555842293907062e+03 -1.676489999999990687e+03
2.847310967741935656e+03 -1.589489999999990687e+03
2.861066093189964249e+03 -2.231489999999990687e+03
2.874821218637993297e+03 -2.253489999999990687e+03
2.888576344086021891e+03 -2.525489999999990687e+03
2.902331469534050484e+03 -2.198489999999990687e+03
2.916086594982079077e+03 -1.744489999999990687e+03
2.929841720430107671e+03 -1.736489999999990687e+03
2.943596845878136264e+03 -1.943489999999990687e+03
2.957351971326165312e+03 -2.657489999999990687e+03
2.971107096774193906e+03 -2.041489999999990687e+03
2.984862222222222499e+03 -2.073489999999990687e+03
2.998617347670251092e+03 -1.484489999999990687e+03
3.012372473118279686e+03 -1.577489999999990687e+03
3.026127598566308734e+03 -2.205489999999990687e+03
3.039882724014337327e+03 -1.927489999999990687e+03
3.053637849462365921e+03 -1.886489999999990687e+03
3.067392974910394514e+03 -2.394489999999990687e+03
3.081148100358423108e+03 -1.591489999999990687e+03
3.094903225806451701e+03 -1.531489999999990687e+03
3.108658351254480749e+03 -2.268489999999990687e+03
3.122413476702509342e+03 -2.020489999999990687e+03
3.136168602150537936e+03 -1.595489999999990687e+03
3.149923727598566529e+03 -1.237489999999990687e+03
3.163678853046595123e+03 -2.001489999999990687e+03
3.177433978494624171e+03 -2.197489999999990687e+03
3.191189103942652764e+03 -2.011489999999990687e+03
3.204944229390681357e+03 -2.142489999999990687e+03
3.218699354838709951e+03 -1.980489999999990687e+03
3.232454480286738544e+03 -1.173489999999990687e+03
3.246209605734767138e+03 -1.485489999999990687e+03
3.259964731182796186e+03 -1.676489999999990687e+03
3.273719856630824779e+03 -1.781489999999990687e+03
3.287474982078853373e+03 -1.113489999999990687e+03
3.301230107526881966e+03 -1.006489999999990687e+03
3.314985232974910559e+03 -1.469489999999990687e+03
3.328740358422939153e+03 -1.834489999999990687e+03
3.342495483870968201e+03 -4.384899999999906868e+02
3.356250609318996794e+03 -1.252489999999990687e+03
3.370005734767025388e+03 -1.427489999999990687e+03
3.383760860215053981e+03 -1.263489999999990687e+03
3.397515985663082574e+03 -1.599489999999990687e+03
3.411271111111111622e+03 -1.825489999999990687e+03
3.425026236559140216e+03 -1.456489999999990687e+03
3.438781362007168809e+03 -9.644899999999906868e+02
3.452536487455197403e+03 -1.340489999999990687e+03
3.466291612903225996e+03 -1.247489999999990687e+03
3.480046738351254589e+03 -1.420489999999990687e+03
3.493801863799283637e+03 -1.493489999999990687e+03
3.507556989247312231e+03 -5.864899999999906868e+02
3.521312114695340824e+03 -7.944899999999906868e+02
3.535067240143369418e+03 -3.494899999999906868e+02
3.548822365591398011e+03 -1.387489999999990687e+03
3.562577491039427059e+03 -9.384899999999906868e+02
3.576332616487455653e+03 -9.034899999999906868e+02
3.590087741935484246e+03 -1.149489999999990687e+03
3.603842867383512839e+03 -1.162489999999990687e+03
3.617597992831541433e+03 -1.451489999999990687e+03
3.631353118279570026e+03 -1.688489999999990687e+03
3.645108243727599074e+03 -4.348999999999068677e+01
3.658863369175627668e+03 -4.784899999999906868e+02
3.672618494623656261e+03 -1.152489999999990687e+03
3.686373620071684854e+03 -2.494899999999906868e+02
3.700128745519713448e+03 -5.064899999999906868e+02
3.713883870967742496e+03 -1.083489999999990687e+03
3.727638996415771089e+03 -1.327489999999990687e+03
3.741394121863799683e+03 -2.548999999999068677e+01
3.755149247311828276e+03 -2.644899999999906868e+02
3.768904372759856869e+03 1.365100000000093132e+02
3.782659498207885463e+03 -5.854899999999906868e+02
3.796414623655914511e+03 -7.614899999999906868e+02
3.810169749103943104e+03 4.651000000000931323e+01
3.823924874551971698e+03 -5.934899999999906868e+02
3.837680000000000291e+03 3.495100000000093132e+02
3.851435125448028884e+03 -2.704899999999906868e+02
3.865190250896057478e+03 -8.824899999999906868e+02
3.878945376344086526e+03 4.025100000000093132e+02
3.892700501792115119e+03 -8.154899999999906868e+02
3.906455627240143713e+03 -6.644899999999906868e+02
3.920210752688172306e+03 -8.694899999999906868e+02
3.933965878136200899e+03 -1.685489999999990687e+03
3.947721003584229948e+03 -6.904899999999906868e+02
3.961476129032258541e+03 -4.074899999999906868e+02
3.975231254480287134e+03 8.151000000000931323e+01
3.988986379928315728e+03 -5.494899999999906868e+02
4.002741505376344321e+03 -4.894899999999906868e+02
4.016496630824372915e+03 -3.904899999999906868e+02
4.030251756272401963e+03 -6.448999999999068677e+01
4.044006881720430556e+03 7.785100000000093132e+02
4.057762007168459149e+03 -6.004899999999906868e+02
4.071517132616487743e+03 -2.024899999999906868e+02
4.085272258064516336e+03 -1.614899999999906868e+02
4.099027383512545384e+03 -3.364899999999906868e+02
4.112782508960573978e+03 -2.774899999999906868e+02
4.126537634408602571e+03 -6.648999999999068677e+01
4.140292759856631164e+03 7.205100000000093132e+02
4.154047885304659758e+03 1.166510000000009313e+03
4.167803010752688351e+03 4.605100000000093132e+02
4.181558136200716945e+03 6.045100000000093132e+02
4.195313261648745538e+03 8.551000000000931323e+01
4.209068387096774131e+03 -7.648999999999068677e+01
4.222823512544803634e+03 -8.448999999999068677e+01
4.236578637992832228e+03 4.475100000000093132e+02
4.250333763440860821e+03 -3.754899999999906868e+02
4.264088888888889414e+03 -1.834899999999906868e+02
4.277844014336918008e+03 4.515100000000093132e+02
4.291599139784946601e+03 5.935100000000093132e+02
4.305354265232975195e+03 6.115100000000093132e+02
4.319109390681003788e+03 2.345100000000093132e+02
4.332864516129032381e+03 2.715100000000093132e+02
4.346619641577060975e+03 -7.748999999999068677e+01
4.360374767025089568e+03 3.056510000000009313e+03
4.374129892473119071e+03 -8.489999999990686774e+00
4.387885017921147664e+03 7.815100000000093132e+02
4.401640143369176258e+03 6.635100000000093132e+02
4.415395268817204851e+03 -1.374899999999906868e+02
4.429150394265233444e+03 1.365100000000093132e+02
4.442905519713262038e+03 9.945100000000093132e+02
4.456660645161290631e+03 4.685100000000093132e+02
4.470415770609319225e+03 7.615100000000093132e+02
4.484170896057347818e+03 8.051000000000931323e+01
4.497926021505376411e+03 1.351510000000009313e+03
4.511681146953405005e+03 6.365100000000093132e+02
4.525436272401434508e+03 8.835100000000093132e+02
4.539191397849463101e+03 5.915100000000093132e+02
4.552946523297491694e+03 2.415100000000093132e+02
4.566701648745520288e+03 1.072510000000009313e+03
4.580456774193548881e+03 1.752510000000009313e+03
4.594211899641577475e+03 5.145100000000093132e+02
4.607967025089606068e+03 1.026510000000009313e+03
4.621722150537634661e+03 1.371510000000009313e+03
4.635477275985663255e+03 5.325100000000093132e+02
4.649232401433691848e+03 1.022510000000009313e+03
4.662987526881720441e+03 6.805100000000093132e+02
4.676742652329749944e+03 2.097510000000009313e+03
4.690497777777778538e+03 8.225100000000093132e+02
4.704252903225807131e+03 3.535100000000093132e+02
4.718008028673835724e+03 3.915100000000093132e+02
4.731763154121864318e+03 6.965100000000093132e+02
4.745518279569892911e+03 7.225100000000093132e+02
4.759273405017921505e+03 1.378510000000009313e+03
4.773028530465950098e+03 1.380510000000009313e+03
4.786783655913978691e+03 1.085100000000093132e+02
4.800538781362007285e+03 3.035100000000093132e+02
4.814293906810035878e+03 7.551000000000931323e+01
4.828049032258065381e+03 1.352510000000009313e+03
4.841804157706093974e+03 1.855100000000093132e+02
4.855559283154122568e+03 4.975100000000093132e+02
4.869314408602151161e+03 1.079510000000009313e+03
4.883069534050179755e+03 7.665100000000093132e+02
4.896824659498208348e+03 7.705100000000093132e+02
4.910579784946236941e+03 2.510000000009313226e+00
4.924334910394265535e+03 1.143510000000009313e+03
4.938090035842294128e+03 1.011510000000009313e+03
4.951845161290322721e+03 9.725100000000093132e+02
4.965600286738351315e+03 6.275100000000093132e+02
4.979355412186380818e+03 4.455100000000093132e+02
4.993110537634409411e+03 7.665100000000093132e+02
5.006865663082438004e+03 1.585100000000093132e+02
5.020620788530466598e+03 4.645100000000093132e+02
5.034375913978495191e+03 1.245510000000009313e+03
5.048131039426523785e+03 8.345100000000093132e+02
5.061886164874552378e+03 2.565510000000009313e+03
5.075641290322580971e+03 1.739510000000009313e+03
5.089396415770609565e+03 1.704510000000009313e+03
5.103151541218638158e+03 7.255100000000093132e+02
5.116906666666666752e+03 3.445100000000093132e+02
5.130661792114696254e+03 2.151000000000931323e+01
5.144416917562724848e+03 -5.301489999999990687e+03
5.158172043010753441e+03 -1.192848999999999069e+04
5.171927168458782035e+03 -1.198848999999999069e+04
5.185682293906810628e+03 -1.191448999999999069e+04
5.199437419354839221e+03 -1.209748999999999069e+04
5.213192544802867815e+03 -1.224248999999999069e+04
5.226947670250896408e+03 -1.183648999999999069e+04
5.240702795698925001e+03 -1.186048999999999069e+04
5.254457921146953595e+03 -1.195048999999999069e+04
5.268213046594982188e+03 -1.191248999999999069e+04
5.281968172043010782e+03 -1.205548999999999069e+04
5.295723297491040285e+03 -1.214148999999999069e+04
5.309478422939068878e+03 -1.222048999999999069e+04
5.323233548387097471e+03 -1.212048999999999069e+04
5.336988673835126065e+03 -1.209548999999999069e+04
5.350743799283154658e+03 -1.187248999999999069e+04
5.364498924731183251e+03 -1.204848999999999069e+04
5.378254050179211845e+03 -1.209848999999999069e+04
5.392009175627240438e+03 -1.197648999999999069e+04
5.405764301075269032e+03 -1.214348999999999069e+04
5.419519426523297625e+03 -1.183748999999999069e+04
5.433274551971326218e+03 -1.204248999999999069e+04
5.447029677419355721e+03 -1.173248999999999069e+04
5.460784802867384315e+03 -1.181848999999999069e+04
