-1.953227813620071856e+03 -1.191200000000011642e+03
-1.939472688172043263e+03 -6.930200000000011642e+03
-1.925717562724014442e+03 -8.170200000000011642e+03
-1.911962437275985849e+03 -8.948200000000011642e+03
-1.898207311827957255e+03 -9.258200000000011642e+03
-1.884452186379928435e+03 -9.460200000000011642e+03
-1.870697060931899841e+03 -9.669200000000011642e+03
-1.856941935483871248e+03 -9.886200000000011642e+03
-1.843186810035842427e+03 -1.024220000000001164e+04
-1.829431684587813834e+03 -1.036520000000001164e+04
-1.815676559139785013e+03 -1.070020000000001164e+04
-1.801921433691756420e+03 -1.067320000000001164e+04
-1.788166308243727826e+03 -6.046200000000011642e+03
-1.774411182795699006e+03 4.179999999998835847e+01
-1.760656057347670412e+03 -7.542000000000116415e+02
-1.746900931899641819e+03 -1.057200000000011642e+03
-1.733145806451612998e+03 -9.982000000000116415e+02
-1.719390681003584405e+03 -2.822000000000116415e+02
-1.705635555555555811e+03 -8.742000000000116415e+02
-1.691880430107526990e+03 -1.272200000000011642e+03
-1.678125304659498397e+03 -8.872000000000116415e+02
-1.664370179211469576e+03 -1.116200000000011642e+03
-1.650615053763440983e+03 -1.287200000000011642e+03
-1.636859928315412390e+03 1.399799999999988358e+03
-1.623104802867383569e+03 -1.984200000000011642e+03
-1.609349677419354975e+03 -1.567200000000011642e+03
-1.595594551971326382e+03 -8.672000000000116415e+02
-1.581839426523297561e+03 -2.214200000000011642e+03
-1.568084301075268968e+03 -9.232000000000116415e+02
-1.554329175627240375e+03 -1.223200000000011642e+03
-1.540574050179211554e+03 -1.441200000000011642e+03
-1.526818924731182960e+03 -2.243200000000011642e+03
-1.513063799283154367e+03 -2.392200000000011642e+03
-1.499308673835125546e+03 -2.454200000000011642e+03
-1.485553548387096953e+03 -2.587200000000011642e+03
-1.471798422939068132e+03 -2.150200000000011642e+03
-1.458043297491039539e+03 -1.982200000000011642e+03
-1.444288172043010945e+03 -2.090200000000011642e+03
-1.430533046594982125e+03 -1.276200000000011642e+03
-1.416777921146953531e+03 -2.343200000000011642e+03
-1.403022795698924938e+03 -1.717200000000011642e+03
-1.389267670250896117e+03 -1.927200000000011642e+03
-1.375512544802867524e+03 -1.383200000000011642e+03
-1.361757419354838930e+03 -1.272200000000011642e+03
-1.348002293906810110e+03 -1.592200000000011642e+03
-1.334247168458781516e+03 -1.395200000000011642e+03
-1.320492043010752695e+03 -1.602200000000011642e+03
-1.306736917562724102e+03 -6.832000000000116415e+02
-1.292981792114695509e+03 -2.199200000000011642e+03
-1.279226666666666688e+03 -1.815200000000011642e+03
-1.265471541218638095e+03 -2.056200000000011642e+03
-1.251716415770609501e+03 -2.148200000000011642e+03
-1.237961290322580680e+03 -2.071200000000011642e+03
-1.224206164874552087e+03 -1.479200000000011642e+03
-1.210451039426523494e+03 -1.302200000000011642e+03
-1.196695913978494673e+03 -2.300200000000011642e+03
-1.182940788530466079e+03 -1.924200000000011642e+03
-1.169185663082437486e+03 -1.609200000000011642e+03
-1.155430537634408665e+03 -1.778200000000011642e+03
-1.141675412186380072e+03 -2.290200000000011642e+03
-1.127920286738351251e+03 -2.463200000000011642e+03
-1.114165161290322658e+03 -1.429200000000011642e+03
-1.100410035842294064e+03 -1.862200000000011642e+03
-1.086654910394265244e+03 -1.671200000000011642e+03
-1.072899784946236650e+03 -1.937200000000011642e+03
-1.059144659498208057e+03 -1.573200000000011642e+03
-1.045389534050179236e+03 -2.449200000000011642e+03
-1.031634408602150643e+03 -1.421200000000011642e+03
-1.017879283154121936e+03 -2.096200000000011642e+03
-1.004124157706093229e+03 -1.755200000000011642e+03
-9.903690322580646352e+02 -1.873200000000011642e+03
-9.766139068100359282e+02 -2.436200000000011642e+03
-9.628587813620072211e+02 -1.689200000000011642e+03
-9.491036559139786277e+02 -1.766200000000011642e+03
-9.353485304659499207e+02 -2.134200000000011642e+03
-9.215934050179212136e+02 -2.211200000000011642e+03
-9.078382795698925065e+02 -1.109200000000011642e+03
-8.940831541218639131e+02 -1.407200000000011642e+03
-8.803280286738352061e+02 -1.607200000000011642e+03
-8.665729032258064990e+02 -1.871200000000011642e+03
-8.528177777777779056e+02 -2.115200000000011642e+03
-8.390626523297491985e+02 -2.549200000000011642e+03
-8.253075268817204915e+02 -1.525200000000011642e+03
-8.115524014336917844e+02 -1.994200000000011642e+03
-7.977972759856631910e+02 -1.841200000000011642e+03
-7.840421505376344840e+02 -2.250200000000011642e+03
-7.702870250896057769e+02 -2.380200000000011642e+03
-7.565318996415771835e+02 -1.764200000000011642e+03
-7.427767741935484764e+02 -1.597200000000011642e+03
-7.290216487455197694e+02 -2.027200000000011642e+03
-7.152665232974910623e+02 -1.603200000000011642e+03
-7.015113978494624689e+02 -2.011200000000011642e+03
-6.877562724014337618e+02 -1.757200000000011642e+03
-6.740011469534050548e+02 -2.106200000000011642e+03
-6.602460215053763477e+02 -2.212200000000011642e+03
-6.464908960573477543e+02 -2.040200000000011642e+03
-6.327357706093190473e+02 -1.871200000000011642e+03
-6.189806451612903402e+02 -1.903200000000011642e+03
-6.052255197132617468e+02 -1.487200000000011642e+03
-5.914703942652330397e+02 -1.862200000000011642e+03
-5.777152688172043327e+02 -1.210200000000011642e+03
-5.639601433691756256e+02 -2.071200000000011642e+03
-5.502050179211470322e+02 -1.279200000000011642e+03
-5.364498924731183251e+02 -1.427200000000011642e+03
-5.226947670250896181e+02 -1.647200000000011642e+03
-5.089396415770609678e+02 -1.193200000000011642e+03
-4.951845161290323176e+02 -1.535200000000011642e+03
-4.814293906810036106e+02 -1.998200000000011642e+03
-4.676742652329749603e+02 -2.524200000000011642e+03
-4.539191397849462533e+02 -2.132200000000011642e+03
-4.401640143369176030e+02 -2.518200000000011642e+03
-4.264088888888889528e+02 -2.197200000000011642e+03
-4.126537634408602457e+02 -2.311200000000011642e+03
-3.988986379928315955e+02 -2.964200000000011642e+03
-3.851435125448028884e+02 -2.509200000000011642e+03
-3.713883870967742382e+02 -2.522200000000011642e+03
-3.576332616487455311e+02 -2.729200000000011642e+03
-3.438781362007168809e+02 -3.380200000000011642e+03
-3.301230107526881739e+02 -1.697200000000011642e+03
-3.163678853046595236e+02 -2.924200000000011642e+03
-3.026127598566308734e+02 -2.607200000000011642e+03
-2.888576344086021663e+02 -2.399200000000011642e+03
-2.751025089605735161e+02 -1.898200000000011642e+03
-2.613473835125448090e+02 -2.294200000000011642e+03
-2.475922580645161588e+02 -1.954200000000011642e+03
-2.338371326164874802e+02 -2.183200000000011642e+03
-2.200820071684588015e+02 -1.590200000000011642e+03
-2.063268817204301229e+02 -1.736200000000011642e+03
-1.925717562724014442e+02 -1.773200000000011642e+03
-1.788166308243727656e+02 -1.803200000000011642e+03
-1.650615053763440869e+02 -1.943200000000011642e+03
-1.513063799283154367e+02 -1.797200000000011642e+03
-1.375512544802867581e+02 -1.923200000000011642e+03
-1.237961290322580794e+02 -1.855200000000011642e+03
-1.100410035842294008e+02 -7.612000000000116415e+02
-9.628587813620072211e+01 -1.028200000000011642e+03
-8.253075268817204346e+01 -3.742000000000116415e+02
-6.877562724014337903e+01 1.801799999999988358e+03
-5.502050179211470038e+01 6.511799999999988358e+03
-4.126537634408602173e+01 1.431979999999998836e+04
-2.751025089605735019e+01 2.994779999999998836e+04
-1.375512544802867509e+01 6.026079999999998836e+04
0.000000000000000000e+00 1.073007999999999884e+05
1.375512544802867509e+01 1.782537999999999884e+05
2.751025089605735019e+01 2.784637999999999884e+05
4.126537634408602173e+01 4.109697999999999884e+05
5.502050179211470038e+01 5.632938000000000466e+05
6.877562724014337903e+01 7.413458000000000466e+05
8.253075268817204346e+01 9.415658000000000466e+05
9.628587813620072211e+01 1.159531800000000047e+06
1.100410035842294008e+02 1.385710800000000047e+06
1.237961290322580794e+02 1.613913800000000047e+06
1.375512544802867581e+02 1.842576800000000047e+06
1.513063799283154367e+02 2.077169800000000047e+06
1.650615053763440869e+02 2.287226799999999814e+06
1.788166308243727656e+02 2.527632799999999814e+06
1.925717562724014442e+02 2.746419799999999814e+06
2.063268817204301229e+02 2.939701799999999814e+06
2.200820071684588015e+02 3.123082799999999814e+06
2.338371326164874802e+02 3.296463799999999814e+06
2.475922580645161588e+02 3.450318799999999814e+06
2.613473835125448090e+02 3.574408799999999814e+06
2.751025089605735161e+02 3.697587799999999814e+06
2.888576344086021663e+02 3.797683799999999814e+06
3.026127598566308734e+02 3.856504799999999814e+06
3.163678853046595236e+02 3.904457799999999814e+06
3.301230107526881739e+02 3.958086799999999814e+06
3.438781362007168809e+02 3.982602799999999814e+06
3.576332616487455311e+02 4.003001799999999814e+06
3.713883870967742382e+02 4.021432799999999814e+06
3.851435125448028884e+02 4.026591799999999814e+06
3.988986379928315955e+02 4.053603799999999814e+06
4.126537634408602457e+02 4.081649799999999814e+06
4.264088888888889528e+02 4.090147799999999814e+06
4.401640143369176030e+02 4.113526799999999814e+06
4.539191397849462533e+02 4.121618799999999814e+06
4.676742652329749603e+02 4.114944799999999814e+06
4.814293906810036106e+02 4.128038799999999814e+06
4.951845161290323176e+02 4.136592799999999814e+06
5.089396415770609678e+02 4.139707799999999814e+06
5.226947670250896181e+02 4.156116799999999814e+06
5.364498924731183251e+02 4.150660799999999814e+06
5.502050179211470322e+02 4.127378799999999814e+06
5.639601433691756256e+02 4.113430799999999814e+06
5.777152688172043327e+02 4.111097799999999814e+06
5.914703942652330397e+02 4.110643799999999814e+06
6.052255197132617468e+02 4.092434799999999814e+06
6.189806451612903402e+02 4.079660799999999814e+06
6.327357706093190473e+02 4.074213799999999814e+06
6.464908960573477543e+02 4.066654799999999814e+06
6.602460215053763477e+02 4.081038799999999814e+06
6.740011469534050548e+02 4.066935799999999814e+06
6.877562724014337618e+02 4.062446799999999814e+06
7.015113978494624689e+02 4.057902799999999814e+06
7.152665232974910623e+02 4.078876799999999814e+06
7.290216487455197694e+02 4.079422799999999814e+06
7.427767741935484764e+02 4.084721799999999814e+06
7.565318996415771835e+02 4.087627799999999814e+06
7.702870250896057769e+02 4.088960799999999814e+06
7.840421505376344840e+02 4.091859799999999814e+06
7.977972759856631910e+02 4.085572799999999814e+06
8.115524014336917844e+02 4.101408799999999814e+06
8.253075268817204915e+02 4.102298799999999814e+06
8.390626523297491985e+02 4.109792799999999814e+06
8.528177777777779056e+02 4.112017799999999814e+06
8.665729032258064990e+02 4.096233799999999814e+06
8.803280286738352061e+02 4.076796799999999814e+06
8.940831541218639131e+02 4.079398799999999814e+06
9.078382795698925065e+02 4.067188799999999814e+06
9.215934050179212136e+02 4.064222799999999814e+06
9.353485304659499207e+02 4.061124799999999814e+06
9.491036559139786277e+02 4.069034799999999814e+06
9.628587813620072211e+02 4.060525799999999814e+06
9.766139068100359282e+02 4.052652799999999814e+06
9.903690322580646352e+02 4.051397799999999814e+06
1.004124157706093229e+03 4.049038799999999814e+06
1.017879283154121936e+03 4.050123799999999814e+06
1.031634408602150643e+03 4.004364799999999814e+06
1.045389534050179236e+03 3.982654799999999814e+06
1.059144659498208057e+03 3.962622799999999814e+06
1.072899784946236650e+03 3.936598799999999814e+06
1.086654910394265244e+03 3.895862799999999814e+06
1.100410035842294064e+03 3.821623799999999814e+06
1.114165161290322658e+03 3.733526799999999814e+06
1.127920286738351251e+03 3.628217799999999814e+06
1.141675412186380072e+03 3.500940799999999814e+06
1.155430537634408665e+03 3.353300799999999814e+06
1.169185663082437486e+03 3.156020799999999814e+06
1.182940788530466079e+03 2.941758799999999814e+06
1.196695913978494673e+03 2.713047799999999814e+06
1.210451039426523494e+03 2.476022799999999814e+06
1.224206164874552087e+03 2.229883799999999814e+06
1.237961290322580680e+03 1.973259800000000047e+06
1.251716415770609501e+03 1.727401800000000047e+06
1.265471541218638095e+03 1.491940800000000047e+06
1.279226666666666688e+03 1.266664800000000047e+06
1.292981792114695509e+03 1.053413800000000047e+06
1.306736917562724102e+03 8.687628000000000466e+05
1.320492043010752695e+03 7.024268000000000466e+05
1.334247168458781516e+03 5.562098000000000466e+05
1.348002293906810110e+03 4.347317999999999884e+05
1.361757419354838930e+03 3.351877999999999884e+05
1.375512544802867524e+03 2.507397999999999884e+05
1.389267670250896117e+03 1.822187999999999884e+05
1.403022795698924938e+03 1.316197999999999884e+05
1.416777921146953531e+03 9.766479999999998836e+04
1.430533046594982125e+03 7.300279999999998836e+04
1.444288172043010945e+03 5.778479999999998836e+04
1.458043297491039539e+03 4.778479999999998836e+04
1.471798422939068132e+03 3.897179999999998836e+04
1.485553548387096953e+03 3.515779999999998836e+04
1.499308673835125546e+03 3.276879999999998836e+04
1.513063799283154367e+03 3.108479999999998836e+04
1.526818924731182960e+03 3.122879999999998836e+04
1.540574050179211554e+03 2.838279999999998836e+04
1.554329175627240375e+03 2.889779999999998836e+04
1.568084301075268968e+03 3.025379999999998836e+04
1.581839426523297561e+03 2.556279999999998836e+04
1.595594551971326382e+03 2.567279999999998836e+04
1.609349677419354975e+03 2.526779999999998836e+04
1.623104802867383569e+03 2.592079999999998836e+04
1.636859928315412390e+03 2.403179999999998836e+04
1.650615053763440983e+03 2.140779999999998836e+04
1.664370179211469576e+03 2.079579999999998836e+04
1.678125304659498397e+03 1.855879999999998836e+04
1.691880430107526990e+03 1.699879999999998836e+04
1.705635555555555811e+03 1.645579999999998836e+04
1.719390681003584405e+03 1.798479999999998836e+04
1.733145806451612998e+03 1.385479999999998836e+04
1.746900931899641819e+03 1.161979999999998836e+04
1.760656057347670412e+03 1.203779999999998836e+04
1.774411182795699006e+03 1.140779999999998836e+04
1.788166308243727826e+03 1.060279999999998836e+04
1.801921433691756420e+03 9.110799999999988358e+03
1.815676559139785013e+03 7.555799999999988358e+03
1.829431684587813834e+03 6.544799999999988358e+03
1.843186810035842427e+03 6.654799999999988358e+03
1.856941935483871248e+03 5.572799999999988358e+03
1.870697060931899841e+03 6.203799999999988358e+03
1.884452186379928435e+03 5.342799999999988358e+03
1.898207311827957255e+03 4.699799999999988358e+03
1.911962437275985849e+03 5.122799999999988358e+03
1.925717562724014442e+03 4.516799999999988358e+03
1.939472688172043263e+03 3.008799999999988358e+03
1.953227813620071856e+03 3.139799999999988358e+03
1.966982939068100450e+03 3.841799999999988358e+03
1.980738064516129270e+03 2.218799999999988358e+03
1.994493189964157864e+03 2.299799999999988358e+03
2.008248315412186457e+03 1.969799999999988358e+03
2.022003440860215278e+03 1.567799999999988358e+03
2.035758566308243871e+03 1.564799999999988358e+03
2.049513691756272692e+03 3.317999999999883585e+02
2.063268817204301286e+03 1.497999999999883585e+02
2.077023942652329879e+03 3.697999999999883585e+02
2.090779068100358472e+03 -6.862000000000116415e+02
2.104534193548387066e+03 -1.235200000000011642e+03
2.118289318996416114e+03 -1.802000000000116415e+02
2.132044444444444707e+03 -5.572000000000116415e+02
2.145799569892473301e+03 -1.576200000000011642e+03
2.159554695340501894e+03 -1.541200000000011642e+03
2.173309820788530487e+03 -1.072200000000011642e+03
2.187064946236559535e+03 -6.992000000000116415e+02
2.200820071684588129e+03 -1.817200000000011642e+03
2.214575197132616722e+03 -1.281200000000011642e+03
2.228330322580645316e+03 -1.582200000000011642e+03
2.242085448028673909e+03 -1.219200000000011642e+03
2.255840573476702502e+03 -4.352000000000116415e+02
2.269595698924731551e+03 -1.931200000000011642e+03
2.283350824372760144e+03 -1.726200000000011642e+03
2.297105949820788737e+03 -1.161200000000011642e+03
2.310861075268817331e+03 -8.312000000000116415e+02
2.324616200716845924e+03 -1.081200000000011642e+03
2.338371326164874972e+03 -1.503200000000011642e+03
2.352126451612903566e+03 -1.357200000000011642e+03
2.365881577060932159e+03 -3.342000000000116415e+02
2.379636702508960752e+03 -9.872000000000116415e+02
2.393391827956989346e+03 -6.782000000000116415e+02
2.407146953405017939e+03 -1.015200000000011642e+03
2.420902078853046987e+03 -2.114200000000011642e+03
2.434657204301075581e+03 -2.075200000000011642e+03
2.448412329749104174e+03 -1.632200000000011642e+03
2.462167455197132767e+03 -1.881200000000011642e+03
2.475922580645161361e+03 -1.219200000000011642e+03
2.489677706093190409e+03 -1.689200000000011642e+03
2.503432831541219002e+03 -1.885200000000011642e+03
2.517187956989247596e+03 -1.989200000000011642e+03
2.530943082437276189e+03 -1.475200000000011642e+03
2.544698207885304782e+03 -1.643200000000011642e+03
2.558453333333333376e+03 -1.721200000000011642e+03
2.572208458781362424e+03 -1.415200000000011642e+03
2.585963584229391017e+03 -1.639200000000011642e+03
2.599718709677419611e+03 -1.912200000000011642e+03
2.613473835125448204e+03 -2.223200000000011642e+03
2.627228960573476797e+03 -1.059200000000011642e+03
2.640984086021505391e+03 -1.915200000000011642e+03
2.654739211469534439e+03 -2.082200000000011642e+03
2.668494336917563032e+03 4.019799999999988358e+03
2.682249462365591626e+03 -1.276200000000011642e+03
2.696004587813620219e+03 -4.732000000000116415e+02
2.709759713261648812e+03 -2.772000000000116415e+02
2.723514838709677861e+03 -1.573200000000011642e+03
2.737269964157706454e+03 -1.513200000000011642e+03
2.751025089605735047e+03 -1.572200000000011642e+03
2.764780215053763641e+03 -1.550200000000011642e+03
2.778535340501792234e+03 -1.287200000000011642e+03
2.792290465949820828e+03 -1.923200000000011642e+03
2.806045591397849876e+03 -1.026200000000011642e+03
2.819800716845878469e+03 -2.302200000000011642e+03
2.833555842293907062e+03 -2.094200000000011642e+03
2.847310967741935656e+03 -1.773200000000011642e+03
2.861066093189964249e+03 -2.189200000000011642e+03
2.874821218637993297e+03 -2.478200000000011642e+03
2.888576344086021891e+03 -1.341200000000011642e+03
2.902331469534050484e+03 -2.057200000000011642e+03
2.916086594982079077e+03 -1.838200000000011642e+03
2.929841720430107671e+03 -2.288200000000011642e+03
2.943596845878136264e+03 -1.788200000000011642e+03
2.957351971326165312e+03 -1.979200000000011642e+03
2.971107096774193906e+03 -2.370200000000011642e+03
2.984862222222222499e+03 -2.612200000000011642e+03
2.998617347670251092e+03 -2.266200000000011642e+03
3.012372473118279686e+03 -1.882200000000011642e+03
3.026127598566308734e+03 -9.032000000000116415e+02
3.039882724014337327e+03 -1.192200000000011642e+03
3.053637849462365921e+03 -2.525200000000011642e+03
3.067392974910394514e+03 -2.122200000000011642e+03
3.081148100358423108e+03 -1.974200000000011642e+03
3.094903225806451701e+03 -2.435200000000011642e+03
3.108658351254480749e+03 -1.521200000000011642e+03
3.122413476702509342e+03 -1.199200000000011642e+03
3.136168602150537936e+03 -1.926200000000011642e+03
3.149923727598566529e+03 -1.760200000000011642e+03
3.163678853046595123e+03 -2.176200000000011642e+03
3.177433978494624171e+03 -2.733200000000011642e+03
3.191189103942652764e+03 -1.786200000000011642e+03
3.204944229390681357e+03 -1.793200000000011642e+03
3.218699354838709951e+03 -2.707200000000011642e+03
3.232454480286738544e+03 -2.462200000000011642e+03
3.246209605734767138e+03 -2.382200000000011642e+03
3.259964731182796186e+03 -1.908200000000011642e+03
3.273719856630824779e+03 -2.328200000000011642e+03
3.287474982078853373e+03 -2.021200000000011642e+03
3.301230107526881966e+03 -1.340200000000011642e+03
3.314985232974910559e+03 -1.346200000000011642e+03
3.328740358422939153e+03 -1.329200000000011642e+03
3.342495483870968201e+03 -9.862000000000116415e+02
3.356250609318996794e+03 -9.602000000000116415e+02
3.370005734767025388e+03 -8.522000000000116415e+02
3.383760860215053981e+03 -5.122000000000116415e+02
3.397515985663082574e+03 -6.582000000000116415e+02
3.411271111111111622e+03 -1.087200000000011642e+03
3.425026236559140216e+03 -1.400200000000011642e+03
3.438781362007168809e+03 -1.346200000000011642e+03
3.452536487455197403e+03 -8.442000000000116415e+02
3.466291612903225996e+03 -1.543200000000011642e+03
3.480046738351254589e+03 -1.404200000000011642e+03
3.493801863799283637e+03 -1.702200000000011642e+03
3.507556989247312231e+03 -1.414200000000011642e+03
3.521312114695340824e+03 -2.069200000000011642e+03
3.535067240143369418e+03 -1.572200000000011642e+03
3.548822365591398011e+03 -9.412000000000116415e+02
3.562577491039427059e+03 -1.967200000000011642e+03
3.576332616487455653e+03 -1.396200000000011642e+03
3.590087741935484246e+03 -1.429200000000011642e+03
3.603842867383512839e+03 -1.053200000000011642e+03
3.617597992831541433e+03 -1.523200000000011642e+03
3.631353118279570026e+03 -9.742000000000116415e+02
3.645108243727599074e+03 -4.372000000000116415e+02
3.658863369175627668e+03 -1.125200000000011642e+03
3.672618494623656261e+03 -1.077200000000011642e+03
3.686373620071684854e+03 -1.099200000000011642e+03
3.700128745519713448e+03 -1.090200000000011642e+03
3.713883870967742496e+03 -9.622000000000116415e+02
3.727638996415771089e+03 -1.014200000000011642e+03
3.741394121863799683e+03 -1.609200000000011642e+03
3.755149247311828276e+03 -4.242000000000116415e+02
3.768904372759856869e+03 -4.732000000000116415e+02
3.782659498207885463e+03 -7.912000000000116415e+02
3.796414623655914511e+03 4.277999999999883585e+02
3.810169749103943104e+03 1.717999999999883585e+02
3.823924874551971698e+03 -6.792000000000116415e+02
3.837680000000000291e+03 -1.281200000000011642e+03
3.851435125448028884e+03 -2.282000000000116415e+02
3.865190250896057478e+03 -3.642000000000116415e+02
3.878945376344086526e+03 1.579999999998835847e+01
3.892700501792115119e+03 7.279999999998835847e+01
3.906455627240143713e+03 -6.212000000000116415e+02
3.920210752688172306e+03 1.179999999998835847e+01
3.933965878136200899e+03 -1.290200000000011642e+03
3.947721003584229948e+03 -3.482000000000116415e+02
3.961476129032258541e+03 3.467999999999883585e+02
3.975231254480287134e+03 -1.382000000000116415e+02
3.988986379928315728e+03 1.170799999999988358e+03
4.002741505376344321e+03 -2.820000000001164153e+01
4.016496630824372915e+03 -5.192000000000116415e+02
4.030251756272401963e+03 -7.632000000000116415e+02
4.044006881720430556e+03 -1.172200000000011642e+03
4.057762007168459149e+03 -5.662000000000116415e+02
4.071517132616487743e+03 -1.332000000000116415e+02
4.085272258064516336e+03 8.327999999999883585e+02
4.099027383512545384e+03 5.877999999999883585e+02
4.112782508960573978e+03 -3.072000000000116415e+02
4.126537634408602571e+03 -7.320000000001164153e+01
4.140292759856631164e+03 -1.172000000000116415e+02
4.154047885304659758e+03 5.747999999999883585e+02
4.167803010752688351e+03 2.127999999999883585e+02
4.181558136200716945e+03 1.757999999999883585e+02
4.195313261648745538e+03 1.187999999999883585e+02
4.209068387096774131e+03 -6.172000000000116415e+02
4.222823512544803634e+03 8.779999999998835847e+01
4.236578637992832228e+03 -4.172000000000116415e+02
4.250333763440860821e+03 -5.962000000000116415e+02
4.264088888888889414e+03 1.718799999999988358e+03
4.277844014336918008e+03 1.447999999999883585e+02
4.291599139784946601e+03 4.367999999999883585e+02
4.305354265232975195e+03 -4.102000000000116415e+02
4.319109390681003788e+03 -1.252000000000116415e+02
4.332864516129032381e+03 2.367999999999883585e+02
4.346619641577060975e+03 3.527999999999883585e+02
4.360374767025089568e+03 1.799999999988358468e+00
4.374129892473119071e+03 -3.502000000000116415e+02
4.387885017921147664e+03 -9.120000000001164153e+01
4.401640143369176258e+03 3.517999999999883585e+02
4.415395268817204851e+03 -9.200000000011641532e+00
4.429150394265233444e+03 -3.532000000000116415e+02
4.442905519713262038e+03 -2.062000000000116415e+02
4.456660645161290631e+03 2.079999999998835847e+01
4.470415770609319225e+03 3.215799999999988358e+03
4.484170896057347818e+03 -2.872000000000116415e+02
4.497926021505376411e+03 2.657999999999883585e+02
4.511681146953405005e+03 5.197999999999883585e+02
4.525436272401434508e+03 -3.920000000001164153e+01
4.539191397849463101e+03 -2.572000000000116415e+02
4.552946523297491694e+03 7.237999999999883585e+02
4.566701648745520288e+03 6.117999999999883585e+02
4.580456774193548881e+03 8.179999999998835847e+01
4.594211899641577475e+03 2.347999999999883585e+02
4.607967025089606068e+03 1.602799999999988358e+03
4.621722150537634661e+03 7.697999999999883585e+02
4.635477275985663255e+03 9.137999999999883585e+02
4.649232401433691848e+03 4.497999999999883585e+02
4.662987526881720441e+03 2.597999999999883585e+02
4.676742652329749944e+03 1.646799999999988358e+03
4.690497777777778538e+03 1.605799999999988358e+03
4.704252903225807131e+03 4.687999999999883585e+02
4.718008028673835724e+03 8.777999999999883585e+02
4.731763154121864318e+03 1.616799999999988358e+03
4.745518279569892911e+03 5.567999999999883585e+02
4.759273405017921505e+03 1.002799999999988358e+03
4.773028530465950098e+03 2.337999999999883585e+02
4.786783655913978691e+03 1.884799999999988358e+03
4.800538781362007285e+03 5.907999999999883585e+02
4.814293906810035878e+03 5.879999999998835847e+01
4.828049032258065381e+03 3.747999999999883585e+02
4.841804157706093974e+03 5.107999999999883585e+02
4.855559283154122568e+03 -1.320000000001164153e+01
4.869314408602151161e+03 1.622799999999988358e+03
4.883069534050179755e+03 4.647999999999883585e+02
4.896824659498208348e+03 1.757999999999883585e+02
4.910579784946236941e+03 3.757999999999883585e+02
4.924334910394265535e+03 1.637999999999883585e+02
4.938090035842294128e+03 1.316799999999988358e+03
4.951845161290322721e+03 -1.632000000000116415e+02
4.965600286738351315e+03 2.597999999999883585e+02
4.979355412186380818e+03 7.999999999883584678e-01
4.993110537634409411e+03 2.407999999999883585e+02
5.006865663082438004e+03 1.827999999999883585e+02
5.020620788530466598e+03 -2.692000000000116415e+02
5.034375913978495191e+03 8.747999999999883585e+02
5.048131039426523785e+03 3.097999999999883585e+02
5.061886164874552378e+03 9.457999999999883585e+02
5.075641290322580971e+03 5.707999999999883585e+02
5.089396415770609565e+03 2.937999999999883585e+02
5.103151541218638158e+03 4.457999999999883585e+02
5.116906666666666752e+03 5.277999999999883585e+02
5.130661792114696254e+03 1.427999999999883585e+02
5.144416917562724848e+03 6.467999999999883585e+02
5.158172043010753441e+03 5.427999999999883585e+02
5.171927168458782035e+03 1.737799999999988358e+03
5.185682293906810628e+03 1.048799999999988358e+03
5.199437419354839221e+03 1.106799999999988358e+03
5.213192544802867815e+03 4.977999999999883585e+02
5.226947670250896408e+03 -1.012000000000116415e+02
5.240702795698925001e+03 1.247999999999883585e+02
5.254457921146953595e+03 -5.791200000000011642e+03
5.268213046594982188e+03 -1.256920000000001164e+04
5.281968172043010782e+03 -1.248120000000001164e+04
5.295723297491040285e+03 -1.229120000000001164e+04
5.309478422939068878e+03 -1.263520000000001164e+04
5.323233548387097471e+03 -1.242320000000001164e+04
5.336988673835126065e+03 -1.269120000000001164e+04
5.350743799283154658e+03 -1.249420000000001164e+04
5.364498924731183251e+03 -1.254020000000001164e+04
5.378254050179211845e+03 -1.242920000000001164e+04
5.392009175627240438e+03 -1.255320000000001164e+04
5.405764301075269032e+03 -1.232420000000001164e+04
5.419519426523297625e+03 -1.251520000000001164e+04
5.433274551971326218e+03 -1.235720000000001164e+04
5.447029677419355721e+03 -1.231920000000001164e+04
5.460784802867384315e+03 -1.242820000000001164e+04
5.474539928315412908e+03 -1.251420000000001164e+04
5.488295053763441501e+03 -1.237720000000001164e+04
5.502050179211470095e+03 -1.250520000000001164e+04
5.515805304659498688e+03 -1.247420000000001164e+04
5.529560430107527282e+03 -1.259120000000001164e+04
5.543315555555555875e+03 -1.252420000000001164e+04
5.557070681003584468e+03 -1.239020000000001164e+04
5.570825806451613062e+03 -1.243420000000001164e+04
