-1.912011387900355658e+03 -1.596190000000002328e+03
-1.898354163701067364e+03 -7.148190000000002328e+03
-1.884696939501779070e+03 -8.439190000000002328e+03
-1.871039715302490777e+03 -8.884190000000002328e+03
-1.857382491103202710e+03 -9.377190000000002328e+03
-1.843725266903914417e+03 -9.442190000000002328e+03
-1.830068042704626123e+03 -9.905190000000002328e+03
-1.816410818505337829e+03 -1.013219000000000233e+04
-1.802753594306049536e+03 -1.031219000000000233e+04
-1.789096370106761242e+03 -1.090319000000000233e+04
-1.775439145907473176e+03 -1.059919000000000233e+04
-1.761781921708184882e+03 -1.086819000000000233e+04
-1.748124697508896588e+03 -5.694190000000002328e+03
-1.734467473309608295e+03 -9.019000000000232831e+01
-1.720810249110320001e+03 -3.541900000000023283e+02
-1.707153024911031935e+03 -6.761900000000023283e+02
-1.693495800711743641e+03 -1.221190000000002328e+03
-1.679838576512455347e+03 -3.041900000000023283e+02
-1.666181352313167054e+03 -1.181190000000002328e+03
-1.652524128113878760e+03 -1.248190000000002328e+03
-1.638866903914590466e+03 -9.301900000000023283e+02
-1.625209679715302400e+03 -9.831900000000023283e+02
-1.611552455516014106e+03 -1.060190000000002328e+03
-1.597895231316725813e+03 1.473809999999997672e+03
-1.584238007117437519e+03 -1.668190000000002328e+03
-1.570580782918149225e+03 -1.246190000000002328e+03
-1.556923558718860932e+03 -8.461900000000023283e+02
-1.543266334519572865e+03 -2.254190000000002328e+03
-1.529609110320284572e+03 -1.255190000000002328e+03
-1.515951886120996278e+03 -1.491190000000002328e+03
-1.502294661921707984e+03 -4.821900000000023283e+02
-1.488637437722419691e+03 -1.419190000000002328e+03
-1.474980213523131397e+03 -1.829190000000002328e+03
-1.461322989323843331e+03 -2.465190000000002328e+03
-1.447665765124555037e+03 -2.485190000000002328e+03
-1.434008540925266743e+03 -2.032190000000002328e+03
-1.420351316725978450e+03 -1.661190000000002328e+03
-1.406694092526690156e+03 -1.816190000000002328e+03
-1.393036868327401862e+03 -1.067190000000002328e+03
-1.379379644128113796e+03 -2.495190000000002328e+03
-1.365722419928825502e+03 -1.380190000000002328e+03
-1.352065195729537209e+03 -2.056190000000002328e+03
-1.338407971530248915e+03 -1.365190000000002328e+03
-1.324750747330960621e+03 -2.135190000000002328e+03
-1.311093523131672555e+03 -1.803190000000002328e+03
-1.297436298932384261e+03 -1.719190000000002328e+03
-1.283779074733095968e+03 -1.944190000000002328e+03
-1.270121850533807674e+03 -1.544190000000002328e+03
-1.256464626334519380e+03 -2.196190000000002328e+03
-1.242807402135231087e+03 -2.062190000000002328e+03
-1.229150177935943020e+03 -2.269190000000002328e+03
-1.215492953736654727e+03 -2.069190000000002328e+03
-1.201835729537366433e+03 -2.491190000000002328e+03
-1.188178505338078139e+03 -1.145190000000002328e+03
-1.174521281138789845e+03 -1.325190000000002328e+03
-1.160864056939501552e+03 -2.017190000000002328e+03
-1.147206832740213486e+03 -1.684190000000002328e+03
-1.133549608540925192e+03 -1.662190000000002328e+03
-1.119892384341636898e+03 -1.909190000000002328e+03
-1.106235160142348604e+03 -2.287190000000002328e+03
-1.092577935943060311e+03 -2.526190000000002328e+03
-1.078920711743772017e+03 -1.518190000000002328e+03
-1.065263487544483951e+03 -2.049190000000002328e+03
-1.051606263345195657e+03 -1.732190000000002328e+03
-1.037949039145907363e+03 -2.358190000000002328e+03
-1.024291814946619070e+03 -1.766190000000002328e+03
-1.010634590747330890e+03 -2.767190000000002328e+03
-9.969773665480425962e+02 -2.057190000000002328e+03
-9.833201423487543025e+02 -2.489190000000002328e+03
-9.696629181494661225e+02 -2.148190000000002328e+03
-9.560056939501778288e+02 -2.421190000000002328e+03
-9.423484697508895351e+02 -3.297190000000002328e+03
-9.286912455516013551e+02 -2.074190000000002328e+03
-9.150340213523130615e+02 -1.572190000000002328e+03
-9.013767971530247678e+02 -2.336190000000002328e+03
-8.877195729537365878e+02 -1.890190000000002328e+03
-8.740623487544482941e+02 -1.522190000000002328e+03
-8.604051245551600005e+02 -1.703190000000002328e+03
-8.467479003558718205e+02 -1.965190000000002328e+03
-8.330906761565835268e+02 -2.430190000000002328e+03
-8.194334519572952331e+02 -2.114190000000002328e+03
-8.057762277580070531e+02 -3.029190000000002328e+03
-7.921190035587187595e+02 -1.876190000000002328e+03
-7.784617793594304658e+02 -2.273190000000002328e+03
-7.648045551601422858e+02 -2.000190000000002328e+03
-7.511473309608539921e+02 -2.437190000000002328e+03
-7.374901067615656984e+02 -2.135190000000002328e+03
-7.238328825622775184e+02 -1.955190000000002328e+03
-7.101756583629892248e+02 -2.245190000000002328e+03
-6.965184341637009311e+02 -2.196190000000002328e+03
-6.828612099644127511e+02 -2.123190000000002328e+03
-6.692039857651244574e+02 -2.324190000000002328e+03
-6.555467615658362774e+02 -2.024190000000002328e+03
-6.418895373665479838e+02 -2.089190000000002328e+03
-6.282323131672596901e+02 -2.674190000000002328e+03
-6.145750889679715101e+02 -2.199190000000002328e+03
-6.009178647686832164e+02 -2.080190000000002328e+03
-5.872606405693949227e+02 -1.900190000000002328e+03
-5.736034163701067428e+02 -1.761190000000002328e+03
-5.599461921708184491e+02 -2.253190000000002328e+03
-5.462889679715301554e+02 -1.724190000000002328e+03
-5.326317437722419754e+02 -2.448190000000002328e+03
-5.189745195729536817e+02 -9.631900000000023283e+02
-5.053172953736654449e+02 -4.051900000000023283e+02
-4.916600711743771512e+02 1.268809999999997672e+03
-4.780028469750889144e+02 3.057809999999997672e+03
-4.643456227758006776e+02 2.860809999999997672e+03
-4.506883985765123839e+02 3.367809999999997672e+03
-4.370311743772241471e+02 4.601809999999997672e+03
-4.233739501779359102e+02 6.461809999999997672e+03
-4.097167259786476166e+02 7.267809999999997672e+03
-3.960595017793593797e+02 8.460809999999997672e+03
-3.824022775800711429e+02 1.080180999999999767e+04
-3.687450533807828492e+02 1.199080999999999767e+04
-3.550878291814946124e+02 1.479580999999999767e+04
-3.414306049822063756e+02 1.616880999999999767e+04
-3.277733807829181387e+02 1.628980999999999767e+04
-3.141161565836298450e+02 1.708280999999999767e+04
-3.004589323843416082e+02 1.958280999999999767e+04
-2.868017081850533714e+02 1.842980999999999767e+04
-2.731444839857650777e+02 2.060180999999999767e+04
-2.594872597864768409e+02 2.382480999999999767e+04
-2.458300355871885756e+02 2.626880999999999767e+04
-2.321728113879003388e+02 2.823980999999999767e+04
-2.185155871886120735e+02 3.299880999999999767e+04
-2.048583629893238083e+02 3.469180999999999767e+04
-1.912011387900355714e+02 3.714680999999999767e+04
-1.775439145907473062e+02 4.093080999999999767e+04
-1.638866903914590694e+02 4.341680999999999767e+04
-1.502294661921708041e+02 4.500080999999999767e+04
-1.365722419928825389e+02 4.480680999999999767e+04
-1.229150177935942878e+02 4.527180999999999767e+04
-1.092577935943060368e+02 4.725180999999999767e+04
-9.560056939501778572e+01 4.890680999999999767e+04
-8.194334519572953468e+01 5.501780999999999767e+04
-6.828612099644126943e+01 5.818280999999999767e+04
-5.462889679715301838e+01 6.266680999999999767e+04
-4.097167259786476734e+01 6.527280999999999767e+04
-2.731444839857650919e+01 6.961080999999999767e+04
-1.365722419928825460e+01 7.519880999999999767e+04
0.000000000000000000e+00 8.206580999999999767e+04
1.365722419928825460e+01 9.040880999999999767e+04
2.731444839857650919e+01 9.738680999999999767e+04
4.097167259786476734e+01 1.065358099999999977e+05
5.462889679715301838e+01 1.192288099999999977e+05
6.828612099644126943e+01 1.352438099999999977e+05
8.194334519572953468e+01 1.534068099999999977e+05
9.560056939501778572e+01 1.773398099999999977e+05
1.092577935943060368e+02 2.073328099999999977e+05
1.229150177935942878e+02 2.407168099999999977e+05
1.365722419928825389e+02 2.839748099999999977e+05
1.502294661921708041e+02 3.312688099999999977e+05
1.638866903914590694e+02 3.960588099999999977e+05
1.775439145907473062e+02 4.751988099999999977e+05
1.912011387900355714e+02 5.704618100000000559e+05
2.048583629893238083e+02 6.736438100000000559e+05
2.185155871886120735e+02 8.001338100000000559e+05
2.321728113879003388e+02 9.477238100000000559e+05
2.458300355871885756e+02 1.111924810000000056e+06
2.594872597864768409e+02 1.271713810000000056e+06
2.731444839857650777e+02 1.450443810000000056e+06
2.868017081850533714e+02 1.638550810000000056e+06
3.004589323843416082e+02 1.809286810000000056e+06
3.141161565836298450e+02 1.985230810000000056e+06
3.277733807829181387e+02 2.180976810000000056e+06
3.414306049822063756e+02 2.364103810000000056e+06
3.550878291814946124e+02 2.551937810000000056e+06
3.687450533807828492e+02 2.723894810000000056e+06
3.824022775800711429e+02 2.872150810000000056e+06
3.960595017793593797e+02 2.992521810000000056e+06
4.097167259786476166e+02 3.116572810000000056e+06
4.233739501779359102e+02 3.208019810000000056e+06
4.370311743772241471e+02 3.307031810000000056e+06
4.506883985765123839e+02 3.370944810000000056e+06
4.643456227758006776e+02 3.422713810000000056e+06
4.780028469750889144e+02 3.490787810000000056e+06
4.916600711743771512e+02 3.555426810000000056e+06
5.053172953736654449e+02 3.590551810000000056e+06
5.189745195729536817e+02 3.622483810000000056e+06
5.326317437722419754e+02 3.618007810000000056e+06
5.462889679715301554e+02 3.621920810000000056e+06
5.599461921708184491e+02 3.632304810000000056e+06
5.736034163701067428e+02 3.631724810000000056e+06
5.872606405693949227e+02 3.622347810000000056e+06
6.009178647686832164e+02 3.615770810000000056e+06
6.145750889679715101e+02 3.620802810000000056e+06
6.282323131672596901e+02 3.618217810000000056e+06
6.418895373665479838e+02 3.633084810000000056e+06
6.555467615658362774e+02 3.649264810000000056e+06
6.692039857651244574e+02 3.652719810000000056e+06
6.828612099644127511e+02 3.673863810000000056e+06
6.965184341637009311e+02 3.691039810000000056e+06
7.101756583629892248e+02 3.705212810000000056e+06
7.238328825622775184e+02 3.705247810000000056e+06
7.374901067615656984e+02 3.702737810000000056e+06
7.511473309608539921e+02 3.717446810000000056e+06
7.648045551601422858e+02 3.728910810000000056e+06
7.784617793594304658e+02 3.725556810000000056e+06
7.921190035587187595e+02 3.735721810000000056e+06
8.057762277580070531e+02 3.740084810000000056e+06
8.194334519572952331e+02 3.750566810000000056e+06
8.330906761565835268e+02 3.792665810000000056e+06
8.467479003558718205e+02 3.802318810000000056e+06
8.604051245551600005e+02 3.806498810000000056e+06
8.740623487544482941e+02 3.811123810000000056e+06
8.877195729537365878e+02 3.810900810000000056e+06
9.013767971530247678e+02 3.822979810000000056e+06
9.150340213523130615e+02 3.838826810000000056e+06
9.286912455516013551e+02 3.838657810000000056e+06
9.423484697508895351e+02 3.839498810000000056e+06
9.560056939501778288e+02 3.838381810000000056e+06
9.696629181494661225e+02 3.854045810000000056e+06
9.833201423487543025e+02 3.843989810000000056e+06
9.969773665480425962e+02 3.828088810000000056e+06
1.010634590747330890e+03 3.818161810000000056e+06
1.024291814946619070e+03 3.793307810000000056e+06
1.037949039145907363e+03 3.785706810000000056e+06
1.051606263345195657e+03 3.763967810000000056e+06
1.065263487544483951e+03 3.766409810000000056e+06
1.078920711743772017e+03 3.774725810000000056e+06
1.092577935943060311e+03 3.766256810000000056e+06
1.106235160142348604e+03 3.754517810000000056e+06
1.119892384341636898e+03 3.755947810000000056e+06
1.133549608540925192e+03 3.733866810000000056e+06
1.147206832740213486e+03 3.721904810000000056e+06
1.160864056939501552e+03 3.718803810000000056e+06
1.174521281138789845e+03 3.717991810000000056e+06
1.188178505338078139e+03 3.689912810000000056e+06
1.201835729537366433e+03 3.655137810000000056e+06
1.215492953736654727e+03 3.611781810000000056e+06
1.229150177935943020e+03 3.552786810000000056e+06
1.242807402135231087e+03 3.456895810000000056e+06
1.256464626334519380e+03 3.326148810000000056e+06
1.270121850533807674e+03 3.173900810000000056e+06
1.283779074733095968e+03 2.981942810000000056e+06
1.297436298932384261e+03 2.761545810000000056e+06
1.311093523131672555e+03 2.520461810000000056e+06
1.324750747330960621e+03 2.275217810000000056e+06
1.338407971530248915e+03 2.001440810000000056e+06
1.352065195729537209e+03 1.728735810000000056e+06
1.365722419928825502e+03 1.471221810000000056e+06
1.379379644128113796e+03 1.230554810000000056e+06
1.393036868327401862e+03 1.013012810000000056e+06
1.406694092526690156e+03 8.246588100000000559e+05
1.420351316725978450e+03 6.581618100000000559e+05
1.434008540925266743e+03 5.070828099999999977e+05
1.447665765124555037e+03 3.728278099999999977e+05
1.461322989323843331e+03 2.666858099999999977e+05
1.474980213523131397e+03 1.860668099999999977e+05
1.488637437722419691e+03 1.268638099999999977e+05
1.502294661921707984e+03 8.752780999999999767e+04
1.515951886120996278e+03 6.220080999999999767e+04
1.529609110320284572e+03 4.958080999999999767e+04
1.543266334519572865e+03 4.070880999999999767e+04
1.556923558718860932e+03 3.447180999999999767e+04
1.570580782918149225e+03 3.521980999999999767e+04
1.584238007117437519e+03 3.459280999999999767e+04
1.597895231316725813e+03 2.997080999999999767e+04
1.611552455516014106e+03 2.955780999999999767e+04
1.625209679715302400e+03 2.891980999999999767e+04
1.638866903914590466e+03 2.841780999999999767e+04
1.652524128113878760e+03 2.789180999999999767e+04
1.666181352313167054e+03 2.691480999999999767e+04
1.679838576512455347e+03 2.741280999999999767e+04
1.693495800711743641e+03 2.658380999999999767e+04
1.707153024911031935e+03 2.580480999999999767e+04
1.720810249110320001e+03 2.429180999999999767e+04
1.734467473309608295e+03 2.292480999999999767e+04
1.748124697508896588e+03 2.221680999999999767e+04
1.761781921708184882e+03 2.030780999999999767e+04
1.775439145907473176e+03 1.935480999999999767e+04
1.789096370106761242e+03 1.769880999999999767e+04
1.802753594306049536e+03 1.671380999999999767e+04
1.816410818505337829e+03 1.513480999999999767e+04
1.830068042704626123e+03 1.464780999999999767e+04
1.843725266903914417e+03 1.373780999999999767e+04
1.857382491103202710e+03 1.221980999999999767e+04
1.871039715302490777e+03 1.107380999999999767e+04
1.884696939501779070e+03 1.010780999999999767e+04
1.898354163701067364e+03 8.295809999999997672e+03
1.912011387900355658e+03 7.423809999999997672e+03
1.925668612099643951e+03 7.178809999999997672e+03
1.939325836298932245e+03 6.659809999999997672e+03
1.952983060498220311e+03 6.157809999999997672e+03
1.966640284697508605e+03 6.390809999999997672e+03
1.980297508896796899e+03 6.652809999999997672e+03
1.993954733096085192e+03 4.838809999999997672e+03
2.007611957295373486e+03 3.673809999999997672e+03
2.021269181494661780e+03 2.997809999999997672e+03
2.034926405693949846e+03 2.066809999999997672e+03
2.048583629893238140e+03 2.347809999999997672e+03
2.062240854092526661e+03 2.036809999999997672e+03
2.075898078291814727e+03 1.176809999999997672e+03
2.089555302491102793e+03 1.312809999999997672e+03
2.103212526690391314e+03 1.988099999999976717e+02
2.116869750889679381e+03 -4.001900000000023283e+02
2.130526975088967902e+03 3.168099999999976717e+02
2.144184199288255968e+03 4.618099999999976717e+02
2.157841423487544034e+03 -7.901900000000023283e+02
2.171498647686832555e+03 -9.151900000000023283e+02
2.185155871886120622e+03 -8.761900000000023283e+02
2.198813096085409143e+03 -4.861900000000023283e+02
2.212470320284697209e+03 -1.011190000000002328e+03
2.226127544483985275e+03 -4.331900000000023283e+02
2.239784768683273796e+03 -1.372190000000002328e+03
2.253441992882561863e+03 -1.723190000000002328e+03
2.267099217081850384e+03 -6.471900000000023283e+02
2.280756441281138450e+03 -1.361190000000002328e+03
2.294413665480426971e+03 -1.632190000000002328e+03
2.308070889679715037e+03 -1.177190000000002328e+03
2.321728113879003104e+03 -1.184190000000002328e+03
2.335385338078291625e+03 -1.828190000000002328e+03
2.349042562277579691e+03 -2.560190000000002328e+03
2.362699786476868212e+03 -1.957190000000002328e+03
2.376357010676156278e+03 -1.488190000000002328e+03
2.390014234875444345e+03 -1.920190000000002328e+03
2.403671459074732866e+03 -1.434190000000002328e+03
2.417328683274020932e+03 -2.230190000000002328e+03
2.430985907473309453e+03 -2.184190000000002328e+03
2.444643131672597519e+03 -2.135190000000002328e+03
2.458300355871886040e+03 -9.061900000000023283e+02
2.471957580071174107e+03 -2.332190000000002328e+03
2.485614804270462173e+03 -1.853190000000002328e+03
2.499272028469750694e+03 -1.645190000000002328e+03
2.512929252669038760e+03 -1.631190000000002328e+03
2.526586476868327281e+03 -2.006190000000002328e+03
2.540243701067615348e+03 -1.152190000000002328e+03
2.553900925266903414e+03 -1.913190000000002328e+03
2.567558149466191935e+03 -1.770190000000002328e+03
2.581215373665480001e+03 -1.676190000000002328e+03
2.594872597864768522e+03 -2.113190000000002328e+03
2.608529822064056589e+03 -1.948190000000002328e+03
2.622187046263345110e+03 -2.761190000000002328e+03
2.635844270462633176e+03 -6.991900000000023283e+02
2.649501494661921242e+03 -1.815190000000002328e+03
2.663158718861209763e+03 -1.766190000000002328e+03
2.676815943060497830e+03 -4.651900000000023283e+02
2.690473167259786351e+03 -1.644190000000002328e+03
2.704130391459074417e+03 -7.821900000000023283e+02
2.717787615658362483e+03 -7.921900000000023283e+02
2.731444839857651004e+03 -2.083190000000002328e+03
2.745102064056939071e+03 9.553809999999997672e+03
2.758759288256227592e+03 -1.950190000000002328e+03
2.772416512455515658e+03 -1.420190000000002328e+03
2.786073736654803724e+03 -1.148190000000002328e+03
2.799730960854092245e+03 -2.538190000000002328e+03
2.813388185053380312e+03 -1.132190000000002328e+03
2.827045409252668833e+03 -2.404190000000002328e+03
2.840702633451956899e+03 -1.848190000000002328e+03
2.854359857651245420e+03 -2.238190000000002328e+03
2.868017081850533486e+03 -2.317190000000002328e+03
2.881674306049821553e+03 -2.242190000000002328e+03
2.895331530249110074e+03 -1.676190000000002328e+03
2.908988754448398140e+03 -2.166190000000002328e+03
2.922645978647686661e+03 -1.558190000000002328e+03
2.936303202846974727e+03 -2.420190000000002328e+03
2.949960427046262794e+03 -1.837190000000002328e+03
2.963617651245551315e+03 -1.292190000000002328e+03
2.977274875444839381e+03 -2.300190000000002328e+03
2.990932099644127902e+03 -2.938190000000002328e+03
3.004589323843415968e+03 -3.273190000000002328e+03
3.018246548042704489e+03 -2.704190000000002328e+03
3.031903772241992556e+03 -1.503190000000002328e+03
3.045560996441280622e+03 -1.512190000000002328e+03
3.059218220640569143e+03 -2.558190000000002328e+03
3.072875444839857209e+03 -2.791190000000002328e+03
3.086532669039145730e+03 -2.397190000000002328e+03
3.100189893238433797e+03 -2.491190000000002328e+03
3.113847117437721863e+03 -1.190190000000002328e+03
3.127504341637010384e+03 -9.631900000000023283e+02
3.141161565836298450e+03 -1.769190000000002328e+03
3.154818790035586971e+03 -1.684190000000002328e+03
3.168476014234875038e+03 -1.511190000000002328e+03
3.182133238434163104e+03 -2.211190000000002328e+03
3.195790462633451625e+03 -1.516190000000002328e+03
3.209447686832739691e+03 -1.395190000000002328e+03
3.223104911032028213e+03 -2.344190000000002328e+03
3.236762135231316279e+03 -2.349190000000002328e+03
3.250419359430604800e+03 -1.688190000000002328e+03
3.264076583629892866e+03 -1.206190000000002328e+03
3.277733807829180932e+03 -1.406190000000002328e+03
3.291391032028469454e+03 -1.681190000000002328e+03
3.305048256227757520e+03 -1.639190000000002328e+03
3.318705480427046041e+03 -2.097190000000002328e+03
3.332362704626334107e+03 -2.336190000000002328e+03
3.346019928825622173e+03 -1.088190000000002328e+03
3.359677153024910695e+03 -1.227190000000002328e+03
3.373334377224198761e+03 -1.243190000000002328e+03
3.386991601423487282e+03 -1.226190000000002328e+03
3.400648825622775348e+03 -1.242190000000002328e+03
3.414306049822063869e+03 -1.288190000000002328e+03
3.427963274021351936e+03 -1.634190000000002328e+03
3.441620498220640002e+03 -2.175190000000002328e+03
3.455277722419928523e+03 -1.424190000000002328e+03
3.468934946619216589e+03 -1.644190000000002328e+03
3.482592170818505110e+03 -1.868190000000002328e+03
3.496249395017793177e+03 -2.255190000000002328e+03
3.509906619217081243e+03 -1.970190000000002328e+03
3.523563843416369764e+03 -2.187190000000002328e+03
3.537221067615657830e+03 -1.496190000000002328e+03
3.550878291814946351e+03 -1.087190000000002328e+03
3.564535516014234418e+03 -1.346190000000002328e+03
3.578192740213522484e+03 -1.854190000000002328e+03
3.591849964412811005e+03 -2.261190000000002328e+03
3.605507188612099071e+03 -2.208190000000002328e+03
3.619164412811387592e+03 -2.560190000000002328e+03
3.632821637010675659e+03 -1.439190000000002328e+03
3.646478861209964180e+03 -9.461900000000023283e+02
3.660136085409252246e+03 -1.850190000000002328e+03
3.673793309608540312e+03 -1.431190000000002328e+03
3.687450533807828833e+03 -5.811900000000023283e+02
3.701107758007116900e+03 -8.731900000000023283e+02
3.714764982206405421e+03 -8.191900000000023283e+02
3.728422206405693487e+03 -1.194190000000002328e+03
3.742079430604981553e+03 -1.404190000000002328e+03
3.755736654804270074e+03 1.880999999999767169e+01
3.769393879003558141e+03 -3.781900000000023283e+02
3.783051103202846662e+03 -1.258190000000002328e+03
3.796708327402134728e+03 -3.641900000000023283e+02
3.810365551601423249e+03 -6.251900000000023283e+02
3.824022775800711315e+03 -1.301190000000002328e+03
3.837679999999999382e+03 -9.391900000000023283e+02
3.851337224199287903e+03 -1.011900000000023283e+02
3.864994448398575969e+03 -3.161900000000023283e+02
3.878651672597864490e+03 -3.581900000000023283e+02
3.892308896797152556e+03 -9.261900000000023283e+02
3.905966120996440623e+03 -1.574190000000002328e+03
3.919623345195729144e+03 -1.128190000000002328e+03
3.933280569395017210e+03 -1.199190000000002328e+03
3.946937793594305731e+03 -1.981900000000023283e+02
3.960595017793593797e+03 2.858099999999976717e+02
3.974252241992881864e+03 -9.541900000000023283e+02
3.987909466192170385e+03 5.028099999999976717e+02
4.001566690391458451e+03 -6.411900000000023283e+02
4.015223914590746972e+03 -9.251900000000023283e+02
4.028881138790035038e+03 -4.241900000000023283e+02
4.042538362989323559e+03 -4.921900000000023283e+02
4.056195587188611626e+03 -8.919000000000232831e+01
4.069852811387899692e+03 -1.301900000000023283e+02
4.083510035587188213e+03 6.768099999999976717e+02
4.097167259786476279e+03 -3.851900000000023283e+02
4.110824483985764346e+03 -1.008190000000002328e+03
4.124481708185053321e+03 -7.731900000000023283e+02
4.138138932384341388e+03 4.080999999999767169e+01
4.151796156583629454e+03 -1.519000000000232831e+01
4.165453380782917520e+03 2.103809999999997672e+03
4.179110604982205587e+03 2.978099999999976717e+02
4.192767829181494562e+03 2.948099999999976717e+02
4.206425053380782629e+03 -4.081900000000023283e+02
4.220082277580070695e+03 -1.421900000000023283e+02
4.233739501779358761e+03 5.158099999999976717e+02
4.247396725978646828e+03 8.438099999999976717e+02
4.261053950177935803e+03 1.857809999999997672e+03
4.274711174377223870e+03 6.578099999999976717e+02
4.288368398576511936e+03 3.198099999999976717e+02
4.302025622775800002e+03 6.888099999999976717e+02
4.315682846975088069e+03 8.668099999999976717e+02
4.329340071174377044e+03 4.380999999999767169e+01
4.342997295373665111e+03 4.478099999999976717e+02
4.356654519572953177e+03 4.038099999999976717e+02
4.370311743772241243e+03 -4.711900000000023283e+02
4.383968967971529310e+03 1.728099999999976717e+02
4.397626192170818285e+03 1.448099999999976717e+02
4.411283416370106352e+03 4.628099999999976717e+02
4.424940640569394418e+03 4.078099999999976717e+02
4.438597864768682484e+03 1.078099999999976717e+02
4.452255088967970551e+03 7.708099999999976717e+02
4.465912313167259526e+03 3.801809999999997672e+03
4.479569537366547593e+03 -1.621900000000023283e+02
4.493226761565835659e+03 7.068099999999976717e+02
4.506883985765123725e+03 5.158099999999976717e+02
4.520541209964412701e+03 3.328099999999976717e+02
4.534198434163700767e+03 3.528099999999976717e+02
4.547855658362988834e+03 1.121809999999997672e+03
4.561512882562276900e+03 9.538099999999976717e+02
4.575170106761564966e+03 7.588099999999976717e+02
4.588827330960853942e+03 6.378099999999976717e+02
4.602484555160142008e+03 7.708099999999976717e+02
4.616141779359430075e+03 1.478099999999976717e+02
4.629799003558718141e+03 6.178099999999976717e+02
4.643456227758006207e+03 3.488099999999976717e+02
4.657113451957295183e+03 3.088099999999976717e+02
4.670770676156583249e+03 1.864809999999997672e+03
4.684427900355871316e+03 1.282809999999997672e+03
4.698085124555159382e+03 -2.619000000000232831e+01
4.711742348754447448e+03 1.277809999999997672e+03
4.725399572953736424e+03 1.046809999999997672e+03
4.739056797153024490e+03 9.088099999999976717e+02
4.752714021352312557e+03 1.246809999999997672e+03
4.766371245551600623e+03 7.828099999999976717e+02
4.780028469750888689e+03 2.123809999999997672e+03
4.793685693950177665e+03 5.068099999999976717e+02
4.807342918149465731e+03 -1.991900000000023283e+02
4.821000142348753798e+03 7.978099999999976717e+02
4.834657366548041864e+03 6.138099999999976717e+02
4.848314590747329930e+03 4.078099999999976717e+02
4.861971814946618906e+03 1.429809999999997672e+03
4.875629039145906972e+03 7.680999999999767169e+01
4.889286263345195039e+03 1.408099999999976717e+02
4.902943487544483105e+03 9.518099999999976717e+02
4.916600711743772081e+03 6.478099999999976717e+02
4.930257935943060147e+03 1.207809999999997672e+03
4.943915160142348213e+03 2.338099999999976717e+02
4.957572384341636280e+03 4.908099999999976717e+02
4.971229608540924346e+03 6.368099999999976717e+02
4.984886832740213322e+03 3.008099999999976717e+02
4.998544056939501388e+03 2.918099999999976717e+02
5.012201281138789454e+03 1.448099999999976717e+02
5.025858505338077521e+03 1.028809999999997672e+03
5.039515729537365587e+03 5.998099999999976717e+02
5.053172953736654563e+03 6.948099999999976717e+02
5.066830177935942629e+03 4.608099999999976717e+02
5.080487402135230695e+03 6.980999999999767169e+01
5.094144626334518762e+03 7.408099999999976717e+02
5.107801850533806828e+03 -1.671900000000023283e+02
5.121459074733095804e+03 5.018099999999976717e+02
5.135116298932383870e+03 1.574809999999997672e+03
5.148773523131671936e+03 8.568099999999976717e+02
5.162430747330960003e+03 1.678809999999997672e+03
5.176087971530248069e+03 1.051809999999997672e+03
5.189745195729537045e+03 7.668099999999976717e+02
5.203402419928825111e+03 9.308099999999976717e+02
5.217059644128113177e+03 8.478099999999976717e+02
5.230716868327401244e+03 5.328099999999976717e+02
5.244374092526690220e+03 -5.787190000000002328e+03
5.258031316725978286e+03 -1.245719000000000233e+04
5.271688540925266352e+03 -1.284819000000000233e+04
5.285345765124554418e+03 -1.260919000000000233e+04
5.299002989323842485e+03 -1.268519000000000233e+04
5.312660213523131461e+03 -1.245919000000000233e+04
5.326317437722419527e+03 -1.276719000000000233e+04
5.339974661921707593e+03 -1.271819000000000233e+04
5.353631886120995659e+03 -1.243919000000000233e+04
5.367289110320283726e+03 -1.248719000000000233e+04
5.380946334519572702e+03 -1.254519000000000233e+04
5.394603558718860768e+03 -1.263219000000000233e+04
5.408260782918148834e+03 -1.262219000000000233e+04
5.421918007117436900e+03 -1.273619000000000233e+04
5.435575231316724967e+03 -1.261919000000000233e+04
5.449232455516013943e+03 -1.260419000000000233e+04
5.462889679715302009e+03 -1.273319000000000233e+04
5.476546903914590075e+03 -1.260919000000000233e+04
5.490204128113878141e+03 -1.266519000000000233e+04
5.503861352313166208e+03 -1.284919000000000233e+04
5.517518576512455184e+03 -1.277619000000000233e+04
5.531175800711743250e+03 -1.256719000000000233e+04
5.544833024911031316e+03 -1.273019000000000233e+04
5.558490249110319382e+03 -1.272419000000000233e+04
