-1.974058417266187234e+03 -1.384679999999993015e+03
-1.960253812949640405e+03 -6.778679999999993015e+03
-1.946449208633093576e+03 -8.089679999999993015e+03
-1.932644604316546975e+03 -8.522679999999993015e+03
-1.918840000000000146e+03 -9.047679999999993015e+03
-1.905035395683453316e+03 -9.403679999999993015e+03
-1.891230791366906487e+03 -9.475679999999993015e+03
-1.877426187050359886e+03 -1.000167999999999302e+04
-1.863621582733813057e+03 -1.020367999999999302e+04
-1.849816978417266228e+03 -1.043567999999999302e+04
-1.836012374100719626e+03 -1.048567999999999302e+04
-1.822207769784172797e+03 -1.080467999999999302e+04
-1.808403165467625968e+03 -5.512679999999993015e+03
-1.794598561151079139e+03 -1.316799999999930151e+02
-1.780793956834532537e+03 -5.706799999999930151e+02
-1.766989352517985708e+03 -9.046799999999930151e+02
-1.753184748201438879e+03 -6.696799999999930151e+02
-1.739380143884892277e+03 -2.506799999999930151e+02
-1.725575539568345448e+03 -1.275679999999993015e+03
-1.711770935251798619e+03 -1.173679999999993015e+03
-1.697966330935251790e+03 -9.306799999999930151e+02
-1.684161726618705188e+03 -1.375679999999993015e+03
-1.670357122302158359e+03 -1.248679999999993015e+03
-1.656552517985611530e+03 1.094320000000006985e+03
-1.642747913669064928e+03 -1.645679999999993015e+03
-1.628943309352518099e+03 -1.690679999999993015e+03
-1.615138705035971270e+03 -9.776799999999930151e+02
-1.601334100719424441e+03 -2.049679999999993015e+03
-1.587529496402877840e+03 -7.846799999999930151e+02
-1.573724892086331010e+03 -1.529679999999993015e+03
-1.559920287769784181e+03 -1.610679999999993015e+03
-1.546115683453237580e+03 -1.734679999999993015e+03
-1.532311079136690751e+03 -1.740679999999993015e+03
-1.518506474820143922e+03 -2.139679999999993015e+03
-1.504701870503597092e+03 -2.415679999999993015e+03
-1.490897266187050491e+03 -1.938679999999993015e+03
-1.477092661870503662e+03 -1.865679999999993015e+03
-1.463288057553956833e+03 -1.767679999999993015e+03
-1.449483453237410231e+03 -1.081679999999993015e+03
-1.435678848920863402e+03 -2.251679999999993015e+03
-1.421874244604316573e+03 -1.862679999999993015e+03
-1.408069640287769971e+03 -2.484679999999993015e+03
-1.394265035971223142e+03 -1.337679999999993015e+03
-1.380460431654676313e+03 -1.754679999999993015e+03
-1.366655827338129484e+03 -1.933679999999993015e+03
-1.352851223021582882e+03 -1.911679999999993015e+03
-1.339046618705036053e+03 -1.503679999999993015e+03
-1.325242014388489224e+03 -2.756799999999930151e+02
-1.311437410071942622e+03 -1.806679999999993015e+03
-1.297632805755395793e+03 -1.479679999999993015e+03
-1.283828201438848964e+03 -2.317679999999993015e+03
-1.270023597122302135e+03 -2.391679999999993015e+03
-1.256218992805755533e+03 -2.037679999999993015e+03
-1.242414388489208704e+03 -1.203679999999993015e+03
-1.228609784172661875e+03 -1.260679999999993015e+03
-1.214805179856115274e+03 -2.419679999999993015e+03
-1.201000575539568445e+03 -1.789679999999993015e+03
-1.187195971223021616e+03 -1.619679999999993015e+03
-1.173391366906474786e+03 -1.918679999999993015e+03
-1.159586762589928185e+03 -2.566679999999993015e+03
-1.145782158273381356e+03 -2.417679999999993015e+03
-1.131977553956834527e+03 -1.751679999999993015e+03
-1.118172949640287925e+03 -2.130679999999993015e+03
-1.104368345323741096e+03 -1.472679999999993015e+03
-1.090563741007194267e+03 -1.970679999999993015e+03
-1.076759136690647438e+03 -1.235679999999993015e+03
-1.062954532374100836e+03 -2.101679999999993015e+03
-1.049149928057554007e+03 -1.599679999999993015e+03
-1.035345323741007178e+03 -2.315679999999993015e+03
-1.021540719424460463e+03 -2.200679999999993015e+03
-1.007736115107913747e+03 -2.329679999999993015e+03
-9.939315107913669181e+02 -2.739679999999993015e+03
-9.801269064748202027e+02 -1.661679999999993015e+03
-9.663223021582734873e+02 -1.411679999999993015e+03
-9.525176978417266582e+02 -2.015679999999993015e+03
-9.387130935251799428e+02 -2.352679999999993015e+03
-9.249084892086331138e+02 -1.780679999999993015e+03
-9.111038848920863984e+02 -1.693679999999993015e+03
-8.972992805755395693e+02 -1.885679999999993015e+03
-8.834946762589928539e+02 -2.425679999999993015e+03
-8.696900719424461386e+02 -2.193679999999993015e+03
-8.558854676258993095e+02 -3.231679999999993015e+03
-8.420808633093525941e+02 -1.895679999999993015e+03
-8.282762589928057650e+02 -2.026679999999993015e+03
-8.144716546762590497e+02 -1.729679999999993015e+03
-8.006670503597122206e+02 -1.959679999999993015e+03
-7.868624460431655052e+02 -2.714679999999993015e+03
-7.730578417266187898e+02 -2.046679999999993015e+03
-7.592532374100719608e+02 -1.567679999999993015e+03
-7.454486330935252454e+02 -1.868679999999993015e+03
-7.316440287769784163e+02 -2.016679999999993015e+03
-7.178394244604317009e+02 -2.363679999999993015e+03
-7.040348201438849856e+02 -1.990679999999993015e+03
-6.902302158273381565e+02 -1.820679999999993015e+03
-6.764256115107914411e+02 -2.103679999999993015e+03
-6.626210071942446120e+02 -2.341679999999993015e+03
-6.488164028776978967e+02 -1.694679999999993015e+03
-6.350117985611510676e+02 -1.262679999999993015e+03
-6.212071942446043522e+02 -9.796799999999930151e+02
-6.074025899280576368e+02 -1.513679999999993015e+03
-5.935979856115108078e+02 -1.192679999999993015e+03
-5.797933812949640924e+02 -2.542679999999993015e+03
-5.659887769784172633e+02 -1.550679999999993015e+03
-5.521841726618705479e+02 -1.858679999999993015e+03
-5.383795683453237189e+02 -1.588679999999993015e+03
-5.245749640287770035e+02 -1.749679999999993015e+03
-5.107703597122302313e+02 -1.948679999999993015e+03
-4.969657553956834590e+02 -1.777679999999993015e+03
-4.831611510791367436e+02 -2.353679999999993015e+03
-4.693565467625899714e+02 -1.451679999999993015e+03
-4.555519424460431992e+02 -2.060679999999993015e+03
-4.417473381294964270e+02 -2.323679999999993015e+03
-4.279427338129496547e+02 -2.164679999999993015e+03
-4.141381294964028825e+02 -3.140679999999993015e+03
-4.003335251798561103e+02 -1.947679999999993015e+03
-3.865289208633093949e+02 -2.350679999999993015e+03
-3.727243165467626227e+02 -2.775679999999993015e+03
-3.589197122302158505e+02 -2.366679999999993015e+03
-3.451151079136690782e+02 -1.284679999999993015e+03
-3.313105035971223060e+02 -2.527679999999993015e+03
-3.175058992805755338e+02 -1.924679999999993015e+03
-3.037012949640288184e+02 -2.309679999999993015e+03
-2.898966906474820462e+02 -1.574679999999993015e+03
-2.760920863309352740e+02 -2.218679999999993015e+03
-2.622874820143885017e+02 -2.171679999999993015e+03
-2.484828776978417295e+02 -2.166679999999993015e+03
-2.346782733812949857e+02 -2.078679999999993015e+03
-2.208736690647482135e+02 -1.937679999999993015e+03
-2.070690647482014413e+02 -1.118679999999993015e+03
-1.932644604316546975e+02 -1.646679999999993015e+03
-1.794598561151079252e+02 -1.829679999999993015e+03
-1.656552517985611530e+02 -1.723679999999993015e+03
-1.518506474820144092e+02 -2.314679999999993015e+03
-1.380460431654676370e+02 -1.716679999999993015e+03
-1.242414388489208648e+02 -8.306799999999930151e+02
-1.104368345323741067e+02 -1.340679999999993015e+03
-9.663223021582734873e+01 -1.084679999999993015e+03
-8.282762589928057650e+01 7.863200000000069849e+02
-6.902302158273381849e+01 3.230320000000006985e+03
-5.521841726618705337e+01 9.169320000000006985e+03
-4.141381294964028825e+01 2.160532000000000698e+04
-2.760920863309352669e+01 4.300832000000000698e+04
-1.380460431654676334e+01 7.727132000000000698e+04
0.000000000000000000e+00 1.313913200000000070e+05
1.380460431654676334e+01 2.127903200000000070e+05
2.760920863309352669e+01 3.184823200000000070e+05
4.141381294964028825e+01 4.540223200000000070e+05
5.521841726618705337e+01 6.175163200000000652e+05
6.902302158273381849e+01 8.030913200000000652e+05
8.282762589928057650e+01 1.001368320000000065e+06
9.663223021582734873e+01 1.214022320000000065e+06
1.104368345323741067e+02 1.430096320000000065e+06
1.242414388489208648e+02 1.669785320000000065e+06
1.380460431654676370e+02 1.905586320000000065e+06
1.518506474820144092e+02 2.131125319999999832e+06
1.656552517985611530e+02 2.345102319999999832e+06
1.794598561151079252e+02 2.573317319999999832e+06
1.932644604316546975e+02 2.795810319999999832e+06
2.070690647482014413e+02 3.002604319999999832e+06
2.208736690647482135e+02 3.189465319999999832e+06
2.346782733812949857e+02 3.339628319999999832e+06
2.484828776978417295e+02 3.458955319999999832e+06
2.622874820143885017e+02 3.578880319999999832e+06
2.760920863309352740e+02 3.691672319999999832e+06
2.898966906474820462e+02 3.791191319999999832e+06
3.037012949640288184e+02 3.859035319999999832e+06
3.175058992805755338e+02 3.922230319999999832e+06
3.313105035971223060e+02 3.965880319999999832e+06
3.451151079136690782e+02 3.996606319999999832e+06
3.589197122302158505e+02 4.018360319999999832e+06
3.727243165467626227e+02 4.019998319999999832e+06
3.865289208633093949e+02 4.036094319999999832e+06
4.003335251798561103e+02 4.058591319999999832e+06
4.141381294964028825e+02 4.050387319999999832e+06
4.279427338129496547e+02 4.066519319999999832e+06
4.417473381294964270e+02 4.095781319999999832e+06
4.555519424460431992e+02 4.104282319999999832e+06
4.693565467625899714e+02 4.120588319999999832e+06
4.831611510791367436e+02 4.135457319999999832e+06
4.969657553956834590e+02 4.138357319999999832e+06
5.107703597122302313e+02 4.145844319999999832e+06
5.245749640287770035e+02 4.161600319999999832e+06
5.383795683453237189e+02 4.148471319999999832e+06
5.521841726618705479e+02 4.148589319999999832e+06
5.659887769784172633e+02 4.157740319999999832e+06
5.797933812949640924e+02 4.153191319999999832e+06
5.935979856115108078e+02 4.152362319999999832e+06
6.074025899280576368e+02 4.145144319999999832e+06
6.212071942446043522e+02 4.151076319999999832e+06
6.350117985611510676e+02 4.160525319999999832e+06
6.488164028776978967e+02 4.165623319999999832e+06
6.626210071942446120e+02 4.162811319999999832e+06
6.764256115107914411e+02 4.178822319999999832e+06
6.902302158273381565e+02 4.170852319999999832e+06
7.040348201438849856e+02 4.170699319999999832e+06
7.178394244604317009e+02 4.167707319999999832e+06
7.316440287769784163e+02 4.160678319999999832e+06
7.454486330935252454e+02 4.171820319999999832e+06
7.592532374100719608e+02 4.169280319999999832e+06
7.730578417266187898e+02 4.170849319999999832e+06
7.868624460431655052e+02 4.172786319999999832e+06
8.006670503597122206e+02 4.176037319999999832e+06
8.144716546762590497e+02 4.187369319999999832e+06
8.282762589928057650e+02 4.171116319999999832e+06
8.420808633093525941e+02 4.173884319999999832e+06
8.558854676258993095e+02 4.167067319999999832e+06
8.696900719424461386e+02 4.157287319999999832e+06
8.834946762589928539e+02 4.143224319999999832e+06
8.972992805755395693e+02 4.134954319999999832e+06
9.111038848920863984e+02 4.114359319999999832e+06
9.249084892086331138e+02 4.106467319999999832e+06
9.387130935251799428e+02 4.116581319999999832e+06
9.525176978417266582e+02 4.106601319999999832e+06
9.663223021582734873e+02 4.087269319999999832e+06
9.801269064748202027e+02 4.069907319999999832e+06
9.939315107913669181e+02 4.047752319999999832e+06
1.007736115107913747e+03 4.038808319999999832e+06
1.021540719424460463e+03 4.017457319999999832e+06
1.035345323741007178e+03 4.009612319999999832e+06
1.049149928057554007e+03 4.015618319999999832e+06
1.062954532374100836e+03 3.995924319999999832e+06
1.076759136690647438e+03 3.962276319999999832e+06
1.090563741007194267e+03 3.875882319999999832e+06
1.104368345323741096e+03 3.787198319999999832e+06
1.118172949640287925e+03 3.692896319999999832e+06
1.131977553956834527e+03 3.577382319999999832e+06
1.145782158273381356e+03 3.450476319999999832e+06
1.159586762589928185e+03 3.292839319999999832e+06
1.173391366906474786e+03 3.089137319999999832e+06
1.187195971223021616e+03 2.878197319999999832e+06
1.201000575539568445e+03 2.650310319999999832e+06
1.214805179856115274e+03 2.411228319999999832e+06
1.228609784172661875e+03 2.161928319999999832e+06
1.242414388489208704e+03 1.908888320000000065e+06
1.256218992805755533e+03 1.654801320000000065e+06
1.270023597122302135e+03 1.418482320000000065e+06
1.283828201438848964e+03 1.197162320000000065e+06
1.297632805755395793e+03 9.940673200000000652e+05
1.311437410071942622e+03 8.136503200000000652e+05
1.325242014388489224e+03 6.565393200000000652e+05
1.339046618705036053e+03 5.164453200000000070e+05
1.352851223021582882e+03 3.990133200000000070e+05
1.366655827338129484e+03 3.011663200000000070e+05
1.380460431654676313e+03 2.239113200000000070e+05
1.394265035971223142e+03 1.645003200000000070e+05
1.408069640287769971e+03 1.201303200000000070e+05
1.421874244604316573e+03 8.762332000000000698e+04
1.435678848920863402e+03 6.456232000000000698e+04
1.449483453237410231e+03 5.247332000000000698e+04
1.463288057553956833e+03 4.490532000000000698e+04
1.477092661870503662e+03 3.922132000000000698e+04
1.490897266187050491e+03 3.553432000000000698e+04
1.504701870503597092e+03 3.311432000000000698e+04
1.518506474820143922e+03 3.252232000000000698e+04
1.532311079136690751e+03 3.009032000000000698e+04
1.546115683453237580e+03 3.039032000000000698e+04
1.559920287769784181e+03 3.036732000000000698e+04
1.573724892086331010e+03 2.822632000000000698e+04
1.587529496402877840e+03 2.918532000000000698e+04
1.601334100719424441e+03 2.508832000000000698e+04
1.615138705035971270e+03 2.393932000000000698e+04
1.628943309352518099e+03 2.490732000000000698e+04
1.642747913669064928e+03 2.382932000000000698e+04
1.656552517985611530e+03 2.273632000000000698e+04
1.670357122302158359e+03 1.963132000000000698e+04
1.684161726618705188e+03 1.832032000000000698e+04
1.697966330935251790e+03 1.695732000000000698e+04
1.711770935251798619e+03 1.940432000000000698e+04
1.725575539568345448e+03 1.704832000000000698e+04
1.739380143884892277e+03 1.573832000000000698e+04
1.753184748201438879e+03 1.502732000000000698e+04
1.766989352517985708e+03 1.243132000000000698e+04
1.780793956834532537e+03 1.124732000000000698e+04
1.794598561151079139e+03 1.114532000000000698e+04
1.808403165467625968e+03 1.039032000000000698e+04
1.822207769784172797e+03 1.011132000000000698e+04
1.836012374100719626e+03 7.944320000000006985e+03
1.849816978417266228e+03 5.875320000000006985e+03
1.863621582733813057e+03 5.765320000000006985e+03
1.877426187050359886e+03 4.933320000000006985e+03
1.891230791366906487e+03 3.774320000000006985e+03
1.905035395683453316e+03 3.854320000000006985e+03
1.918840000000000146e+03 4.223320000000006985e+03
1.932644604316546975e+03 3.095320000000006985e+03
1.946449208633093576e+03 2.524320000000006985e+03
1.960253812949640405e+03 2.354320000000006985e+03
1.974058417266187234e+03 1.889320000000006985e+03
1.987863021582733836e+03 1.996320000000006985e+03
2.001667625899280665e+03 1.366320000000006985e+03
2.015472230215827494e+03 5.123200000000069849e+02
2.029276834532374323e+03 8.583200000000069849e+02
2.043081438848920925e+03 7.813200000000069849e+02
2.056886043165467527e+03 6.243200000000069849e+02
2.070690647482014356e+03 1.030320000000006985e+03
2.084495251798561185e+03 6.663200000000069849e+02
2.098299856115108014e+03 -1.005679999999993015e+03
2.112104460431654843e+03 -6.916799999999930151e+02
2.125909064748201672e+03 -9.656799999999930151e+02
2.139713669064748501e+03 -8.866799999999930151e+02
2.153518273381294875e+03 -1.235679999999993015e+03
2.167322877697841705e+03 -1.323679999999993015e+03
2.181127482014388534e+03 -6.526799999999930151e+02
2.194932086330935363e+03 1.847320000000006985e+03
2.208736690647482192e+03 8.065320000000006985e+03
2.222541294964029021e+03 -1.801679999999993015e+03
2.236345899280575850e+03 -1.609679999999993015e+03
2.250150503597122224e+03 -7.276799999999930151e+02
2.263955107913669053e+03 -1.823679999999993015e+03
2.277759712230215882e+03 -2.286679999999993015e+03
2.291564316546762711e+03 -1.609679999999993015e+03
2.305368920863309540e+03 -1.217679999999993015e+03
2.319173525179856370e+03 -1.732679999999993015e+03
2.332978129496403199e+03 -2.604679999999993015e+03
2.346782733812949573e+03 -2.188679999999993015e+03
2.360587338129496402e+03 -1.029679999999993015e+03
2.374391942446043231e+03 -1.986679999999993015e+03
2.388196546762590060e+03 -1.069679999999993015e+03
2.402001151079136889e+03 -1.404679999999993015e+03
2.415805755395683718e+03 -1.707679999999993015e+03
2.429610359712230547e+03 -2.229679999999993015e+03
2.443414964028776922e+03 -1.683679999999993015e+03
2.457219568345323751e+03 -2.344679999999993015e+03
2.471024172661870580e+03 -1.995679999999993015e+03
2.484828776978417409e+03 -2.014679999999993015e+03
2.498633381294964238e+03 -2.021679999999993015e+03
2.512437985611511067e+03 -2.269679999999993015e+03
2.526242589928057896e+03 -1.980679999999993015e+03
2.540047194244604270e+03 -2.316679999999993015e+03
2.553851798561151099e+03 -1.553679999999993015e+03
2.567656402877697928e+03 -1.434679999999993015e+03
2.581461007194244758e+03 -1.688679999999993015e+03
2.595265611510791587e+03 -1.714679999999993015e+03
2.609070215827338416e+03 -2.407679999999993015e+03
2.622874820143885245e+03 -1.612679999999993015e+03
2.636679424460431619e+03 -1.999679999999993015e+03
2.650484028776978448e+03 -1.436679999999993015e+03
2.664288633093525277e+03 4.411320000000006985e+03
2.678093237410072106e+03 -1.118679999999993015e+03
2.691897841726618935e+03 -1.586799999999930151e+02
2.705702446043165764e+03 -2.316799999999930151e+02
2.719507050359712593e+03 -1.688679999999993015e+03
2.733311654676258968e+03 -1.711679999999993015e+03
2.747116258992805797e+03 -1.160679999999993015e+03
2.760920863309352626e+03 -2.096679999999993015e+03
2.774725467625899455e+03 -1.350679999999993015e+03
2.788530071942446284e+03 -2.136679999999993015e+03
2.802334676258993113e+03 -7.286799999999930151e+02
2.816139280575539942e+03 -1.533679999999993015e+03
2.829943884892086317e+03 -1.361679999999993015e+03
2.843748489208633146e+03 -1.830679999999993015e+03
2.857553093525179975e+03 -2.240679999999993015e+03
2.871357697841726804e+03 -2.522679999999993015e+03
2.885162302158273633e+03 -1.595679999999993015e+03
2.898966906474820462e+03 -1.721679999999993015e+03
2.912771510791367291e+03 -1.772679999999993015e+03
2.926576115107913665e+03 -2.192679999999993015e+03
2.940380719424460494e+03 -1.751679999999993015e+03
2.954185323741007323e+03 -1.439679999999993015e+03
2.967989928057554152e+03 -1.931679999999993015e+03
2.981794532374100982e+03 -2.134679999999993015e+03
2.995599136690647811e+03 -2.496679999999993015e+03
3.009403741007194185e+03 -2.659679999999993015e+03
3.023208345323741014e+03 -1.795679999999993015e+03
3.037012949640287843e+03 -1.058679999999993015e+03
3.050817553956834672e+03 -2.110679999999993015e+03
3.064622158273381501e+03 -2.008679999999993015e+03
3.078426762589928330e+03 -2.246679999999993015e+03
3.092231366906475159e+03 -2.417679999999993015e+03
3.106035971223021534e+03 -1.267679999999993015e+03
3.119840575539568363e+03 -7.556799999999930151e+02
3.133645179856115192e+03 -1.612679999999993015e+03
3.147449784172662021e+03 -1.552679999999993015e+03
3.161254388489208850e+03 -1.847679999999993015e+03
3.175058992805755679e+03 -1.874679999999993015e+03
3.188863597122302508e+03 -9.776799999999930151e+02
3.202668201438848882e+03 -1.541679999999993015e+03
3.216472805755395711e+03 -1.780679999999993015e+03
3.230277410071942541e+03 -2.102679999999993015e+03
3.244082014388489370e+03 -1.826679999999993015e+03
3.257886618705036199e+03 -1.484679999999993015e+03
3.271691223021583028e+03 -1.654679999999993015e+03
3.285495827338129857e+03 -1.783679999999993015e+03
3.299300431654676231e+03 -1.555679999999993015e+03
3.313105035971223060e+03 -1.830679999999993015e+03
3.326909640287769889e+03 -1.825679999999993015e+03
3.340714244604316718e+03 -1.652679999999993015e+03
3.354518848920863547e+03 -1.591679999999993015e+03
3.368323453237410376e+03 -1.035679999999993015e+03
3.382128057553957206e+03 -7.356799999999930151e+02
3.395932661870503580e+03 -1.339679999999993015e+03
3.409737266187050409e+03 -1.346679999999993015e+03
3.423541870503597238e+03 -1.079679999999993015e+03
3.437346474820144067e+03 -1.430679999999993015e+03
3.451151079136690896e+03 -7.536799999999930151e+02
3.464955683453237725e+03 -1.288679999999993015e+03
3.478760287769784554e+03 -1.041679999999993015e+03
3.492564892086330929e+03 -1.536679999999993015e+03
3.506369496402877758e+03 -9.766799999999930151e+02
3.520174100719424587e+03 -1.433679999999993015e+03
3.533978705035971416e+03 -4.446799999999930151e+02
3.547783309352518245e+03 -8.936799999999930151e+02
3.561587913669065074e+03 -1.210679999999993015e+03
3.575392517985611903e+03 -1.079679999999993015e+03
3.589197122302158277e+03 -8.396799999999930151e+02
3.603001726618705106e+03 -1.337679999999993015e+03
3.616806330935251935e+03 -1.136679999999993015e+03
3.630610935251798765e+03 -8.316799999999930151e+02
3.644415539568345594e+03 -6.467999999999301508e+01
3.658220143884892423e+03 -1.202679999999993015e+03
3.672024748201439252e+03 -9.406799999999930151e+02
3.685829352517985626e+03 -4.246799999999930151e+02
3.699633956834532455e+03 -4.976799999999930151e+02
3.713438561151079284e+03 -3.636799999999930151e+02
3.727243165467626113e+03 -7.686799999999930151e+02
3.741047769784172942e+03 -9.386799999999930151e+02
3.754852374100719771e+03 -3.446799999999930151e+02
3.768656978417266600e+03 -5.256799999999930151e+02
3.782461582733812975e+03 -7.466799999999930151e+02
3.796266187050359804e+03 2.283200000000069849e+02
3.810070791366906633e+03 -4.816799999999930151e+02
3.823875395683453462e+03 -6.636799999999930151e+02
3.837680000000000291e+03 -1.153679999999993015e+03
3.851484604316547120e+03 -4.536799999999930151e+02
3.865289208633093949e+03 -9.456799999999930151e+02
3.879093812949640323e+03 -8.886799999999930151e+02
3.892898417266187153e+03 -1.024679999999993015e+03
3.906703021582733982e+03 -1.286679999999993015e+03
3.920507625899280811e+03 -4.736799999999930151e+02
3.934312230215827640e+03 -6.316799999999930151e+02
3.948116834532374469e+03 -5.706799999999930151e+02
3.961921438848921298e+03 -2.596799999999930151e+02
3.975726043165467672e+03 -1.277679999999993015e+03
3.989530647482014501e+03 5.733200000000069849e+02
4.003335251798561330e+03 -2.376799999999930151e+02
4.017139856115108159e+03 -1.646799999999930151e+02
4.030944460431654988e+03 -5.896799999999930151e+02
4.044749064748201818e+03 -1.089679999999993015e+03
4.058553669064748647e+03 -1.031679999999993015e+03
4.072358273381295021e+03 4.132000000000698492e+01
4.086162877697841850e+03 7.573200000000069849e+02
4.099967482014389134e+03 8.832000000000698492e+01
4.113772086330935053e+03 -3.216799999999930151e+02
4.127576690647481882e+03 -4.356799999999930151e+02
4.141381294964028712e+03 3.663200000000069849e+02
4.155185899280575541e+03 5.403200000000069849e+02
4.168990503597122370e+03 1.043200000000069849e+02
4.182795107913669199e+03 2.763200000000069849e+02
4.196599712230216028e+03 7.483200000000069849e+02
4.210404316546762857e+03 3.303200000000069849e+02
4.224208920863309686e+03 6.713200000000069849e+02
4.238013525179856515e+03 -2.506799999999930151e+02
4.251818129496403344e+03 -6.316799999999930151e+02
4.265622733812950173e+03 1.387320000000006985e+03
4.279427338129497002e+03 -2.396799999999930151e+02
4.293231942446043831e+03 3.263200000000069849e+02
4.307036546762589751e+03 2.813200000000069849e+02
4.320841151079136580e+03 3.632000000000698492e+01
4.334645755395683409e+03 -6.826799999999930151e+02
4.348450359712230238e+03 -1.606799999999930151e+02
4.362254964028777067e+03 -1.166799999999930151e+02
4.376059568345323896e+03 -3.567999999999301508e+01
4.389864172661870725e+03 3.743200000000069849e+02
4.403668776978417554e+03 2.653200000000069849e+02
4.417473381294964383e+03 1.853200000000069849e+02
4.431277985611511212e+03 2.783200000000069849e+02
4.445082589928058042e+03 5.153200000000069849e+02
4.458887194244604871e+03 2.093200000000069849e+02
4.472691798561151700e+03 3.605320000000006985e+03
4.486496402877698529e+03 -2.716799999999930151e+02
4.500301007194244448e+03 1.532000000000698492e+01
4.514105611510791277e+03 3.323200000000069849e+02
4.527910215827338106e+03 -1.326799999999930151e+02
4.541714820143884936e+03 -6.806799999999930151e+02
4.555519424460431765e+03 1.873200000000069849e+02
4.569324028776978594e+03 4.703200000000069849e+02
4.583128633093525423e+03 7.753200000000069849e+02
4.596933237410072252e+03 1.139320000000006985e+03
4.610737841726619081e+03 1.052320000000006985e+03
4.624542446043165910e+03 1.132000000000698492e+01
4.638347050359712739e+03 9.843200000000069849e+02
4.652151654676259568e+03 8.032000000000698492e+01
4.665956258992806397e+03 -3.256799999999930151e+02
4.679760863309353226e+03 1.438320000000006985e+03
4.693565467625899146e+03 1.089320000000006985e+03
4.707370071942445975e+03 4.563200000000069849e+02
4.721174676258992804e+03 9.473200000000069849e+02
4.734979280575539633e+03 1.622320000000006985e+03
4.748783884892086462e+03 6.313200000000069849e+02
4.762588489208633291e+03 1.260320000000006985e+03
4.776393093525180120e+03 5.193200000000069849e+02
4.790197697841726949e+03 1.881320000000006985e+03
4.804002302158273778e+03 8.343200000000069849e+02
4.817806906474820607e+03 1.283200000000069849e+02
4.831611510791367436e+03 6.703200000000069849e+02
4.845416115107914266e+03 4.113200000000069849e+02
4.859220719424461095e+03 5.123200000000069849e+02
4.873025323741007014e+03 1.444320000000006985e+03
4.886829928057553843e+03 3.713200000000069849e+02
4.900634532374100672e+03 4.332000000000698492e+01
4.914439136690647501e+03 1.593200000000069849e+02
4.928243741007194330e+03 -8.867999999999301508e+01
4.942048345323741160e+03 1.045320000000006985e+03
4.955852949640287989e+03 3.643200000000069849e+02
4.969657553956834818e+03 8.783200000000069849e+02
4.983462158273381647e+03 5.963200000000069849e+02
4.997266762589928476e+03 1.054320000000006985e+03
5.011071366906475305e+03 1.095320000000006985e+03
5.024875971223022134e+03 -1.086799999999930151e+02
5.038680575539568963e+03 2.763200000000069849e+02
5.052485179856115792e+03 4.333200000000069849e+02
5.066289784172661712e+03 7.723200000000069849e+02
5.080094388489208541e+03 1.753200000000069849e+02
5.093898992805755370e+03 1.823200000000069849e+02
5.107703597122302199e+03 4.683200000000069849e+02
5.121508201438849028e+03 -9.567999999999301508e+01
5.135312805755395857e+03 -2.306799999999930151e+02
5.149117410071942686e+03 5.643200000000069849e+02
5.162922014388489515e+03 3.753200000000069849e+02
5.176726618705036344e+03 1.509320000000006985e+03
5.190531223021583173e+03 3.993200000000069849e+02
5.204335827338130002e+03 1.543320000000006985e+03
5.218140431654676831e+03 4.743200000000069849e+02
5.231945035971223660e+03 -1.086799999999930151e+02
5.245749640287770490e+03 3.033200000000069849e+02
5.259554244604316409e+03 -5.803679999999993015e+03
5.273358848920863238e+03 -1.227067999999999302e+04
5.287163453237410067e+03 -1.228967999999999302e+04
5.300968057553956896e+03 -1.220767999999999302e+04
5.314772661870503725e+03 -1.248367999999999302e+04
5.328577266187050554e+03 -1.247367999999999302e+04
5.342381870503597384e+03 -1.248067999999999302e+04
5.356186474820144213e+03 -1.249267999999999302e+04
5.369991079136691042e+03 -1.235167999999999302e+04
5.383795683453237871e+03 -1.235467999999999302e+04
5.397600287769784700e+03 -1.236167999999999302e+04
5.411404892086331529e+03 -1.251367999999999302e+04
5.425209496402878358e+03 -1.246467999999999302e+04
5.439014100719425187e+03 -1.237567999999999302e+04
5.452818705035971107e+03 -1.243367999999999302e+04
5.466623309352517936e+03 -1.242167999999999302e+04
5.480427913669064765e+03 -1.237167999999999302e+04
5.494232517985611594e+03 -1.232567999999999302e+04
5.508037122302158423e+03 -1.238267999999999302e+04
5.521841726618705252e+03 -1.239867999999999302e+04
5.535646330935252081e+03 -1.261067999999999302e+04
5.549450935251798910e+03 -1.242367999999999302e+04
5.563255539568345739e+03 -1.236767999999999302e+04
5.577060143884892568e+03 -1.251867999999999302e+04
