-1.891622411347517755e+03 -1.499559999999997672e+03
-1.878013617021276559e+03 -7.195559999999997672e+03
-1.864404822695035591e+03 -8.187559999999997672e+03
-1.850796028368794396e+03 -8.977559999999997672e+03
-1.837187234042553200e+03 -9.170559999999997672e+03
-1.823578439716312005e+03 -9.687559999999997672e+03
-1.809969645390071037e+03 -9.826559999999997672e+03
-1.796360851063829841e+03 -1.014355999999999767e+04
-1.782752056737588646e+03 -1.052255999999999767e+04
-1.769143262411347450e+03 -1.059755999999999767e+04
-1.755534468085106482e+03 -1.078355999999999767e+04
-1.741925673758865287e+03 -1.081355999999999767e+04
-1.728316879432624091e+03 -5.719559999999997672e+03
-1.714708085106383123e+03 -2.335599999999976717e+02
-1.701099290780141928e+03 -9.345599999999976717e+02
-1.687490496453900732e+03 -1.152559999999997672e+03
-1.673881702127659537e+03 -1.211559999999997672e+03
-1.660272907801418569e+03 -5.255999999999767169e+01
-1.646664113475177373e+03 -7.985599999999976717e+02
-1.633055319148936178e+03 -6.135599999999976717e+02
-1.619446524822694983e+03 -9.335599999999976717e+02
-1.605837730496454014e+03 -1.330559999999997672e+03
-1.592228936170212819e+03 -1.512559999999997672e+03
-1.578620141843971624e+03 1.370440000000002328e+03
-1.565011347517730428e+03 -1.728559999999997672e+03
-1.551402553191489460e+03 -1.334559999999997672e+03
-1.537793758865248265e+03 -6.025599999999976717e+02
-1.524184964539007069e+03 -2.129559999999997672e+03
-1.510576170212766101e+03 -1.124559999999997672e+03
-1.496967375886524906e+03 -1.462559999999997672e+03
-1.483358581560283710e+03 -1.551559999999997672e+03
-1.469749787234042515e+03 -1.979559999999997672e+03
-1.456140992907801547e+03 -1.868559999999997672e+03
-1.442532198581560351e+03 -2.671559999999997672e+03
-1.428923404255319156e+03 -2.772559999999997672e+03
-1.415314609929077960e+03 -1.809559999999997672e+03
-1.401705815602836992e+03 -1.923559999999997672e+03
-1.388097021276595797e+03 -1.698559999999997672e+03
-1.374488226950354601e+03 -1.083559999999997672e+03
-1.360879432624113406e+03 -2.368559999999997672e+03
-1.347270638297872438e+03 -1.375559999999997672e+03
-1.333661843971631242e+03 -1.975559999999997672e+03
-1.320053049645390047e+03 -1.431559999999997672e+03
-1.306444255319148851e+03 -1.721559999999997672e+03
-1.292835460992907883e+03 -1.759559999999997672e+03
-1.279226666666666688e+03 -1.566559999999997672e+03
-1.265617872340425492e+03 -1.883559999999997672e+03
-1.252009078014184524e+03 -1.589559999999997672e+03
-1.238400283687943329e+03 -1.963559999999997672e+03
-1.224791489361702133e+03 -1.705559999999997672e+03
-1.211182695035460938e+03 -2.406559999999997672e+03
-1.197573900709219970e+03 -1.960559999999997672e+03
-1.183965106382978774e+03 -2.395559999999997672e+03
-1.170356312056737579e+03 -1.387559999999997672e+03
-1.156747517730496384e+03 -1.224559999999997672e+03
-1.143138723404255416e+03 -1.729559999999997672e+03
-1.129529929078014220e+03 -1.768559999999997672e+03
-1.115921134751773025e+03 -1.894559999999997672e+03
-1.102312340425531829e+03 -2.091559999999997672e+03
-1.088703546099290861e+03 -2.852559999999997672e+03
-1.075094751773049666e+03 -2.774559999999997672e+03
-1.061485957446808470e+03 -1.669559999999997672e+03
-1.047877163120567502e+03 -2.510559999999997672e+03
-1.034268368794326307e+03 -1.999559999999997672e+03
-1.020659574468085111e+03 -2.246559999999997672e+03
-1.007050780141844029e+03 -1.081559999999997672e+03
-9.934419858156028340e+02 -2.108559999999997672e+03
-9.798331914893617522e+02 -1.440559999999997672e+03
-9.662243971631205568e+02 -2.355559999999997672e+03
-9.526156028368794750e+02 -1.640559999999997672e+03
-9.390068085106382796e+02 -1.660559999999997672e+03
-9.253980141843971978e+02 -2.671559999999997672e+03
-9.117892198581560024e+02 -1.284559999999997672e+03
-8.981804255319149206e+02 -1.342559999999997672e+03
-8.845716312056737252e+02 -2.010559999999997672e+03
-8.709628368794326434e+02 -2.276559999999997672e+03
-8.573540425531915616e+02 -1.404559999999997672e+03
-8.437452482269503662e+02 -1.356559999999997672e+03
-8.301364539007092844e+02 -1.289559999999997672e+03
-8.165276595744680890e+02 -2.081559999999997672e+03
-8.029188652482270072e+02 -2.064559999999997672e+03
-7.893100709219858118e+02 -2.696559999999997672e+03
-7.757012765957447300e+02 -1.640559999999997672e+03
-7.620924822695035346e+02 -1.924559999999997672e+03
-7.484836879432624528e+02 -2.025559999999997672e+03
-7.348748936170212573e+02 -2.322559999999997672e+03
-7.212660992907801756e+02 -2.213559999999997672e+03
-7.076573049645389801e+02 -2.367559999999997672e+03
-6.940485106382978984e+02 -1.673559999999997672e+03
-6.804397163120567029e+02 -1.610559999999997672e+03
-6.668309219858156212e+02 -1.174559999999997672e+03
-6.532221276595744257e+02 -1.387559999999997672e+03
-6.396133333333333439e+02 -1.568559999999997672e+03
-6.260045390070922622e+02 -1.542559999999997672e+03
-6.123957446808510667e+02 -2.331559999999997672e+03
-5.987869503546099850e+02 -1.517559999999997672e+03
-5.851781560283687895e+02 -1.729559999999997672e+03
-5.715693617021277078e+02 -1.386559999999997672e+03
-5.579605673758865123e+02 -8.775599999999976717e+02
-5.443517730496454305e+02 -1.857559999999997672e+03
-5.307429787234042351e+02 -9.295599999999976717e+02
-5.171341843971631533e+02 -1.553559999999997672e+03
-5.035253900709220147e+02 -1.895599999999976717e+02
-4.899165957446808761e+02 5.534400000000023283e+02
-4.763078014184397375e+02 1.568440000000002328e+03
-4.626990070921985989e+02 4.029440000000002328e+03
-4.490902127659574603e+02 7.859440000000002328e+03
-4.354814184397163217e+02 5.554440000000002328e+03
-4.218726241134751831e+02 6.924440000000002328e+03
-4.082638297872340445e+02 1.017344000000000233e+04
-3.946550354609929059e+02 1.149044000000000233e+04
-3.810462411347517673e+02 1.356644000000000233e+04
-3.674374468085106287e+02 1.634944000000000233e+04
-3.538286524822694901e+02 1.913044000000000233e+04
-3.402198581560283515e+02 2.266744000000000233e+04
-3.266110638297872129e+02 2.493344000000000233e+04
-3.130022695035461311e+02 2.664844000000000233e+04
-2.993934751773049925e+02 2.780244000000000233e+04
-2.857846808510638539e+02 2.853444000000000233e+04
-2.721758865248227153e+02 2.948344000000000233e+04
-2.585670921985815767e+02 3.205444000000000233e+04
-2.449582978723404381e+02 3.399344000000000233e+04
-2.313495035460992995e+02 3.615044000000000233e+04
-2.177407092198581608e+02 3.576144000000000233e+04
-2.041319148936170222e+02 3.690344000000000233e+04
-1.905231205673758836e+02 3.775144000000000233e+04
-1.769143262411347450e+02 3.942144000000000233e+04
-1.633055319148936064e+02 4.046044000000000233e+04
-1.496967375886524962e+02 4.180744000000000233e+04
-1.360879432624113576e+02 4.428944000000000233e+04
-1.224791489361702190e+02 4.499844000000000233e+04
-1.088703546099290804e+02 4.515444000000000233e+04
-9.526156028368794182e+01 4.740844000000000233e+04
-8.165276595744680321e+01 5.000944000000000233e+04
-6.804397163120567882e+01 5.393144000000000233e+04
-5.443517730496454021e+01 5.562844000000000233e+04
-4.082638297872340161e+01 5.757544000000000233e+04
-2.721758865248227011e+01 6.251844000000000233e+04
-1.360879432624113505e+01 6.803844000000000233e+04
0.000000000000000000e+00 7.506344000000000233e+04
1.360879432624113505e+01 8.249644000000000233e+04
2.721758865248227011e+01 8.995444000000000233e+04
4.082638297872340161e+01 9.946444000000000233e+04
5.443517730496454021e+01 1.090974400000000023e+05
6.804397163120567882e+01 1.215524400000000023e+05
8.165276595744680321e+01 1.398704400000000023e+05
9.526156028368794182e+01 1.614864400000000023e+05
1.088703546099290804e+02 1.851474400000000023e+05
1.224791489361702190e+02 2.099994400000000023e+05
1.360879432624113576e+02 2.391494400000000023e+05
1.496967375886524962e+02 2.740344400000000023e+05
1.633055319148936064e+02 3.189424400000000023e+05
1.769143262411347450e+02 3.751874400000000023e+05
1.905231205673758836e+02 4.366374400000000023e+05
2.041319148936170222e+02 5.173074400000000023e+05
2.177407092198581608e+02 6.182644399999999441e+05
2.313495035460992995e+02 7.278264399999999441e+05
2.449582978723404381e+02 8.594744399999999441e+05
2.585670921985815767e+02 1.002246439999999944e+06
2.721758865248227153e+02 1.170093439999999944e+06
2.857846808510638539e+02 1.348810439999999944e+06
2.993934751773049925e+02 1.522137439999999944e+06
3.130022695035461311e+02 1.708536439999999944e+06
3.266110638297872129e+02 1.897274439999999944e+06
3.402198581560283515e+02 2.088467439999999944e+06
3.538286524822694901e+02 2.277456439999999944e+06
3.674374468085106287e+02 2.459586439999999944e+06
3.810462411347517673e+02 2.618306439999999944e+06
3.946550354609929059e+02 2.770274439999999944e+06
4.082638297872340445e+02 2.917173439999999944e+06
4.218726241134751831e+02 3.058183439999999944e+06
4.354814184397163217e+02 3.180895439999999944e+06
4.490902127659574603e+02 3.295715439999999944e+06
4.626990070921985989e+02 3.388328439999999944e+06
4.763078014184397375e+02 3.445925439999999944e+06
4.899165957446808761e+02 3.501802439999999944e+06
5.035253900709220147e+02 3.560090439999999944e+06
5.171341843971631533e+02 3.590122439999999944e+06
5.307429787234042351e+02 3.602382439999999944e+06
5.443517730496454305e+02 3.614334439999999944e+06
5.579605673758865123e+02 3.625674439999999944e+06
5.715693617021277078e+02 3.614907439999999944e+06
5.851781560283687895e+02 3.615573439999999944e+06
5.987869503546099850e+02 3.608997439999999944e+06
6.123957446808510667e+02 3.591662439999999944e+06
6.260045390070922622e+02 3.577610439999999944e+06
6.396133333333333439e+02 3.549381439999999944e+06
6.532221276595744257e+02 3.531242439999999944e+06
6.668309219858156212e+02 3.522108439999999944e+06
6.804397163120567029e+02 3.528616439999999944e+06
6.940485106382978984e+02 3.520654439999999944e+06
7.076573049645389801e+02 3.502143439999999944e+06
7.212660992907801756e+02 3.518053439999999944e+06
7.348748936170212573e+02 3.530356439999999944e+06
7.484836879432624528e+02 3.546561439999999944e+06
7.620924822695035346e+02 3.557879439999999944e+06
7.757012765957447300e+02 3.564323439999999944e+06
7.893100709219858118e+02 3.572658439999999944e+06
8.029188652482270072e+02 3.580925439999999944e+06
8.165276595744680890e+02 3.600609439999999944e+06
8.301364539007092844e+02 3.590507439999999944e+06
8.437452482269503662e+02 3.593646439999999944e+06
8.573540425531915616e+02 3.612970439999999944e+06
8.709628368794326434e+02 3.628499439999999944e+06
8.845716312056737252e+02 3.627624439999999944e+06
8.981804255319149206e+02 3.638233439999999944e+06
9.117892198581560024e+02 3.639455439999999944e+06
9.253980141843971978e+02 3.637505439999999944e+06
9.390068085106382796e+02 3.648237439999999944e+06
9.526156028368794750e+02 3.640217439999999944e+06
9.662243971631205568e+02 3.638878439999999944e+06
9.798331914893617522e+02 3.618970439999999944e+06
9.934419858156028340e+02 3.623807439999999944e+06
1.007050780141844029e+03 3.629394439999999944e+06
1.020659574468085111e+03 3.638045439999999944e+06
1.034268368794326307e+03 3.634606439999999944e+06
1.047877163120567502e+03 3.622606439999999944e+06
1.061485957446808470e+03 3.622118439999999944e+06
1.075094751773049666e+03 3.609247439999999944e+06
1.088703546099290861e+03 3.614128439999999944e+06
1.102312340425531829e+03 3.624056439999999944e+06
1.115921134751773025e+03 3.621513439999999944e+06
1.129529929078014220e+03 3.609336439999999944e+06
1.143138723404255416e+03 3.599578439999999944e+06
1.156747517730496384e+03 3.590773439999999944e+06
1.170356312056737579e+03 3.604715439999999944e+06
1.183965106382978774e+03 3.609648439999999944e+06
1.197573900709219970e+03 3.588628439999999944e+06
1.211182695035460938e+03 3.546963439999999944e+06
1.224791489361702133e+03 3.503551439999999944e+06
1.238400283687943329e+03 3.463715439999999944e+06
1.252009078014184524e+03 3.404396439999999944e+06
1.265617872340425492e+03 3.307043439999999944e+06
1.279226666666666688e+03 3.162227439999999944e+06
1.292835460992907883e+03 3.017938439999999944e+06
1.306444255319148851e+03 2.840993439999999944e+06
1.320053049645390047e+03 2.624450439999999944e+06
1.333661843971631242e+03 2.391847439999999944e+06
1.347270638297872438e+03 2.140183439999999944e+06
1.360879432624113406e+03 1.881812439999999944e+06
1.374488226950354601e+03 1.624251439999999944e+06
1.388097021276595797e+03 1.380970439999999944e+06
1.401705815602836992e+03 1.154313439999999944e+06
1.415314609929077960e+03 9.484284399999999441e+05
1.428923404255319156e+03 7.641554399999999441e+05
1.442532198581560351e+03 6.076124399999999441e+05
1.456140992907801547e+03 4.683454400000000023e+05
1.469749787234042515e+03 3.466894400000000023e+05
1.483358581560283710e+03 2.507724400000000023e+05
1.496967375886524906e+03 1.747214400000000023e+05
1.510576170212766101e+03 1.191224400000000023e+05
1.524184964539007069e+03 8.040944000000000233e+04
1.537793758865248265e+03 5.875344000000000233e+04
1.551402553191489460e+03 4.477444000000000233e+04
1.565011347517730428e+03 3.656544000000000233e+04
1.578620141843971624e+03 3.465844000000000233e+04
1.592228936170212819e+03 3.438044000000000233e+04
1.605837730496454014e+03 2.944944000000000233e+04
1.619446524822694983e+03 2.715044000000000233e+04
1.633055319148936178e+03 2.656744000000000233e+04
1.646664113475177373e+03 2.774444000000000233e+04
1.660272907801418569e+03 2.751444000000000233e+04
1.673881702127659537e+03 2.541944000000000233e+04
1.687490496453900732e+03 2.403444000000000233e+04
1.701099290780141928e+03 2.253244000000000233e+04
1.714708085106383123e+03 2.399444000000000233e+04
1.728316879432624091e+03 2.468044000000000233e+04
1.741925673758865287e+03 2.350444000000000233e+04
1.755534468085106482e+03 2.230644000000000233e+04
1.769143262411347450e+03 2.052744000000000233e+04
1.782752056737588646e+03 1.970844000000000233e+04
1.796360851063829841e+03 1.734444000000000233e+04
1.809969645390071037e+03 1.632044000000000233e+04
1.823578439716312005e+03 1.384944000000000233e+04
1.837187234042553200e+03 1.418544000000000233e+04
1.850796028368794396e+03 1.537844000000000233e+04
1.864404822695035591e+03 1.320144000000000233e+04
1.878013617021276559e+03 1.061644000000000233e+04
1.891622411347517755e+03 9.389440000000002328e+03
1.905231205673758950e+03 8.103440000000002328e+03
1.918840000000000146e+03 6.869440000000002328e+03
1.932448794326241114e+03 7.817440000000002328e+03
1.946057588652482309e+03 6.962440000000002328e+03
1.959666382978723504e+03 6.060440000000002328e+03
1.973275177304964473e+03 6.139440000000002328e+03
1.986883971631205668e+03 5.777440000000002328e+03
2.000492765957446863e+03 3.975440000000002328e+03
2.014101560283688059e+03 3.643440000000002328e+03
2.027710354609929027e+03 2.925440000000002328e+03
2.041319148936170222e+03 2.170440000000002328e+03
2.054927943262411191e+03 2.780440000000002328e+03
2.068536737588652613e+03 1.696440000000002328e+03
2.082145531914893581e+03 1.115440000000002328e+03
2.095754326241135004e+03 1.261440000000002328e+03
2.109363120567375972e+03 8.114400000000023283e+02
2.122971914893616940e+03 1.083440000000002328e+03
2.136580709219858363e+03 1.127440000000002328e+03
2.150189503546099331e+03 1.032440000000002328e+03
2.163798297872340299e+03 2.524400000000023283e+02
2.177407092198581722e+03 -8.355599999999976717e+02
2.191015886524822690e+03 -1.108559999999997672e+03
2.204624680851063658e+03 -4.055999999999767169e+01
2.218233475177305081e+03 -1.454559999999997672e+03
2.231842269503546049e+03 -4.445599999999976717e+02
2.245451063829787472e+03 -1.329559999999997672e+03
2.259059858156028440e+03 -1.453559999999997672e+03
2.272668652482269408e+03 -7.305599999999976717e+02
2.286277446808510831e+03 -1.714559999999997672e+03
2.299886241134751799e+03 -2.333559999999997672e+03
2.313495035460992767e+03 -1.466559999999997672e+03
2.327103829787234190e+03 -1.364559999999997672e+03
2.340712624113475158e+03 -1.754559999999997672e+03
2.354321418439716581e+03 -2.229559999999997672e+03
2.367930212765957549e+03 -1.538559999999997672e+03
2.381539007092198517e+03 -1.000559999999997672e+03
2.395147801418439940e+03 -2.167559999999997672e+03
2.408756595744680908e+03 -1.406559999999997672e+03
2.422365390070921876e+03 -1.195559999999997672e+03
2.435974184397163299e+03 -1.919559999999997672e+03
2.449582978723404267e+03 -2.401559999999997672e+03
2.463191773049645235e+03 -1.435559999999997672e+03
2.476800567375886658e+03 -2.055559999999997672e+03
2.490409361702127626e+03 -1.854559999999997672e+03
2.504018156028369049e+03 -1.972559999999997672e+03
2.517626950354610017e+03 -1.922559999999997672e+03
2.531235744680850985e+03 -2.203559999999997672e+03
2.544844539007092408e+03 -1.200559999999997672e+03
2.558453333333333376e+03 -1.906559999999997672e+03
2.572062127659574344e+03 -1.770559999999997672e+03
2.585670921985815767e+03 -1.177559999999997672e+03
2.599279716312056735e+03 -1.314559999999997672e+03
2.612888510638297703e+03 -1.301559999999997672e+03
2.626497304964539126e+03 -2.615559999999997672e+03
2.640106099290780094e+03 -6.235599999999976717e+02
2.653714893617021517e+03 -2.175559999999997672e+03
2.667323687943262485e+03 -1.913559999999997672e+03
2.680932482269503453e+03 -3.665599999999976717e+02
2.694541276595744876e+03 -1.476559999999997672e+03
2.708150070921985844e+03 -9.905599999999976717e+02
2.721758865248226812e+03 -7.315599999999976717e+02
2.735367659574468234e+03 -1.982559999999997672e+03
2.748976453900709203e+03 -1.598559999999997672e+03
2.762585248226950625e+03 -1.927559999999997672e+03
2.776194042553191593e+03 -2.017559999999997672e+03
2.789802836879432562e+03 -1.076559999999997672e+03
2.803411631205673984e+03 -1.920559999999997672e+03
2.817020425531914952e+03 -8.575599999999976717e+02
2.830629219858155921e+03 -2.549559999999997672e+03
2.844238014184397343e+03 -2.102559999999997672e+03
2.857846808510638311e+03 -2.185559999999997672e+03
2.871455602836879279e+03 -2.464559999999997672e+03
2.885064397163120702e+03 -2.431559999999997672e+03
2.898673191489361670e+03 -1.849559999999997672e+03
2.912281985815603093e+03 -2.066559999999997672e+03
2.925890780141844061e+03 -1.448559999999997672e+03
2.939499574468085029e+03 -1.951559999999997672e+03
2.953108368794326452e+03 -1.637559999999997672e+03
2.966717163120567420e+03 -1.007559999999997672e+03
2.980325957446808388e+03 -2.206559999999997672e+03
2.993934751773049811e+03 -2.421559999999997672e+03
3.007543546099290779e+03 -2.663559999999997672e+03
3.021152340425532202e+03 -2.129559999999997672e+03
3.034761134751773170e+03 -1.472559999999997672e+03
3.048369929078014138e+03 -1.041559999999997672e+03
3.061978723404255561e+03 -2.419559999999997672e+03
3.075587517730496529e+03 -2.465559999999997672e+03
3.089196312056737497e+03 -3.063559999999997672e+03
3.102805106382978920e+03 -2.299559999999997672e+03
3.116413900709219888e+03 -1.472559999999997672e+03
3.130022695035460856e+03 -1.174559999999997672e+03
3.143631489361702279e+03 -1.421559999999997672e+03
3.157240283687943247e+03 -1.798559999999997672e+03
3.170849078014184670e+03 -1.660559999999997672e+03
3.184457872340425638e+03 -2.384559999999997672e+03
3.198066666666666606e+03 -1.706559999999997672e+03
3.211675460992908029e+03 -1.995559999999997672e+03
3.225284255319148997e+03 -2.519559999999997672e+03
3.238893049645389965e+03 -2.426559999999997672e+03
3.252501843971631388e+03 -1.790559999999997672e+03
3.266110638297872356e+03 -1.132559999999997672e+03
3.279719432624113324e+03 -1.687559999999997672e+03
3.293328226950354747e+03 -2.300559999999997672e+03
3.306937021276595715e+03 -1.482559999999997672e+03
3.320545815602837138e+03 -1.814559999999997672e+03
3.334154609929078106e+03 -2.040559999999997672e+03
3.347763404255319074e+03 -1.373559999999997672e+03
3.361372198581560497e+03 -1.618559999999997672e+03
3.374980992907801465e+03 -1.485559999999997672e+03
3.388589787234042433e+03 -1.639559999999997672e+03
3.402198581560283856e+03 -1.166559999999997672e+03
3.415807375886524824e+03 -1.386559999999997672e+03
3.429416170212766247e+03 -1.342559999999997672e+03
3.443024964539007215e+03 -1.697559999999997672e+03
3.456633758865248183e+03 -5.755599999999976717e+02
3.470242553191489606e+03 -1.073559999999997672e+03
3.483851347517730574e+03 -1.536559999999997672e+03
3.497460141843971542e+03 -1.615559999999997672e+03
3.511068936170212964e+03 -1.342559999999997672e+03
3.524677730496453933e+03 -1.746559999999997672e+03
3.538286524822694901e+03 -1.559559999999997672e+03
3.551895319148936323e+03 -1.337559999999997672e+03
3.565504113475177292e+03 -9.425599999999976717e+02
3.579112907801418714e+03 -7.495599999999976717e+02
3.592721702127659682e+03 -1.408559999999997672e+03
3.606330496453900651e+03 -9.485599999999976717e+02
3.619939290780142073e+03 -1.175559999999997672e+03
3.633548085106383041e+03 -1.051559999999997672e+03
3.647156879432624009e+03 -7.885599999999976717e+02
3.660765673758865432e+03 -1.439559999999997672e+03
3.674374468085106400e+03 -9.425599999999976717e+02
3.687983262411347823e+03 -2.605599999999976717e+02
3.701592056737588791e+03 -7.955599999999976717e+02
3.715200851063829759e+03 -1.067559999999997672e+03
3.728809645390071182e+03 -7.395599999999976717e+02
3.742418439716312150e+03 -9.075599999999976717e+02
3.756027234042553118e+03 -3.245599999999976717e+02
3.769636028368794541e+03 -7.885599999999976717e+02
3.783244822695035509e+03 -1.549559999999997672e+03
3.796853617021276477e+03 -2.185599999999976717e+02
3.810462411347517900e+03 -9.805599999999976717e+02
3.824071205673758868e+03 -1.152559999999997672e+03
3.837680000000000291e+03 -2.055599999999976717e+02
3.851288794326241259e+03 -4.955599999999976717e+02
3.864897588652482227e+03 -9.975599999999976717e+02
3.878506382978723650e+03 -1.004559999999997672e+03
3.892115177304964618e+03 -1.073559999999997672e+03
3.905723971631205586e+03 -1.703559999999997672e+03
3.919332765957447009e+03 -1.256559999999997672e+03
3.932941560283687977e+03 -1.562559999999997672e+03
3.946550354609928945e+03 -4.285599999999976717e+02
3.960159148936170368e+03 3.254400000000023283e+02
3.973767943262411336e+03 -5.055599999999976717e+02
3.987376737588652759e+03 8.874400000000023283e+02
4.000985531914893727e+03 -4.795599999999976717e+02
4.014594326241134695e+03 7.444000000000232831e+01
4.028203120567376118e+03 1.544400000000023283e+02
4.041811914893617086e+03 -8.235599999999976717e+02
4.055420709219858054e+03 -4.625599999999976717e+02
4.069029503546099477e+03 -4.255999999999767169e+01
4.082638297872340445e+03 9.434400000000023283e+02
4.096247092198581413e+03 -3.665599999999976717e+02
4.109855886524822381e+03 -2.565599999999976717e+02
4.123464680851064259e+03 -4.205599999999976717e+02
4.137073475177305227e+03 1.694400000000023283e+02
4.150682269503546195e+03 4.044400000000023283e+02
4.164291063829787163e+03 -8.755999999999767169e+01
4.177899858156028131e+03 3.144000000000232831e+01
4.191508652482270008e+03 5.564400000000023283e+02
4.205117446808510977e+03 3.964400000000023283e+02
4.218726241134751945e+03 2.574400000000023283e+02
4.232335035460992913e+03 -1.065599999999976717e+02
4.245943829787233881e+03 4.554400000000023283e+02
4.259552624113474849e+03 1.658440000000002328e+03
4.273161418439716726e+03 4.304400000000023283e+02
4.286770212765957695e+03 3.054400000000023283e+02
4.300379007092198663e+03 1.334400000000023283e+02
4.313987801418439631e+03 6.294400000000023283e+02
4.327596595744680599e+03 7.194400000000023283e+02
4.341205390070922476e+03 6.004400000000023283e+02
4.354814184397163444e+03 -3.455999999999767169e+01
4.368422978723404412e+03 -3.505599999999976717e+02
4.382031773049645381e+03 4.454400000000023283e+02
4.395640567375886349e+03 -1.005599999999976717e+02
4.409249361702127317e+03 -1.045599999999976717e+02
4.422858156028369194e+03 -2.095599999999976717e+02
4.436466950354610162e+03 -3.905599999999976717e+02
4.450075744680851130e+03 4.044400000000023283e+02
4.463684539007092098e+03 3.174440000000002328e+03
4.477293333333333067e+03 -6.435599999999976717e+02
4.490902127659574944e+03 4.400000000023283064e-01
4.504510921985815912e+03 3.444400000000023283e+02
4.518119716312056880e+03 3.944000000000232831e+01
4.531728510638297848e+03 3.244000000000232831e+01
4.545337304964538816e+03 9.124400000000023283e+02
4.558946099290780694e+03 9.044400000000023283e+02
4.572554893617021662e+03 1.022440000000002328e+03
4.586163687943262630e+03 1.214440000000002328e+03
4.599772482269503598e+03 9.724400000000023283e+02
4.613381276595744566e+03 9.454400000000023283e+02
4.626990070921985534e+03 1.410440000000002328e+03
4.640598865248227412e+03 2.124400000000023283e+02
4.654207659574468380e+03 -4.715599999999976717e+02
4.667816453900709348e+03 1.583440000000002328e+03
4.681425248226950316e+03 1.562440000000002328e+03
4.695034042553191284e+03 5.914400000000023283e+02
4.708642836879433162e+03 9.204400000000023283e+02
4.722251631205674130e+03 1.303440000000002328e+03
4.735860425531915098e+03 2.644000000000232831e+01
4.749469219858156066e+03 6.634400000000023283e+02
4.763078014184397034e+03 2.454400000000023283e+02
4.776686808510638002e+03 1.762440000000002328e+03
4.790295602836879880e+03 -4.635599999999976717e+02
4.803904397163120848e+03 -2.559999999997671694e+00
4.817513191489361816e+03 8.774400000000023283e+02
4.831121985815602784e+03 4.754400000000023283e+02
4.844730780141843752e+03 2.704400000000023283e+02
4.858339574468085630e+03 1.880440000000002328e+03
4.871948368794326598e+03 6.984400000000023283e+02
4.885557163120567566e+03 -3.475599999999976717e+02
4.899165957446808534e+03 9.384400000000023283e+02
4.912774751773049502e+03 9.784400000000023283e+02
4.926383546099290470e+03 1.161440000000002328e+03
4.939992340425532348e+03 2.144000000000232831e+01
4.953601134751773316e+03 5.004400000000023283e+02
4.967209929078014284e+03 3.174400000000023283e+02
4.980818723404255252e+03 -9.155999999999767169e+01
4.994427517730496220e+03 3.694400000000023283e+02
5.008036312056738097e+03 -3.945599999999976717e+02
5.021645106382979066e+03 7.734400000000023283e+02
5.035253900709220034e+03 9.334400000000023283e+02
5.048862695035461002e+03 7.824400000000023283e+02
5.062471489361701970e+03 4.484400000000023283e+02
5.076080283687942938e+03 5.774400000000023283e+02
5.089689078014184815e+03 1.219440000000002328e+03
5.103297872340425783e+03 1.344400000000023283e+02
5.116906666666666752e+03 9.944000000000232831e+01
5.130515460992907720e+03 1.774440000000002328e+03
5.144124255319148688e+03 6.764400000000023283e+02
5.157733049645390565e+03 1.803440000000002328e+03
5.171341843971631533e+03 9.864400000000023283e+02
5.184950638297872501e+03 1.163440000000002328e+03
5.198559432624113470e+03 7.764400000000023283e+02
5.212168226950354438e+03 4.034400000000023283e+02
5.225777021276595406e+03 8.624400000000023283e+02
5.239385815602837283e+03 -5.400559999999997672e+03
5.252994609929078251e+03 -1.248755999999999767e+04
5.266603404255319219e+03 -1.261755999999999767e+04
5.280212198581560187e+03 -1.266755999999999767e+04
5.293820992907801156e+03 -1.251755999999999767e+04
5.307429787234043033e+03 -1.274655999999999767e+04
5.321038581560284001e+03 -1.262555999999999767e+04
5.334647375886524969e+03 -1.246455999999999767e+04
5.348256170212765937e+03 -1.252755999999999767e+04
5.361864964539006905e+03 -1.259155999999999767e+04
5.375473758865248783e+03 -1.244755999999999767e+04
5.389082553191489751e+03 -1.266455999999999767e+04
5.402691347517730719e+03 -1.268755999999999767e+04
5.416300141843971687e+03 -1.263255999999999767e+04
5.429908936170212655e+03 -1.269055999999999767e+04
5.443517730496453623e+03 -1.241055999999999767e+04
5.457126524822695501e+03 -1.255755999999999767e+04
5.470735319148936469e+03 -1.237255999999999767e+04
5.484344113475177437e+03 -1.260355999999999767e+04
5.497952907801418405e+03 -1.268255999999999767e+04
5.511561702127659373e+03 -1.247555999999999767e+04
5.525170496453901251e+03 -1.276655999999999767e+04
5.538779290780142219e+03 -1.254555999999999767e+04
5.552388085106383187e+03 -1.259755999999999767e+04
