-2.078166064981949603e+03 -1.069580000000016298e+03
-2.064311624548736290e+03 -6.664580000000016298e+03
-2.050457184115523432e+03 -7.966580000000016298e+03
-2.036602743682310575e+03 -8.760580000000016298e+03
-2.022748303249097489e+03 -8.773580000000016298e+03
-2.008893862815884404e+03 -8.894580000000016298e+03
-1.995039422382671546e+03 -9.457580000000016298e+03
-1.981184981949458461e+03 -9.612580000000016298e+03
-1.967330541516245603e+03 -9.879580000000016298e+03
-1.953476101083032518e+03 -1.003958000000001630e+04
-1.939621660649819432e+03 -1.013158000000001630e+04
-1.925767220216606574e+03 -1.053358000000001630e+04
-1.911912779783393489e+03 -5.411580000000016298e+03
-1.898058339350180404e+03 1.441999999998370185e+01
-1.884203898916967546e+03 -6.375800000000162981e+02
-1.870349458483754461e+03 -6.945800000000162981e+02
-1.856495018050541603e+03 -6.085800000000162981e+02
-1.842640577617328518e+03 -1.665800000000162981e+02
-1.828786137184115432e+03 -5.215800000000162981e+02
-1.814931696750902574e+03 -5.725800000000162981e+02
-1.801077256317689489e+03 -1.050580000000016298e+03
-1.787222815884476631e+03 -4.935800000000162981e+02
-1.773368375451263546e+03 -8.455800000000162981e+02
-1.759513935018050461e+03 1.462419999999983702e+03
-1.745659494584837603e+03 -1.698580000000016298e+03
-1.731805054151624518e+03 -1.207580000000016298e+03
-1.717950613718411660e+03 -5.525800000000162981e+02
-1.704096173285198574e+03 -2.440580000000016298e+03
-1.690241732851985489e+03 -1.218580000000016298e+03
-1.676387292418772631e+03 -1.443580000000016298e+03
-1.662532851985559546e+03 -1.441580000000016298e+03
-1.648678411552346688e+03 -1.647580000000016298e+03
-1.634823971119133603e+03 -1.697580000000016298e+03
-1.620969530685920517e+03 -2.004580000000016298e+03
-1.607115090252707660e+03 -2.127580000000016298e+03
-1.593260649819494574e+03 -1.575580000000016298e+03
-1.579406209386281489e+03 -1.634580000000016298e+03
-1.565551768953068631e+03 -1.825580000000016298e+03
-1.551697328519855546e+03 -6.905800000000162981e+02
-1.537842888086642688e+03 -2.359580000000016298e+03
-1.523988447653429603e+03 -1.471580000000016298e+03
-1.510134007220216517e+03 -2.353580000000016298e+03
-1.496279566787003660e+03 -1.120580000000016298e+03
-1.482425126353790574e+03 -1.314580000000016298e+03
-1.468570685920577716e+03 -1.431580000000016298e+03
-1.454716245487364631e+03 -1.159580000000016298e+03
-1.440861805054151546e+03 -1.437580000000016298e+03
-1.427007364620938688e+03 -7.558000000001629815e+01
-1.413152924187725603e+03 -1.957580000000016298e+03
-1.399298483754512745e+03 -1.677580000000016298e+03
-1.385444043321299660e+03 -1.904580000000016298e+03
-1.371589602888086574e+03 -2.439580000000016298e+03
-1.357735162454873716e+03 -1.792580000000016298e+03
-1.343880722021660631e+03 -1.245580000000016298e+03
-1.330026281588447546e+03 -1.084580000000016298e+03
-1.316171841155234688e+03 -2.045580000000016298e+03
-1.302317400722021603e+03 -1.373580000000016298e+03
-1.288462960288808745e+03 -1.963580000000016298e+03
-1.274608519855595659e+03 -2.033580000000016298e+03
-1.260754079422382574e+03 -2.254580000000016298e+03
-1.246899638989169716e+03 -1.977580000000016298e+03
-1.233045198555956631e+03 -1.226580000000016298e+03
-1.219190758122743773e+03 -1.731580000000016298e+03
-1.205336317689530688e+03 -1.817580000000016298e+03
-1.191481877256317603e+03 -1.947580000000016298e+03
-1.177627436823104745e+03 -1.427580000000016298e+03
-1.163772996389891659e+03 -2.362580000000016298e+03
-1.149918555956678802e+03 -1.890580000000016298e+03
-1.136064115523465716e+03 -2.141580000000016298e+03
-1.122209675090252631e+03 -1.816580000000016298e+03
-1.108355234657039773e+03 -2.311580000000016298e+03
-1.094500794223826688e+03 -2.691580000000016298e+03
-1.080646353790613830e+03 -1.597580000000016298e+03
-1.066791913357400745e+03 -9.785800000000162981e+02
-1.052937472924187659e+03 -1.934580000000016298e+03
-1.039083032490974801e+03 -1.976580000000016298e+03
-1.025228592057761716e+03 -1.660580000000016298e+03
-1.011374151624548745e+03 -1.772580000000016298e+03
-9.975197111913357730e+02 -1.460580000000016298e+03
-9.836652707581228015e+02 -1.623580000000016298e+03
-9.698108303249097162e+02 -1.891580000000016298e+03
-9.559563898916967446e+02 -2.680580000000016298e+03
-9.421019494584837730e+02 -1.586580000000016298e+03
-9.282475090252708014e+02 -1.586580000000016298e+03
-9.143930685920577162e+02 -1.392580000000016298e+03
-9.005386281588447446e+02 -1.802580000000016298e+03
-8.866841877256317730e+02 -1.676580000000016298e+03
-8.728297472924188014e+02 -1.680580000000016298e+03
-8.589753068592058298e+02 -1.300580000000016298e+03
-8.451208664259927446e+02 -1.973580000000016298e+03
-8.312664259927797730e+02 -2.111580000000016298e+03
-8.174119855595668014e+02 -1.734580000000016298e+03
-8.035575451263538298e+02 -2.142580000000016298e+03
-7.897031046931407445e+02 -1.848580000000016298e+03
-7.758486642599277729e+02 -2.121580000000016298e+03
-7.619942238267148014e+02 -2.037580000000016298e+03
-7.481397833935018298e+02 -1.930580000000016298e+03
-7.342853429602888582e+02 -1.754580000000016298e+03
-7.204309025270757729e+02 -1.197580000000016298e+03
-7.065764620938628013e+02 -1.530580000000016298e+03
-6.927220216606498298e+02 -1.205580000000016298e+03
-6.788675812274368582e+02 -2.096580000000016298e+03
-6.650131407942237729e+02 -9.145800000000162981e+02
-6.511587003610108013e+02 -1.500580000000016298e+03
-6.373042599277978297e+02 -1.338580000000016298e+03
-6.234498194945848581e+02 -1.500580000000016298e+03
-6.095953790613718866e+02 -1.762580000000016298e+03
-5.957409386281588013e+02 -2.070580000000016298e+03
-5.818864981949458297e+02 -2.328580000000016298e+03
-5.680320577617328581e+02 -1.841580000000016298e+03
-5.541776173285198865e+02 -2.328580000000016298e+03
-5.403231768953069150e+02 -2.209580000000016298e+03
-5.264687364620938297e+02 -1.548580000000016298e+03
-5.126142960288808581e+02 -2.358580000000016298e+03
-4.987598555956678865e+02 -1.863580000000016298e+03
-4.849054151624548581e+02 -2.103580000000016298e+03
-4.710509747292418865e+02 -2.501580000000016298e+03
-4.571965342960288581e+02 -2.781580000000016298e+03
-4.433420938628158865e+02 -1.677580000000016298e+03
-4.294876534296029149e+02 -2.769580000000016298e+03
-4.156332129963898865e+02 -2.482580000000016298e+03
-4.017787725631769149e+02 -2.674580000000016298e+03
-3.879243321299638865e+02 -2.693580000000016298e+03
-3.740698916967509149e+02 -2.480580000000016298e+03
-3.602154512635378865e+02 -2.026580000000016298e+03
-3.463610108303249149e+02 -2.339580000000016298e+03
-3.325065703971118865e+02 -2.381580000000016298e+03
-3.186521299638989149e+02 -1.958580000000016298e+03
-3.047976895306859433e+02 -1.567580000000016298e+03
-2.909432490974729149e+02 -2.238580000000016298e+03
-2.770888086642599433e+02 -2.636580000000016298e+03
-2.632343682310469148e+02 -2.571580000000016298e+03
-2.493799277978339433e+02 -2.735580000000016298e+03
-2.355254873646209433e+02 -2.430580000000016298e+03
-2.216710469314079432e+02 -1.796580000000016298e+03
-2.078166064981949432e+02 -2.099580000000016298e+03
-1.939621660649819432e+02 -2.658580000000016298e+03
-1.801077256317689432e+02 -1.766580000000016298e+03
-1.662532851985559432e+02 -1.698580000000016298e+03
-1.523988447653429716e+02 -2.476580000000016298e+03
-1.385444043321299716e+02 -1.980580000000016298e+03
-1.246899638989169716e+02 -1.200580000000016298e+03
-1.108355234657039716e+02 -1.410580000000016298e+03
-9.698108303249097162e+01 -1.416580000000016298e+03
-8.312664259927797161e+01 -1.084580000000016298e+03
-6.927220216606498582e+01 1.085419999999983702e+03
-5.541776173285198581e+01 4.093419999999983702e+03
-4.156332129963898581e+01 1.265341999999998370e+04
-2.770888086642599291e+01 2.986241999999998370e+04
-1.385444043321299645e+01 5.870641999999998370e+04
0.000000000000000000e+00 1.042594199999999837e+05
1.385444043321299645e+01 1.712124199999999837e+05
2.770888086642599291e+01 2.706404199999999837e+05
4.156332129963898581e+01 3.915084199999999837e+05
5.541776173285198581e+01 5.422764199999999255e+05
6.927220216606498582e+01 7.223424199999999255e+05
8.312664259927797161e+01 9.193844199999999255e+05
9.698108303249097162e+01 1.135245419999999925e+06
1.108355234657039716e+02 1.372456419999999925e+06
1.246899638989169716e+02 1.627108419999999925e+06
1.385444043321299716e+02 1.856110419999999925e+06
1.523988447653429716e+02 2.087898419999999925e+06
1.662532851985559432e+02 2.330984419999999925e+06
1.801077256317689432e+02 2.580820419999999925e+06
1.939621660649819432e+02 2.813136419999999925e+06
2.078166064981949432e+02 3.020143419999999925e+06
2.216710469314079432e+02 3.214496419999999925e+06
2.355254873646209433e+02 3.400627419999999925e+06
2.493799277978339433e+02 3.570194419999999925e+06
2.632343682310469148e+02 3.719166419999999925e+06
2.770888086642599433e+02 3.859372419999999925e+06
2.909432490974729149e+02 3.957479419999999925e+06
3.047976895306859433e+02 4.028423419999999925e+06
3.186521299638989149e+02 4.077468419999999925e+06
3.325065703971118865e+02 4.116482419999999925e+06
3.463610108303249149e+02 4.157022419999999925e+06
3.602154512635378865e+02 4.189650419999999925e+06
3.740698916967509149e+02 4.223595419999999925e+06
3.879243321299638865e+02 4.242693419999999925e+06
4.017787725631769149e+02 4.241126419999999925e+06
4.156332129963898865e+02 4.225018419999999925e+06
4.294876534296029149e+02 4.225563419999999925e+06
4.433420938628158865e+02 4.215006419999999925e+06
4.571965342960288581e+02 4.209152419999999925e+06
4.710509747292418865e+02 4.208568419999999925e+06
4.849054151624548581e+02 4.200940419999999925e+06
4.987598555956678865e+02 4.174440419999999925e+06
5.126142960288808581e+02 4.159469419999999925e+06
5.264687364620938297e+02 4.167206419999999925e+06
5.403231768953069150e+02 4.144417419999999925e+06
5.541776173285198865e+02 4.126047419999999925e+06
5.680320577617328581e+02 4.103401419999999925e+06
5.818864981949458297e+02 4.116032419999999925e+06
5.957409386281588013e+02 4.099546419999999925e+06
6.095953790613718866e+02 4.083992419999999925e+06
6.234498194945848581e+02 4.058612419999999925e+06
6.373042599277978297e+02 4.051217419999999925e+06
6.511587003610108013e+02 4.018911419999999925e+06
6.650131407942237729e+02 3.978426419999999925e+06
6.788675812274368582e+02 3.932949419999999925e+06
6.927220216606498298e+02 3.864079419999999925e+06
7.065764620938628013e+02 3.761404419999999925e+06
7.204309025270757729e+02 3.629682419999999925e+06
7.342853429602888582e+02 3.489792419999999925e+06
7.481397833935018298e+02 3.323099419999999925e+06
7.619942238267148014e+02 3.096014419999999925e+06
7.758486642599277729e+02 2.846410419999999925e+06
7.897031046931407445e+02 2.607186419999999925e+06
8.035575451263538298e+02 2.342302419999999925e+06
8.174119855595668014e+02 2.056768419999999925e+06
8.312664259927797730e+02 1.779577419999999925e+06
8.451208664259927446e+02 1.522430419999999925e+06
8.589753068592058298e+02 1.286421419999999925e+06
8.728297472924188014e+02 1.081080419999999925e+06
8.866841877256317730e+02 8.914154199999999255e+05
9.005386281588447446e+02 7.192944199999999255e+05
9.143930685920577162e+02 5.681734199999999255e+05
9.282475090252708014e+02 4.303844199999999837e+05
9.421019494584837730e+02 3.132374199999999837e+05
9.559563898916967446e+02 2.249474199999999837e+05
9.698108303249097162e+02 1.585834199999999837e+05
9.836652707581228015e+02 1.080144199999999837e+05
9.975197111913357730e+02 7.581541999999998370e+04
1.011374151624548745e+03 5.700441999999998370e+04
1.025228592057761716e+03 4.668541999999998370e+04
1.039083032490974801e+03 3.979741999999998370e+04
1.052937472924187659e+03 3.764041999999998370e+04
1.066791913357400745e+03 3.619641999999998370e+04
1.080646353790613830e+03 3.429641999999998370e+04
1.094500794223826688e+03 3.288241999999998370e+04
1.108355234657039773e+03 3.189141999999998370e+04
1.122209675090252631e+03 3.083741999999998370e+04
1.136064115523465716e+03 2.868041999999998370e+04
1.149918555956678802e+03 2.972241999999998370e+04
1.163772996389891659e+03 2.755441999999998370e+04
1.177627436823104745e+03 2.608441999999998370e+04
1.191481877256317603e+03 2.415541999999998370e+04
1.205336317689530688e+03 2.499941999999998370e+04
1.219190758122743773e+03 2.743841999999998370e+04
1.233045198555956631e+03 2.354041999999998370e+04
1.246899638989169716e+03 2.170441999999998370e+04
1.260754079422382574e+03 2.116141999999998370e+04
1.274608519855595659e+03 1.964941999999998370e+04
1.288462960288808745e+03 1.735841999999998370e+04
1.302317400722021603e+03 1.503841999999998370e+04
1.316171841155234688e+03 1.380141999999998370e+04
1.330026281588447546e+03 1.240541999999998370e+04
1.343880722021660631e+03 1.128441999999998370e+04
1.357735162454873716e+03 1.216441999999998370e+04
1.371589602888086574e+03 9.818419999999983702e+03
1.385444043321299660e+03 9.197419999999983702e+03
1.399298483754512745e+03 8.211419999999983702e+03
1.413152924187725603e+03 7.842419999999983702e+03
1.427007364620938688e+03 7.130419999999983702e+03
1.440861805054151546e+03 6.551419999999983702e+03
1.454716245487364631e+03 5.956419999999983702e+03
1.468570685920577716e+03 6.493419999999983702e+03
1.482425126353790574e+03 3.923419999999983702e+03
1.496279566787003660e+03 3.655419999999983702e+03
1.510134007220216517e+03 2.427419999999983702e+03
1.523988447653429603e+03 1.682419999999983702e+03
1.537842888086642688e+03 1.881419999999983702e+03
1.551697328519855546e+03 2.223419999999983702e+03
1.565551768953068631e+03 2.810419999999983702e+03
1.579406209386281489e+03 8.224199999999837019e+02
1.593260649819494574e+03 4.884199999999837019e+02
1.607115090252707660e+03 4.044199999999837019e+02
1.620969530685920517e+03 -2.915800000000162981e+02
1.634823971119133603e+03 5.744199999999837019e+02
1.648678411552346688e+03 -6.058000000001629815e+01
1.662532851985559546e+03 -7.165800000000162981e+02
1.676387292418772631e+03 -4.375800000000162981e+02
1.690241732851985489e+03 -9.815800000000162981e+02
1.704096173285198574e+03 -1.215580000000016298e+03
1.717950613718411660e+03 -9.565800000000162981e+02
1.731805054151624518e+03 -3.815800000000162981e+02
1.745659494584837603e+03 -1.015580000000016298e+03
1.759513935018050461e+03 -2.017580000000016298e+03
1.773368375451263546e+03 -1.220580000000016298e+03
1.787222815884476631e+03 -2.032580000000016298e+03
1.801077256317689489e+03 -1.969580000000016298e+03
1.814931696750902574e+03 -5.665800000000162981e+02
1.828786137184115432e+03 -1.355580000000016298e+03
1.842640577617328518e+03 -1.228580000000016298e+03
1.856495018050541603e+03 -1.802580000000016298e+03
1.870349458483754461e+03 -6.845800000000162981e+02
1.884203898916967546e+03 -1.310580000000016298e+03
1.898058339350180404e+03 -1.426580000000016298e+03
1.911912779783393489e+03 -1.577580000000016298e+03
1.925767220216606574e+03 -2.480580000000016298e+03
1.939621660649819432e+03 -1.145580000000016298e+03
1.953476101083032518e+03 -1.055580000000016298e+03
1.967330541516245603e+03 -1.469580000000016298e+03
1.981184981949458461e+03 -1.556580000000016298e+03
1.995039422382671546e+03 -1.572580000000016298e+03
2.008893862815884404e+03 -1.799580000000016298e+03
2.022748303249097489e+03 -1.509580000000016298e+03
2.036602743682310575e+03 -1.940580000000016298e+03
2.050457184115523432e+03 -1.612580000000016298e+03
2.064311624548736290e+03 -1.892580000000016298e+03
2.078166064981949603e+03 -1.607580000000016298e+03
2.092020505415162461e+03 -1.236580000000016298e+03
2.105874945848375319e+03 -2.603580000000016298e+03
2.119729386281588631e+03 -1.896580000000016298e+03
2.133583826714801489e+03 -2.083580000000016298e+03
2.147438267148014347e+03 -2.260580000000016298e+03
2.161292707581227660e+03 -1.663580000000016298e+03
2.175147148014440518e+03 -1.869580000000016298e+03
2.189001588447653376e+03 -2.240580000000016298e+03
2.202856028880866234e+03 -1.061580000000016298e+03
2.216710469314079546e+03 -9.605800000000162981e+02
2.230564909747292404e+03 2.501419999999983702e+03
2.244419350180505262e+03 -2.280580000000016298e+03
2.258273790613718575e+03 -6.915800000000162981e+02
2.272128231046931433e+03 -1.306580000000016298e+03
2.285982671480144290e+03 -2.095580000000016298e+03
2.299837111913357603e+03 -1.147580000000016298e+03
2.313691552346570461e+03 -1.995580000000016298e+03
2.327545992779783319e+03 -2.167580000000016298e+03
2.341400433212996177e+03 -2.314580000000016298e+03
2.355254873646209489e+03 -1.957580000000016298e+03
2.369109314079422347e+03 -2.461580000000016298e+03
2.382963754512635205e+03 -1.746580000000016298e+03
2.396818194945848518e+03 -1.945580000000016298e+03
2.410672635379061376e+03 -2.378580000000016298e+03
2.424527075812274234e+03 -2.577580000000016298e+03
2.438381516245487546e+03 -2.165580000000016298e+03
2.452235956678700404e+03 -2.551580000000016298e+03
2.466090397111913262e+03 -1.750580000000016298e+03
2.479944837545126575e+03 -1.327580000000016298e+03
2.493799277978339433e+03 -1.617580000000016298e+03
2.507653718411552290e+03 -1.338580000000016298e+03
2.521508158844765148e+03 -2.625580000000016298e+03
2.535362599277978461e+03 -1.339580000000016298e+03
2.549217039711191319e+03 -2.731580000000016298e+03
2.563071480144404177e+03 -2.121580000000016298e+03
2.576925920577617489e+03 3.999419999999983702e+03
2.590780361010830347e+03 -1.467580000000016298e+03
2.604634801444043205e+03 -9.095800000000162981e+02
2.618489241877256518e+03 -9.105800000000162981e+02
2.632343682310469376e+03 -2.093580000000016298e+03
2.646198122743682234e+03 -1.601580000000016298e+03
2.660052563176895092e+03 2.740419999999983702e+03
2.673907003610108404e+03 -1.829580000000016298e+03
2.687761444043321262e+03 -1.681580000000016298e+03
2.701615884476534120e+03 -2.191580000000016298e+03
2.715470324909747433e+03 -9.745800000000162981e+02
2.729324765342960291e+03 -2.058580000000016298e+03
2.743179205776173148e+03 -1.807580000000016298e+03
2.757033646209386461e+03 -2.104580000000016298e+03
2.770888086642599319e+03 -2.139580000000016298e+03
2.784742527075812177e+03 -2.363580000000016298e+03
2.798596967509025490e+03 -1.446580000000016298e+03
2.812451407942238347e+03 -2.180580000000016298e+03
2.826305848375451205e+03 -1.814580000000016298e+03
2.840160288808664063e+03 -2.300580000000016298e+03
2.854014729241877376e+03 -1.992580000000016298e+03
2.867869169675090234e+03 -1.751580000000016298e+03
2.881723610108303092e+03 -2.249580000000016298e+03
2.895578050541516404e+03 -2.490580000000016298e+03
2.909432490974729262e+03 -2.941580000000016298e+03
2.923286931407942120e+03 -2.101580000000016298e+03
2.937141371841155433e+03 -1.623580000000016298e+03
2.950995812274368291e+03 -1.321580000000016298e+03
2.964850252707581149e+03 -1.927580000000016298e+03
2.978704693140794461e+03 -1.883580000000016298e+03
2.992559133574007319e+03 -2.379580000000016298e+03
3.006413574007220177e+03 -2.671580000000016298e+03
3.020268014440433035e+03 -9.575800000000162981e+02
3.034122454873646348e+03 -9.485800000000162981e+02
3.047976895306859205e+03 -1.844580000000016298e+03
3.061831335740072063e+03 -1.959580000000016298e+03
3.075685776173285376e+03 -2.112580000000016298e+03
3.089540216606498234e+03 -2.909580000000016298e+03
3.103394657039711092e+03 -2.106580000000016298e+03
3.117249097472924404e+03 -1.218580000000016298e+03
3.131103537906137262e+03 -2.668580000000016298e+03
3.144957978339350120e+03 -2.208580000000016298e+03
3.158812418772562978e+03 -2.130580000000016298e+03
3.172666859205776291e+03 -1.309580000000016298e+03
3.186521299638989149e+03 -1.736580000000016298e+03
3.200375740072202007e+03 -1.934580000000016298e+03
3.214230180505415319e+03 -1.407580000000016298e+03
3.228084620938628177e+03 -1.961580000000016298e+03
3.241939061371841035e+03 -1.740580000000016298e+03
3.255793501805054348e+03 -1.385580000000016298e+03
3.269647942238267206e+03 -1.351580000000016298e+03
3.283502382671480063e+03 -1.326580000000016298e+03
3.297356823104693376e+03 -1.126580000000016298e+03
3.311211263537906234e+03 -1.243580000000016298e+03
3.325065703971119092e+03 -1.828580000000016298e+03
3.338920144404331950e+03 -2.015580000000016298e+03
3.352774584837545262e+03 -2.190580000000016298e+03
3.366629025270758120e+03 -9.115800000000162981e+02
3.380483465703970978e+03 -1.538580000000016298e+03
3.394337906137184291e+03 -1.827580000000016298e+03
3.408192346570397149e+03 -1.624580000000016298e+03
3.422046787003610007e+03 -1.415580000000016298e+03
3.435901227436823319e+03 -1.370580000000016298e+03
3.449755667870036177e+03 -1.646580000000016298e+03
3.463610108303249035e+03 -1.043580000000016298e+03
3.477464548736461893e+03 -1.394580000000016298e+03
3.491318989169675206e+03 -1.483580000000016298e+03
3.505173429602888064e+03 -1.274580000000016298e+03
3.519027870036100921e+03 -1.726580000000016298e+03
3.532882310469314234e+03 -1.589580000000016298e+03
3.546736750902527092e+03 -1.185580000000016298e+03
3.560591191335739950e+03 -6.935800000000162981e+02
3.574445631768953263e+03 -1.787580000000016298e+03
3.588300072202166120e+03 -1.305580000000016298e+03
3.602154512635378978e+03 -7.865800000000162981e+02
3.616008953068592291e+03 -1.054580000000016298e+03
3.629863393501805149e+03 -1.331580000000016298e+03
3.643717833935018007e+03 -1.048580000000016298e+03
3.657572274368230865e+03 -9.775800000000162981e+02
3.671426714801444177e+03 8.104199999999837019e+02
3.685281155234657035e+03 -6.545800000000162981e+02
3.699135595667869893e+03 -1.526580000000016298e+03
3.712990036101083206e+03 -2.615800000000162981e+02
3.726844476534296064e+03 -1.865800000000162981e+02
3.740698916967508922e+03 -9.075800000000162981e+02
3.754553357400722234e+03 -6.415800000000162981e+02
3.768407797833935092e+03 2.049419999999983702e+03
3.782262238267147950e+03 4.424199999999837019e+02
3.796116678700360808e+03 9.419999999983701855e+00
3.809971119133574120e+03 -5.615800000000162981e+02
3.823825559566786978e+03 -1.045580000000016298e+03
3.837679999999999836e+03 -4.045800000000162981e+02
3.851534440433213149e+03 -9.575800000000162981e+02
3.865388880866426007e+03 -3.305800000000162981e+02
3.879243321299638865e+03 -1.285800000000162981e+02
3.893097761732852177e+03 -5.245800000000162981e+02
3.906952202166065035e+03 6.664199999999837019e+02
3.920806642599277893e+03 -7.865800000000162981e+02
3.934661083032491206e+03 -9.845800000000162981e+02
3.948515523465704064e+03 -7.225800000000162981e+02
3.962369963898916922e+03 -1.124580000000016298e+03
3.976224404332129780e+03 -1.059580000000016298e+03
3.990078844765343092e+03 -5.715800000000162981e+02
4.003933285198555950e+03 4.634199999999837019e+02
4.017787725631768808e+03 -5.795800000000162981e+02
4.031642166064982121e+03 -5.205800000000162981e+02
4.045496606498194978e+03 -5.595800000000162981e+02
4.059351046931407836e+03 -2.758000000001629815e+01
4.073205487364621149e+03 2.814199999999837019e+02
4.087059927797834007e+03 -9.105800000000162981e+02
4.100914368231046865e+03 -2.935800000000162981e+02
4.114768808664260177e+03 -1.385800000000162981e+02
4.128623249097472581e+03 -3.735800000000162981e+02
4.142477689530685893e+03 2.484199999999837019e+02
4.156332129963899206e+03 -4.758000000001629815e+01
4.170186570397111609e+03 -1.675800000000162981e+02
4.184041010830324922e+03 1.796419999999983702e+03
4.197895451263538234e+03 1.994199999999837019e+02
4.211749891696750637e+03 -3.158000000001629815e+01
4.225604332129963950e+03 -1.595800000000162981e+02
4.239458772563177263e+03 4.324199999999837019e+02
4.253313212996389666e+03 -3.658000000001629815e+01
4.267167653429602979e+03 8.144199999999837019e+02
4.281022093862816291e+03 1.734199999999837019e+02
4.294876534296028694e+03 2.419999999983701855e+00
4.308730974729242007e+03 1.584199999999837019e+02
4.322585415162455320e+03 6.274199999999837019e+02
4.336439855595667723e+03 3.284199999999837019e+02
4.350294296028881035e+03 2.241999999998370185e+01
4.364148736462093439e+03 6.141999999998370185e+01
4.378003176895306751e+03 1.341999999998370185e+01
4.391857617328520064e+03 3.408419999999983702e+03
4.405712057761732467e+03 2.041999999998370185e+01
4.419566498194945780e+03 2.124199999999837019e+02
4.433420938628159092e+03 6.664199999999837019e+02
4.447275379061371495e+03 1.014199999999837019e+02
4.461129819494584808e+03 1.034199999999837019e+02
4.474984259927798121e+03 8.734199999999837019e+02
4.488838700361010524e+03 4.204199999999837019e+02
4.502693140794223837e+03 9.294199999999837019e+02
4.516547581227437149e+03 3.404199999999837019e+02
4.530402021660649552e+03 1.017419999999983702e+03
4.544256462093862865e+03 -1.658000000001629815e+01
4.558110902527076178e+03 3.624199999999837019e+02
4.571965342960288581e+03 1.234199999999837019e+02
4.585819783393501893e+03 -8.580000000016298145e+00
4.599674223826715206e+03 1.307419999999983702e+03
4.613528664259927609e+03 1.295419999999983702e+03
4.627383104693140922e+03 6.364199999999837019e+02
4.641237545126354235e+03 1.225419999999983702e+03
4.655091985559566638e+03 1.636419999999983702e+03
4.668946425992779950e+03 1.036419999999983702e+03
4.682800866425992353e+03 1.513419999999983702e+03
4.696655306859205666e+03 6.874199999999837019e+02
4.710509747292418979e+03 2.210419999999983702e+03
4.724364187725631382e+03 5.114199999999837019e+02
4.738218628158844695e+03 4.934199999999837019e+02
4.752073068592058007e+03 9.784199999999837019e+02
4.765927509025270410e+03 1.070419999999983702e+03
4.779781949458483723e+03 4.014199999999837019e+02
4.793636389891697036e+03 1.332419999999983702e+03
4.807490830324909439e+03 6.144199999999837019e+02
4.821345270758122751e+03 -2.495800000000162981e+02
4.835199711191336064e+03 1.054419999999983702e+03
4.849054151624548467e+03 4.834199999999837019e+02
4.862908592057761780e+03 1.642419999999983702e+03
4.876763032490975093e+03 7.841999999998370185e+01
4.890617472924187496e+03 3.214199999999837019e+02
4.904471913357400808e+03 4.544199999999837019e+02
4.918326353790614121e+03 6.094199999999837019e+02
4.932180794223826524e+03 8.984199999999837019e+02
4.946035234657039837e+03 2.424199999999837019e+02
4.959889675090253149e+03 1.311419999999983702e+03
4.973744115523465553e+03 9.304199999999837019e+02
4.987598555956678865e+03 1.235419999999983702e+03
5.001452996389891268e+03 8.844199999999837019e+02
5.015307436823104581e+03 1.013419999999983702e+03
5.029161877256317894e+03 7.964199999999837019e+02
5.043016317689530297e+03 -2.058000000001629815e+01
5.056870758122743609e+03 3.684199999999837019e+02
5.070725198555956922e+03 1.619419999999983702e+03
5.084579638989169325e+03 9.574199999999837019e+02
5.098434079422382638e+03 1.506419999999983702e+03
5.112288519855595951e+03 9.924199999999837019e+02
5.126142960288808354e+03 1.184419999999983702e+03
5.139997400722021666e+03 9.114199999999837019e+02
5.153851841155234979e+03 3.854199999999837019e+02
5.167706281588447382e+03 2.844199999999837019e+02
5.181560722021660695e+03 -5.160580000000016298e+03
5.195415162454874007e+03 -1.204158000000001630e+04
5.209269602888086411e+03 -1.223858000000001630e+04
5.223124043321299723e+03 -1.201258000000001630e+04
5.236978483754513036e+03 -1.219458000000001630e+04
5.250832924187725439e+03 -1.200758000000001630e+04
5.264687364620938752e+03 -1.211358000000001630e+04
5.278541805054152064e+03 -1.219258000000001630e+04
5.292396245487364467e+03 -1.216258000000001630e+04
5.306250685920577780e+03 -1.198558000000001630e+04
5.320105126353790183e+03 -1.197458000000001630e+04
5.333959566787003496e+03 -1.218658000000001630e+04
5.347814007220216808e+03 -1.224258000000001630e+04
5.361668447653429212e+03 -1.215958000000001630e+04
5.375522888086642524e+03 -1.200658000000001630e+04
5.389377328519855837e+03 -1.197058000000001630e+04
5.403231768953068240e+03 -1.214958000000001630e+04
5.417086209386281553e+03 -1.212458000000001630e+04
5.430940649819494865e+03 -1.202658000000001630e+04
5.444795090252707269e+03 -1.195758000000001630e+04
5.458649530685920581e+03 -1.212358000000001630e+04
5.472503971119133894e+03 -1.220458000000001630e+04
5.486358411552346297e+03 -1.196058000000001630e+04
5.500212851985559610e+03 -1.227758000000001630e+04
