-1.324750747330960621e+03 -7.882500000000000000e+02
-1.311093523131672555e+03 -6.360250000000000000e+03
-1.297436298932384261e+03 -7.476250000000000000e+03
-1.283779074733095968e+03 -8.167250000000000000e+03
-1.270121850533807674e+03 -8.440250000000000000e+03
-1.256464626334519380e+03 -8.718250000000000000e+03
-1.242807402135231087e+03 -9.034250000000000000e+03
-1.229150177935943020e+03 -9.436250000000000000e+03
-1.215492953736654727e+03 -9.663250000000000000e+03
-1.201835729537366433e+03 -9.716250000000000000e+03
-1.188178505338078139e+03 -9.927250000000000000e+03
-1.174521281138789845e+03 -1.001225000000000000e+04
-1.160864056939501552e+03 -5.168250000000000000e+03
-1.147206832740213486e+03 4.727500000000000000e+02
-1.133549608540925192e+03 -1.432500000000000000e+02
-1.119892384341636898e+03 -3.522500000000000000e+02
-1.106235160142348604e+03 -4.522500000000000000e+02
-1.092577935943060311e+03 2.507500000000000000e+02
-1.078920711743772017e+03 -4.052500000000000000e+02
-1.065263487544483951e+03 -6.072500000000000000e+02
-1.051606263345195657e+03 -2.422500000000000000e+02
-1.037949039145907363e+03 -4.982500000000000000e+02
-1.024291814946619070e+03 -7.132500000000000000e+02
-1.010634590747330890e+03 2.484750000000000000e+03
-9.969773665480425962e+02 -9.992500000000000000e+02
-9.833201423487543025e+02 -6.602500000000000000e+02
-9.696629181494661225e+02 -2.325000000000000000e+01
-9.560056939501778288e+02 -1.547250000000000000e+03
-9.423484697508895351e+02 -3.892500000000000000e+02
-9.286912455516013551e+02 -8.142500000000000000e+02
-9.150340213523130615e+02 -8.992500000000000000e+02
-9.013767971530247678e+02 -1.140250000000000000e+03
-8.877195729537365878e+02 -1.564250000000000000e+03
-8.740623487544482941e+02 -1.362250000000000000e+03
-8.604051245551600005e+02 -2.129250000000000000e+03
-8.467479003558718205e+02 -1.434250000000000000e+03
-8.330906761565835268e+02 -1.329250000000000000e+03
-8.194334519572952331e+02 -1.334250000000000000e+03
-8.057762277580070531e+02 -2.212500000000000000e+02
-7.921190035587187595e+02 -1.355250000000000000e+03
-7.784617793594304658e+02 -4.592500000000000000e+02
-7.648045551601422858e+02 -9.362500000000000000e+02
-7.511473309608539921e+02 -4.552500000000000000e+02
-7.374901067615656984e+02 -7.112500000000000000e+02
-7.238328825622775184e+02 -7.492500000000000000e+02
-7.101756583629892248e+02 -8.652500000000000000e+02
-6.965184341637009311e+02 -1.058250000000000000e+03
-6.828612099644127511e+02 -4.022500000000000000e+02
-6.692039857651244574e+02 -5.812500000000000000e+02
-6.555467615658362774e+02 -3.042500000000000000e+02
-6.418895373665479838e+02 -8.522500000000000000e+02
-6.282323131672596901e+02 -1.051250000000000000e+03
-6.145750889679715101e+02 -1.026250000000000000e+03
-6.009178647686832164e+02 -9.125000000000000000e+01
-5.872606405693949227e+02 4.477500000000000000e+02
-5.736034163701067428e+02 -1.215250000000000000e+03
-5.599461921708184491e+02 -7.292500000000000000e+02
-5.462889679715301554e+02 -9.372500000000000000e+02
-5.326317437722419754e+02 -8.742500000000000000e+02
-5.189745195729536817e+02 -1.455250000000000000e+03
-5.053172953736654449e+02 -1.636250000000000000e+03
-4.916600711743771512e+02 -3.572500000000000000e+02
-4.780028469750889144e+02 -1.436250000000000000e+03
-4.643456227758006776e+02 -7.982500000000000000e+02
-4.506883985765123839e+02 -1.141250000000000000e+03
-4.370311743772241471e+02 -3.325000000000000000e+01
-4.233739501779359102e+02 -1.478250000000000000e+03
-4.097167259786476166e+02 -1.365250000000000000e+03
-3.960595017793593797e+02 -1.662250000000000000e+03
-3.824022775800711429e+02 -9.672500000000000000e+02
-3.687450533807828492e+02 -1.094250000000000000e+03
-3.550878291814946124e+02 -1.572250000000000000e+03
-3.414306049822063756e+02 -4.562500000000000000e+02
-3.277733807829181387e+02 1.214750000000000000e+03
-3.141161565836298450e+02 -1.261250000000000000e+03
-3.004589323843416082e+02 -1.138250000000000000e+03
-2.868017081850533714e+02 -6.642500000000000000e+02
-2.731444839857650777e+02 -5.212500000000000000e+02
-2.594872597864768409e+02 -9.362500000000000000e+02
-2.458300355871885756e+02 -8.942500000000000000e+02
-2.321728113879003388e+02 -5.572500000000000000e+02
-2.185155871886120735e+02 -1.726250000000000000e+03
-2.048583629893238083e+02 -7.972500000000000000e+02
-1.912011387900355714e+02 -8.922500000000000000e+02
-1.775439145907473062e+02 -1.245250000000000000e+03
-1.638866903914590694e+02 -1.142250000000000000e+03
-1.502294661921708041e+02 -9.862500000000000000e+02
-1.365722419928825389e+02 -6.612500000000000000e+02
-1.229150177935942878e+02 -6.472500000000000000e+02
-1.092577935943060368e+02 -6.422500000000000000e+02
-9.560056939501778572e+01 3.475000000000000000e+01
-8.194334519572953468e+01 1.007500000000000000e+02
-6.828612099644126943e+01 1.317750000000000000e+03
-5.462889679715301838e+01 3.880750000000000000e+03
-4.097167259786476734e+01 9.142750000000000000e+03
-2.731444839857650919e+01 2.055575000000000000e+04
-1.365722419928825460e+01 4.538875000000000000e+04
0.000000000000000000e+00 8.741175000000000000e+04
1.365722419928825460e+01 1.518037500000000000e+05
2.731444839857650919e+01 2.471127500000000000e+05
4.097167259786476734e+01 3.705657500000000000e+05
5.462889679715301838e+01 5.345017500000000000e+05
6.828612099644126943e+01 7.312277500000000000e+05
8.194334519572953468e+01 9.442637500000000000e+05
9.560056939501778572e+01 1.163599750000000000e+06
1.092577935943060368e+02 1.388715750000000000e+06
1.229150177935942878e+02 1.622985750000000000e+06
1.365722419928825389e+02 1.863728750000000000e+06
1.502294661921708041e+02 2.109550750000000000e+06
1.638866903914590694e+02 2.345102750000000000e+06
1.775439145907473062e+02 2.572205750000000000e+06
1.912011387900355714e+02 2.807538750000000000e+06
2.048583629893238083e+02 3.003112750000000000e+06
2.185155871886120735e+02 3.201456750000000000e+06
2.321728113879003388e+02 3.400896750000000000e+06
2.458300355871885756e+02 3.580254750000000000e+06
2.594872597864768409e+02 3.723953750000000000e+06
2.731444839857650777e+02 3.838568750000000000e+06
2.868017081850533714e+02 3.944690750000000000e+06
3.004589323843416082e+02 4.026750750000000000e+06
3.141161565836298450e+02 4.082490750000000000e+06
3.277733807829181387e+02 4.129704750000000000e+06
3.414306049822063756e+02 4.153413750000000000e+06
3.550878291814946124e+02 4.168579750000000000e+06
3.687450533807828492e+02 4.180617750000000000e+06
3.824022775800711429e+02 4.166167750000000000e+06
3.960595017793593797e+02 4.157840750000000000e+06
4.097167259786476166e+02 4.140322750000000000e+06
4.233739501779359102e+02 4.120162750000000000e+06
4.370311743772241471e+02 4.091783750000000000e+06
4.506883985765123839e+02 4.098081750000000000e+06
4.643456227758006776e+02 4.104452750000000000e+06
4.780028469750889144e+02 4.101852750000000000e+06
4.916600711743771512e+02 4.100931750000000000e+06
5.053172953736654449e+02 4.091467750000000000e+06
5.189745195729536817e+02 4.079282750000000000e+06
5.326317437722419754e+02 4.053020750000000000e+06
5.462889679715301554e+02 4.037336750000000000e+06
5.599461921708184491e+02 4.017217750000000000e+06
5.736034163701067428e+02 4.014714750000000000e+06
5.872606405693949227e+02 4.002130750000000000e+06
6.009178647686832164e+02 3.982292750000000000e+06
6.145750889679715101e+02 3.939614750000000000e+06
6.282323131672596901e+02 3.896599750000000000e+06
6.418895373665479838e+02 3.856815750000000000e+06
6.555467615658362774e+02 3.808039750000000000e+06
6.692039857651244574e+02 3.740782750000000000e+06
6.828612099644127511e+02 3.677841750000000000e+06
6.965184341637009311e+02 3.586965750000000000e+06
7.101756583629892248e+02 3.439351750000000000e+06
7.238328825622775184e+02 3.277507750000000000e+06
7.374901067615656984e+02 3.084967750000000000e+06
7.511473309608539921e+02 2.887810750000000000e+06
7.648045551601422858e+02 2.673124750000000000e+06
7.784617793594304658e+02 2.440189750000000000e+06
7.921190035587187595e+02 2.208374750000000000e+06
8.057762277580070531e+02 1.966053750000000000e+06
8.194334519572952331e+02 1.742085750000000000e+06
8.330906761565835268e+02 1.528938750000000000e+06
8.467479003558718205e+02 1.329560750000000000e+06
8.604051245551600005e+02 1.139790750000000000e+06
8.740623487544482941e+02 9.519967500000000000e+05
8.877195729537365878e+02 7.851357500000000000e+05
9.013767971530247678e+02 6.301477500000000000e+05
9.150340213523130615e+02 4.944677500000000000e+05
9.286912455516013551e+02 3.765137500000000000e+05
9.423484697508895351e+02 2.803387500000000000e+05
9.560056939501778288e+02 2.017517500000000000e+05
9.696629181494661225e+02 1.436097500000000000e+05
9.833201423487543025e+02 1.019667500000000000e+05
9.969773665480425962e+02 7.450475000000000000e+04
1.010634590747330890e+03 5.670775000000000000e+04
1.024291814946619070e+03 4.597575000000000000e+04
1.037949039145907363e+03 3.911675000000000000e+04
1.051606263345195657e+03 3.566675000000000000e+04
1.065263487544483951e+03 3.458875000000000000e+04
1.078920711743772017e+03 3.427575000000000000e+04
1.092577935943060311e+03 3.337775000000000000e+04
1.106235160142348604e+03 3.198575000000000000e+04
1.119892384341636898e+03 2.872175000000000000e+04
1.133549608540925192e+03 2.888075000000000000e+04
1.147206832740213486e+03 2.805275000000000000e+04
1.160864056939501552e+03 2.569175000000000000e+04
1.174521281138789845e+03 2.366275000000000000e+04
1.188178505338078139e+03 2.292875000000000000e+04
1.201835729537366433e+03 2.234475000000000000e+04
1.215492953736654727e+03 2.287275000000000000e+04
1.229150177935943020e+03 2.153375000000000000e+04
1.242807402135231087e+03 1.864375000000000000e+04
1.256464626334519380e+03 1.669775000000000000e+04
1.270121850533807674e+03 1.587575000000000000e+04
1.283779074733095968e+03 1.520375000000000000e+04
1.297436298932384261e+03 1.652175000000000000e+04
1.311093523131672555e+03 1.363675000000000000e+04
1.324750747330960621e+03 1.249375000000000000e+04
1.338407971530248915e+03 1.083875000000000000e+04
1.352065195729537209e+03 9.733750000000000000e+03
1.365722419928825502e+03 8.794750000000000000e+03
1.379379644128113796e+03 8.737750000000000000e+03
1.393036868327401862e+03 7.472750000000000000e+03
1.406694092526690156e+03 6.375750000000000000e+03
1.420351316725978450e+03 5.683750000000000000e+03
1.434008540925266743e+03 4.885750000000000000e+03
1.447665765124555037e+03 3.909750000000000000e+03
1.461322989323843331e+03 3.376750000000000000e+03
1.474980213523131397e+03 2.679750000000000000e+03
1.488637437722419691e+03 3.317750000000000000e+03
1.502294661921707984e+03 2.365750000000000000e+03
1.515951886120996278e+03 1.711750000000000000e+03
1.529609110320284572e+03 2.957500000000000000e+02
1.543266334519572865e+03 2.024750000000000000e+03
1.556923558718860932e+03 3.514750000000000000e+03
1.570580782918149225e+03 1.628750000000000000e+03
1.584238007117437519e+03 8.977500000000000000e+02
1.597895231316725813e+03 1.687750000000000000e+03
1.611552455516014106e+03 3.997500000000000000e+02
1.625209679715302400e+03 8.717500000000000000e+02
1.638866903914590466e+03 -7.862500000000000000e+02
1.652524128113878760e+03 -7.322500000000000000e+02
1.666181352313167054e+03 -5.152500000000000000e+02
1.679838576512455347e+03 -2.902500000000000000e+02
1.693495800711743641e+03 -1.208250000000000000e+03
1.707153024911031935e+03 -1.354250000000000000e+03
1.720810249110320001e+03 -1.336250000000000000e+03
1.734467473309608295e+03 -1.113250000000000000e+03
1.748124697508896588e+03 -1.341250000000000000e+03
1.761781921708184882e+03 -1.070250000000000000e+03
1.775439145907473176e+03 -1.295250000000000000e+03
1.789096370106761242e+03 -1.128250000000000000e+03
1.802753594306049536e+03 -6.812500000000000000e+02
1.816410818505337829e+03 -9.225000000000000000e+01
1.830068042704626123e+03 -3.712500000000000000e+02
1.843725266903914417e+03 -1.101250000000000000e+03
1.857382491103202710e+03 -3.272500000000000000e+02
1.871039715302490777e+03 -7.632500000000000000e+02
1.884696939501779070e+03 -2.102500000000000000e+02
1.898354163701067364e+03 -1.270250000000000000e+03
1.912011387900355658e+03 -1.362250000000000000e+03
1.925668612099643951e+03 3.637500000000000000e+02
1.939325836298932245e+03 -1.912250000000000000e+03
1.952983060498220311e+03 -1.641250000000000000e+03
1.966640284697508605e+03 -1.176250000000000000e+03
1.980297508896796899e+03 -1.460250000000000000e+03
1.993954733096085192e+03 -1.396250000000000000e+03
2.007611957295373486e+03 -1.632250000000000000e+03
2.021269181494661780e+03 -1.541250000000000000e+03
2.034926405693949846e+03 -1.473250000000000000e+03
2.048583629893238140e+03 -1.426250000000000000e+03
2.062240854092526661e+03 -8.952500000000000000e+02
2.075898078291814727e+03 -1.917250000000000000e+03
2.089555302491102793e+03 -1.632250000000000000e+03
2.103212526690391314e+03 -1.524250000000000000e+03
2.116869750889679381e+03 -1.776250000000000000e+03
2.130526975088967902e+03 -1.601250000000000000e+03
2.144184199288255968e+03 -2.155250000000000000e+03
2.157841423487544034e+03 -9.722500000000000000e+02
2.171498647686832555e+03 -4.525000000000000000e+01
2.185155871886120622e+03 -2.150250000000000000e+03
2.198813096085409143e+03 -1.783250000000000000e+03
2.212470320284697209e+03 -2.529250000000000000e+03
2.226127544483985275e+03 -2.042250000000000000e+03
2.239784768683273796e+03 -1.366250000000000000e+03
2.253441992882561863e+03 -1.684250000000000000e+03
2.267099217081850384e+03 -7.942500000000000000e+02
2.280756441281138450e+03 -1.641250000000000000e+03
2.294413665480426971e+03 -1.983250000000000000e+03
2.308070889679715037e+03 -2.243250000000000000e+03
2.321728113879003104e+03 -1.333250000000000000e+03
2.335385338078291625e+03 -1.422250000000000000e+03
2.349042562277579691e+03 -1.603250000000000000e+03
2.362699786476868212e+03 -1.320250000000000000e+03
2.376357010676156278e+03 -1.535250000000000000e+03
2.390014234875444345e+03 -1.491250000000000000e+03
2.403671459074732866e+03 -8.242500000000000000e+02
2.417328683274020932e+03 -1.140250000000000000e+03
2.430985907473309453e+03 -6.692500000000000000e+02
2.444643131672597519e+03 -1.047250000000000000e+03
2.458300355871886040e+03 -1.977250000000000000e+03
2.471957580071174107e+03 -1.509250000000000000e+03
2.485614804270462173e+03 -1.896250000000000000e+03
2.499272028469750694e+03 -1.092500000000000000e+02
2.512929252669038760e+03 -6.362500000000000000e+02
2.526586476868327281e+03 -1.028250000000000000e+03
2.540243701067615348e+03 -4.602500000000000000e+02
2.553900925266903414e+03 -1.727250000000000000e+03
2.567558149466191935e+03 -8.752500000000000000e+02
2.581215373665480001e+03 -1.786250000000000000e+03
2.594872597864768522e+03 -1.393250000000000000e+03
2.608529822064056589e+03 -2.233250000000000000e+03
2.622187046263345110e+03 -2.002250000000000000e+03
2.635844270462633176e+03 -1.165250000000000000e+03
2.649501494661921242e+03 -1.515250000000000000e+03
2.663158718861209763e+03 -1.640250000000000000e+03
2.676815943060497830e+03 -1.518250000000000000e+03
2.690473167259786351e+03 -1.888250000000000000e+03
2.704130391459074417e+03 -2.108250000000000000e+03
2.717787615658362483e+03 -1.050250000000000000e+03
2.731444839857651004e+03 -8.762500000000000000e+02
2.745102064056939071e+03 -1.888250000000000000e+03
2.758759288256227592e+03 -2.053250000000000000e+03
2.772416512455515658e+03 -1.810250000000000000e+03
2.786073736654803724e+03 -1.408250000000000000e+03
2.799730960854092245e+03 -1.874250000000000000e+03
2.813388185053380312e+03 -1.556250000000000000e+03
2.827045409252668833e+03 -1.805250000000000000e+03
2.840702633451956899e+03 -2.456250000000000000e+03
2.854359857651245420e+03 -1.182250000000000000e+03
2.868017081850533486e+03 -1.682250000000000000e+03
2.881674306049821553e+03 -2.358250000000000000e+03
2.895331530249110074e+03 -1.482250000000000000e+03
2.908988754448398140e+03 -1.438250000000000000e+03
2.922645978647686661e+03 -2.068250000000000000e+03
2.936303202846974727e+03 -2.279250000000000000e+03
2.949960427046262794e+03 -1.927250000000000000e+03
2.963617651245551315e+03 -1.320250000000000000e+03
2.977274875444839381e+03 -1.814250000000000000e+03
2.990932099644127902e+03 -1.680250000000000000e+03
3.004589323843415968e+03 -2.250250000000000000e+03
3.018246548042704489e+03 -2.107250000000000000e+03
3.031903772241992556e+03 -2.167250000000000000e+03
3.045560996441280622e+03 -1.804250000000000000e+03
3.059218220640569143e+03 -2.361250000000000000e+03
3.072875444839857209e+03 -1.999250000000000000e+03
3.086532669039145730e+03 -2.076250000000000000e+03
3.100189893238433797e+03 -2.440250000000000000e+03
3.113847117437721863e+03 -2.634250000000000000e+03
3.127504341637010384e+03 -2.100250000000000000e+03
3.141161565836298450e+03 -2.233250000000000000e+03
3.154818790035586971e+03 -2.141250000000000000e+03
3.168476014234875038e+03 -1.874250000000000000e+03
3.182133238434163104e+03 -1.867250000000000000e+03
3.195790462633451625e+03 -1.820250000000000000e+03
3.209447686832739691e+03 -2.380250000000000000e+03
3.223104911032028213e+03 -3.112500000000000000e+02
3.236762135231316279e+03 -2.746250000000000000e+03
3.250419359430604800e+03 -2.128250000000000000e+03
3.264076583629892866e+03 -1.107250000000000000e+03
3.277733807829180932e+03 -1.751250000000000000e+03
3.291391032028469454e+03 -1.038250000000000000e+03
3.305048256227757520e+03 -9.562500000000000000e+02
3.318705480427046041e+03 -1.399250000000000000e+03
3.332362704626334107e+03 -1.214250000000000000e+03
3.346019928825622173e+03 -1.529250000000000000e+03
3.359677153024910695e+03 -1.702250000000000000e+03
3.373334377224198761e+03 -1.351250000000000000e+03
3.386991601423487282e+03 -1.959250000000000000e+03
3.400648825622775348e+03 -6.712500000000000000e+02
3.414306049822063869e+03 -2.155250000000000000e+03
3.427963274021351936e+03 -1.695250000000000000e+03
3.441620498220640002e+03 -1.852250000000000000e+03
3.455277722419928523e+03 -2.231250000000000000e+03
3.468934946619216589e+03 -2.279250000000000000e+03
3.482592170818505110e+03 -1.674250000000000000e+03
3.496249395017793177e+03 -1.944250000000000000e+03
3.509906619217081243e+03 -1.472250000000000000e+03
3.523563843416369764e+03 -1.958250000000000000e+03
3.537221067615657830e+03 -2.187250000000000000e+03
3.550878291814946351e+03 -1.419250000000000000e+03
3.564535516014234418e+03 -1.336250000000000000e+03
3.578192740213522484e+03 -1.927250000000000000e+03
3.591849964412811005e+03 -2.280250000000000000e+03
3.605507188612099071e+03 -1.941250000000000000e+03
3.619164412811387592e+03 -1.426250000000000000e+03
3.632821637010675659e+03 -1.099250000000000000e+03
3.646478861209964180e+03 -1.870250000000000000e+03
3.660136085409252246e+03 -2.002250000000000000e+03
3.673793309608540312e+03 -1.894250000000000000e+03
3.687450533807828833e+03 -2.010250000000000000e+03
3.701107758007116900e+03 -8.712500000000000000e+02
3.714764982206405421e+03 -7.132500000000000000e+02
3.728422206405693487e+03 -1.297250000000000000e+03
3.742079430604981553e+03 -1.257250000000000000e+03
3.755736654804270074e+03 -1.340250000000000000e+03
3.769393879003558141e+03 -1.922250000000000000e+03
3.783051103202846662e+03 -1.297250000000000000e+03
3.796708327402134728e+03 -1.169250000000000000e+03
3.810365551601423249e+03 -1.673250000000000000e+03
3.824022775800711315e+03 -2.027250000000000000e+03
3.837679999999999382e+03 -1.721250000000000000e+03
3.851337224199287903e+03 -9.752500000000000000e+02
3.864994448398575969e+03 -1.318250000000000000e+03
3.878651672597864490e+03 -1.597250000000000000e+03
3.892308896797152556e+03 -1.336250000000000000e+03
3.905966120996440623e+03 -1.141250000000000000e+03
3.919623345195729144e+03 -1.150250000000000000e+03
3.933280569395017210e+03 -3.052500000000000000e+02
3.946937793594305731e+03 -7.925000000000000000e+01
3.960595017793593797e+03 -5.402500000000000000e+02
3.974252241992881864e+03 -8.682500000000000000e+02
3.987909466192170385e+03 -9.792500000000000000e+02
4.001566690391458451e+03 -7.892500000000000000e+02
4.015223914590746972e+03 -9.362500000000000000e+02
4.028881138790035038e+03 -1.733250000000000000e+03
4.042538362989323559e+03 -1.124250000000000000e+03
4.056195587188611626e+03 -1.655250000000000000e+03
4.069852811387899692e+03 -1.240250000000000000e+03
4.083510035587188213e+03 -1.478250000000000000e+03
4.097167259786476279e+03 -1.541250000000000000e+03
4.110824483985764346e+03 -1.575250000000000000e+03
4.124481708185053321e+03 -1.428250000000000000e+03
4.138138932384341388e+03 -9.142500000000000000e+02
4.151796156583629454e+03 -1.646250000000000000e+03
4.165453380782917520e+03 -1.720250000000000000e+03
4.179110604982205587e+03 -2.384250000000000000e+03
4.192767829181494562e+03 -1.997250000000000000e+03
4.206425053380782629e+03 -1.448250000000000000e+03
4.220082277580070695e+03 -1.532250000000000000e+03
4.233739501779358761e+03 -9.162500000000000000e+02
4.247396725978646828e+03 -1.439250000000000000e+03
4.261053950177935803e+03 -1.216250000000000000e+03
4.274711174377223870e+03 -8.662500000000000000e+02
4.288368398576511936e+03 -1.376250000000000000e+03
4.302025622775800002e+03 -1.264250000000000000e+03
4.315682846975088069e+03 -1.548250000000000000e+03
4.329340071174377044e+03 -1.603250000000000000e+03
4.342997295373665111e+03 -5.722500000000000000e+02
4.356654519572953177e+03 -7.442500000000000000e+02
4.370311743772241243e+03 -1.429250000000000000e+03
4.383968967971529310e+03 -4.602500000000000000e+02
4.397626192170818285e+03 -8.412500000000000000e+02
4.411283416370106352e+03 -1.435250000000000000e+03
4.424940640569394418e+03 -1.626250000000000000e+03
4.438597864768682484e+03 -1.076250000000000000e+03
4.452255088967970551e+03 -1.064250000000000000e+03
4.465912313167259526e+03 -1.116250000000000000e+03
4.479569537366547593e+03 -9.862500000000000000e+02
4.493226761565835659e+03 -1.102250000000000000e+03
4.506883985765123725e+03 -5.312500000000000000e+02
4.520541209964412701e+03 -1.704250000000000000e+03
4.534198434163700767e+03 -9.702500000000000000e+02
4.547855658362988834e+03 -2.782500000000000000e+02
4.561512882562276900e+03 -1.211250000000000000e+03
4.575170106761564966e+03 -1.522500000000000000e+02
4.588827330960853942e+03 -5.692500000000000000e+02
4.602484555160142008e+03 -7.892500000000000000e+02
4.616141779359430075e+03 -4.612500000000000000e+02
4.629799003558718141e+03 -1.274250000000000000e+03
4.643456227758006207e+03 -1.105250000000000000e+03
4.657113451957295183e+03 -4.542500000000000000e+02
4.670770676156583249e+03 9.075000000000000000e+01
4.684427900355871316e+03 -8.582500000000000000e+02
4.698085124555159382e+03 -1.160250000000000000e+03
4.711742348754447448e+03 -8.872500000000000000e+02
4.725399572953736424e+03 -1.502500000000000000e+02
4.739056797153024490e+03 1.937500000000000000e+02
4.752714021352312557e+03 -2.062500000000000000e+02
4.766371245551600623e+03 -5.425000000000000000e+01
4.780028469750888689e+03 5.317500000000000000e+02
4.793685693950177665e+03 1.657500000000000000e+02
4.807342918149465731e+03 1.063750000000000000e+03
4.821000142348753798e+03 4.377500000000000000e+02
4.834657366548041864e+03 2.877500000000000000e+02
4.848314590747329930e+03 1.936750000000000000e+03
4.861971814946618906e+03 5.747500000000000000e+02
4.875629039145906972e+03 6.837500000000000000e+02
4.889286263345195039e+03 4.637500000000000000e+02
4.902943487544483105e+03 8.897500000000000000e+02
4.916600711743772081e+03 3.767500000000000000e+02
4.930257935943060147e+03 3.367500000000000000e+02
4.943915160142348213e+03 3.557500000000000000e+02
4.957572384341636280e+03 -1.472500000000000000e+02
4.971229608540924346e+03 5.067500000000000000e+02
4.984886832740213322e+03 5.387500000000000000e+02
4.998544056939501388e+03 6.977500000000000000e+02
5.012201281138789454e+03 4.117500000000000000e+02
5.025858505338077521e+03 9.975000000000000000e+01
5.039515729537365587e+03 3.357500000000000000e+02
5.053172953736654563e+03 3.329750000000000000e+03
5.066830177935942629e+03 1.257500000000000000e+02
5.080487402135230695e+03 8.617500000000000000e+02
5.094144626334518762e+03 4.797500000000000000e+02
5.107801850533806828e+03 3.117500000000000000e+02
5.121459074733095804e+03 2.017750000000000000e+03
5.135116298932383870e+03 1.123750000000000000e+03
5.148773523131671936e+03 4.547500000000000000e+02
5.162430747330960003e+03 1.577750000000000000e+03
5.176087971530248069e+03 1.559750000000000000e+03
5.189745195729537045e+03 1.158750000000000000e+03
5.203402419928825111e+03 6.717500000000000000e+02
5.217059644128113177e+03 8.117500000000000000e+02
5.230716868327401244e+03 4.857500000000000000e+02
5.244374092526690220e+03 1.477500000000000000e+02
5.258031316725978286e+03 1.719750000000000000e+03
5.271688540925266352e+03 1.576750000000000000e+03
5.285345765124554418e+03 5.897500000000000000e+02
5.299002989323842485e+03 1.474750000000000000e+03
5.312660213523131461e+03 1.744750000000000000e+03
5.326317437722419527e+03 1.241750000000000000e+03
5.339974661921707593e+03 1.571750000000000000e+03
5.353631886120995659e+03 6.937500000000000000e+02
5.367289110320283726e+03 1.961750000000000000e+03
5.380946334519572702e+03 7.977500000000000000e+02
5.394603558718860768e+03 9.047500000000000000e+02
5.408260782918148834e+03 8.947500000000000000e+02
5.421918007117436900e+03 9.997500000000000000e+02
5.435575231316724967e+03 7.267500000000000000e+02
5.449232455516013943e+03 1.602750000000000000e+03
5.462889679715302009e+03 9.947500000000000000e+02
5.476546903914590075e+03 4.717500000000000000e+02
5.490204128113878141e+03 1.225750000000000000e+03
5.503861352313166208e+03 5.427500000000000000e+02
5.517518576512455184e+03 1.579750000000000000e+03
5.531175800711743250e+03 9.637500000000000000e+02
5.544833024911031316e+03 1.285750000000000000e+03
5.558490249110319382e+03 2.115750000000000000e+03
5.572147473309607449e+03 7.837500000000000000e+02
5.585804697508896425e+03 6.977500000000000000e+02
5.599461921708184491e+03 2.807500000000000000e+02
5.613119145907472557e+03 1.821750000000000000e+03
5.626776370106760623e+03 1.700750000000000000e+03
5.640433594306049599e+03 1.081750000000000000e+03
5.654090818505337666e+03 1.086750000000000000e+03
5.667748042704625732e+03 1.196750000000000000e+03
5.681405266903913798e+03 1.352750000000000000e+03
5.695062491103201864e+03 4.857500000000000000e+02
5.708719715302490840e+03 2.627500000000000000e+02
5.722376939501778907e+03 1.869750000000000000e+03
5.736034163701066973e+03 6.687500000000000000e+02
5.749691387900355039e+03 1.940750000000000000e+03
5.763348612099643105e+03 9.377500000000000000e+02
5.777005836298932081e+03 1.814750000000000000e+03
5.790663060498220148e+03 1.422750000000000000e+03
5.804320284697508214e+03 9.967500000000000000e+02
5.817977508896796280e+03 4.467500000000000000e+02
5.831634733096084346e+03 -5.201250000000000000e+03
5.845291957295373322e+03 -1.184325000000000000e+04
5.858949181494661389e+03 -1.181125000000000000e+04
5.872606405693949455e+03 -1.185725000000000000e+04
5.886263629893237521e+03 -1.188225000000000000e+04
5.899920854092525587e+03 -1.175225000000000000e+04
5.913578078291814563e+03 -1.180325000000000000e+04
5.927235302491102630e+03 -1.171825000000000000e+04
5.940892526690390696e+03 -1.179825000000000000e+04
5.954549750889678762e+03 -1.191125000000000000e+04
5.968206975088966828e+03 -1.196825000000000000e+04
5.981864199288255804e+03 -1.168625000000000000e+04
5.995521423487543871e+03 -1.204825000000000000e+04
6.009178647686831937e+03 -1.184725000000000000e+04
6.022835871886120003e+03 -1.159325000000000000e+04
6.036493096085408979e+03 -1.182025000000000000e+04
6.050150320284697045e+03 -1.183125000000000000e+04
6.063807544483985112e+03 -1.203425000000000000e+04
6.077464768683273178e+03 -1.188825000000000000e+04
6.091121992882561244e+03 -1.174025000000000000e+04
6.104779217081850220e+03 -1.180725000000000000e+04
6.118436441281138286e+03 -1.190225000000000000e+04
6.132093665480426353e+03 -1.171225000000000000e+04
6.145750889679714419e+03 -1.183225000000000000e+04
