-2.258273790613718575e+03 1.216929999999993015e+03
-2.244419350180505262e+03 -5.925070000000006985e+03
-2.230564909747292404e+03 -7.460070000000006985e+03
-2.216710469314079546e+03 -8.085070000000006985e+03
-2.202856028880866234e+03 -8.274070000000006985e+03
-2.189001588447653376e+03 -8.955070000000006985e+03
-2.175147148014440518e+03 -9.084070000000006985e+03
-2.161292707581227660e+03 -9.517070000000006985e+03
-2.147438267148014347e+03 -9.822070000000006985e+03
-2.133583826714801489e+03 -9.877070000000006985e+03
-2.119729386281588631e+03 -1.006207000000000698e+04
-2.105874945848375319e+03 -1.040307000000000698e+04
-2.092020505415162461e+03 -5.488070000000006985e+03
-2.078166064981949603e+03 4.492999999999301508e+01
-2.064311624548736290e+03 -1.550700000000069849e+02
-2.050457184115523432e+03 -8.660700000000069849e+02
-2.036602743682310575e+03 -7.940700000000069849e+02
-2.022748303249097489e+03 -3.860700000000069849e+02
-2.008893862815884404e+03 -1.069070000000006985e+03
-1.995039422382671546e+03 -9.420700000000069849e+02
-1.981184981949458461e+03 -1.014070000000006985e+03
-1.967330541516245603e+03 -1.372070000000006985e+03
-1.953476101083032518e+03 -1.473070000000006985e+03
-1.939621660649819432e+03 1.289929999999993015e+03
-1.925767220216606574e+03 -1.896070000000006985e+03
-1.911912779783393489e+03 -1.847070000000006985e+03
-1.898058339350180404e+03 -8.940700000000069849e+02
-1.884203898916967546e+03 -2.172070000000006985e+03
-1.870349458483754461e+03 -1.442070000000006985e+03
-1.856495018050541603e+03 -1.732070000000006985e+03
-1.842640577617328518e+03 -1.832070000000006985e+03
-1.828786137184115432e+03 -2.312070000000006985e+03
-1.814931696750902574e+03 -2.116070000000006985e+03
-1.801077256317689489e+03 -2.138070000000006985e+03
-1.787222815884476631e+03 -2.498070000000006985e+03
-1.773368375451263546e+03 -1.684070000000006985e+03
-1.759513935018050461e+03 -2.118070000000006985e+03
-1.745659494584837603e+03 -2.168070000000006985e+03
-1.731805054151624518e+03 -1.027070000000006985e+03
-1.717950613718411660e+03 -2.158070000000006985e+03
-1.704096173285198574e+03 -1.821070000000006985e+03
-1.690241732851985489e+03 -2.078070000000006985e+03
-1.676387292418772631e+03 -1.457070000000006985e+03
-1.662532851985559546e+03 -1.920070000000006985e+03
-1.648678411552346688e+03 -1.917070000000006985e+03
-1.634823971119133603e+03 -2.086070000000006985e+03
-1.620969530685920517e+03 -2.301070000000006985e+03
-1.607115090252707660e+03 -1.821070000000006985e+03
-1.593260649819494574e+03 -2.657070000000006985e+03
-1.579406209386281489e+03 -1.986070000000006985e+03
-1.565551768953068631e+03 -2.526070000000006985e+03
-1.551697328519855546e+03 1.134292999999999302e+04
-1.537842888086642688e+03 -1.064070000000006985e+03
-1.523988447653429603e+03 -1.409070000000006985e+03
-1.510134007220216517e+03 -1.624070000000006985e+03
-1.496279566787003660e+03 -2.410070000000006985e+03
-1.482425126353790574e+03 -2.054070000000006985e+03
-1.468570685920577716e+03 -2.343070000000006985e+03
-1.454716245487364631e+03 -2.385070000000006985e+03
-1.440861805054151546e+03 -2.844070000000006985e+03
-1.427007364620938688e+03 -2.653070000000006985e+03
-1.413152924187725603e+03 -1.698070000000006985e+03
-1.399298483754512745e+03 -2.526070000000006985e+03
-1.385444043321299660e+03 -1.893070000000006985e+03
-1.371589602888086574e+03 -2.183070000000006985e+03
-1.357735162454873716e+03 -1.421070000000006985e+03
-1.343880722021660631e+03 -2.506070000000006985e+03
-1.330026281588447546e+03 -1.799070000000006985e+03
-1.316171841155234688e+03 -2.435070000000006985e+03
-1.302317400722021603e+03 -2.108070000000006985e+03
-1.288462960288808745e+03 -2.297070000000006985e+03
-1.274608519855595659e+03 -2.822070000000006985e+03
-1.260754079422382574e+03 -1.903070000000006985e+03
-1.246899638989169716e+03 -1.750070000000006985e+03
-1.233045198555956631e+03 -2.125070000000006985e+03
-1.219190758122743773e+03 -2.742070000000006985e+03
-1.205336317689530688e+03 -1.995070000000006985e+03
-1.191481877256317603e+03 -1.722070000000006985e+03
-1.177627436823104745e+03 -2.678070000000006985e+03
-1.163772996389891659e+03 -2.305070000000006985e+03
-1.149918555956678802e+03 -2.166070000000006985e+03
-1.136064115523465716e+03 -2.538070000000006985e+03
-1.122209675090252631e+03 -2.019070000000006985e+03
-1.108355234657039773e+03 -2.583070000000006985e+03
-1.094500794223826688e+03 -2.051070000000006985e+03
-1.080646353790613830e+03 -8.750700000000069849e+02
-1.066791913357400745e+03 -1.838070000000006985e+03
-1.052937472924187659e+03 -2.570070000000006985e+03
-1.039083032490974801e+03 -2.107070000000006985e+03
-1.025228592057761716e+03 -2.781070000000006985e+03
-1.011374151624548745e+03 -2.787070000000006985e+03
-9.975197111913357730e+02 -2.644070000000006985e+03
-9.836652707581228015e+02 -2.326070000000006985e+03
-9.698108303249097162e+02 -2.235070000000006985e+03
-9.559563898916967446e+02 -2.813070000000006985e+03
-9.421019494584837730e+02 -2.699070000000006985e+03
-9.282475090252708014e+02 -2.337070000000006985e+03
-9.143930685920577162e+02 -2.499070000000006985e+03
-9.005386281588447446e+02 -8.420700000000069849e+02
-8.866841877256317730e+02 -2.242070000000006985e+03
-8.728297472924188014e+02 -1.996070000000006985e+03
-8.589753068592058298e+02 -2.817070000000006985e+03
-8.451208664259927446e+02 -2.303070000000006985e+03
-8.312664259927797730e+02 -2.519070000000006985e+03
-8.174119855595668014e+02 -2.354070000000006985e+03
-8.035575451263538298e+02 -2.426070000000006985e+03
-7.897031046931407445e+02 -2.154070000000006985e+03
-7.758486642599277729e+02 -2.372070000000006985e+03
-7.619942238267148014e+02 -2.843070000000006985e+03
-7.481397833935018298e+02 -1.686070000000006985e+03
-7.342853429602888582e+02 -2.693070000000006985e+03
-7.204309025270757729e+02 -2.610070000000006985e+03
-7.065764620938628013e+02 -2.246070000000006985e+03
-6.927220216606498298e+02 -3.172070000000006985e+03
-6.788675812274368582e+02 -2.627070000000006985e+03
-6.650131407942237729e+02 -2.888070000000006985e+03
-6.511587003610108013e+02 -2.507070000000006985e+03
-6.373042599277978297e+02 -2.849070000000006985e+03
-6.234498194945848581e+02 -1.390070000000006985e+03
-6.095953790613718866e+02 -2.917070000000006985e+03
-5.957409386281588013e+02 -2.397070000000006985e+03
-5.818864981949458297e+02 -2.378070000000006985e+03
-5.680320577617328581e+02 -2.098070000000006985e+03
-5.541776173285198865e+02 -2.277070000000006985e+03
-5.403231768953069150e+02 -1.637070000000006985e+03
-5.264687364620938297e+02 -2.122070000000006985e+03
-5.126142960288808581e+02 -1.947070000000006985e+03
-4.987598555956678865e+02 -2.344070000000006985e+03
-4.849054151624548581e+02 -2.161070000000006985e+03
-4.710509747292418865e+02 -2.474070000000006985e+03
-4.571965342960288581e+02 -2.789070000000006985e+03
-4.433420938628158865e+02 -2.684070000000006985e+03
-4.294876534296029149e+02 -2.984070000000006985e+03
-4.156332129963898865e+02 -2.531070000000006985e+03
-4.017787725631769149e+02 -2.055070000000006985e+03
-3.879243321299638865e+02 -2.584070000000006985e+03
-3.740698916967509149e+02 -2.671070000000006985e+03
-3.602154512635378865e+02 -2.722070000000006985e+03
-3.463610108303249149e+02 -2.739070000000006985e+03
-3.325065703971118865e+02 -3.236070000000006985e+03
-3.186521299638989149e+02 -2.684070000000006985e+03
-3.047976895306859433e+02 -1.939070000000006985e+03
-2.909432490974729149e+02 -2.389070000000006985e+03
-2.770888086642599433e+02 -2.374070000000006985e+03
-2.632343682310469148e+02 -2.034070000000006985e+03
-2.493799277978339433e+02 -1.979070000000006985e+03
-2.355254873646209433e+02 -2.655070000000006985e+03
-2.216710469314079432e+02 -2.350070000000006985e+03
-2.078166064981949432e+02 -2.576070000000006985e+03
-1.939621660649819432e+02 -2.097070000000006985e+03
-1.801077256317689432e+02 -1.215070000000006985e+03
-1.662532851985559432e+02 -2.406070000000006985e+03
-1.523988447653429716e+02 -1.184070000000006985e+03
-1.385444043321299716e+02 -1.742070000000006985e+03
-1.246899638989169716e+02 -1.871070000000006985e+03
-1.108355234657039716e+02 -1.062070000000006985e+03
-9.698108303249097162e+01 -6.680700000000069849e+02
-8.312664259927797161e+01 5.429299999999930151e+02
-6.927220216606498582e+01 1.730929999999993015e+03
-5.541776173285198581e+01 6.587929999999993015e+03
-4.156332129963898581e+01 1.427992999999999302e+04
-2.770888086642599291e+01 2.843492999999999302e+04
-1.385444043321299645e+01 5.350192999999999302e+04
0.000000000000000000e+00 9.654292999999999302e+04
1.385444043321299645e+01 1.588669299999999930e+05
2.770888086642599291e+01 2.421419299999999930e+05
4.156332129963898581e+01 3.562059299999999930e+05
5.541776173285198581e+01 4.990489299999999930e+05
6.927220216606498582e+01 6.596929299999999348e+05
8.312664259927797161e+01 8.390099299999999348e+05
9.698108303249097162e+01 1.038262929999999935e+06
1.108355234657039716e+02 1.251617929999999935e+06
1.246899638989169716e+02 1.470718929999999935e+06
1.385444043321299716e+02 1.685257929999999935e+06
1.523988447653429716e+02 1.893193929999999935e+06
1.662532851985559432e+02 2.082949929999999935e+06
1.801077256317689432e+02 2.262409930000000168e+06
1.939621660649819432e+02 2.453762930000000168e+06
2.078166064981949432e+02 2.618749930000000168e+06
2.216710469314079432e+02 2.758491930000000168e+06
2.355254873646209433e+02 2.904099930000000168e+06
2.493799277978339433e+02 3.030819930000000168e+06
2.632343682310469148e+02 3.134103930000000168e+06
2.770888086642599433e+02 3.219307930000000168e+06
2.909432490974729149e+02 3.301778930000000168e+06
3.047976895306859433e+02 3.388302930000000168e+06
3.186521299638989149e+02 3.445969930000000168e+06
3.325065703971118865e+02 3.497236930000000168e+06
3.463610108303249149e+02 3.553291930000000168e+06
3.602154512635378865e+02 3.590178930000000168e+06
3.740698916967509149e+02 3.636584930000000168e+06
3.879243321299638865e+02 3.668804930000000168e+06
4.017787725631769149e+02 3.675850930000000168e+06
4.156332129963898865e+02 3.679917930000000168e+06
4.294876534296029149e+02 3.698070930000000168e+06
4.433420938628158865e+02 3.698216930000000168e+06
4.571965342960288581e+02 3.701824930000000168e+06
4.710509747292418865e+02 3.712333930000000168e+06
4.849054151624548581e+02 3.710490930000000168e+06
4.987598555956678865e+02 3.698404930000000168e+06
5.126142960288808581e+02 3.700142930000000168e+06
5.264687364620938297e+02 3.692949930000000168e+06
5.403231768953069150e+02 3.676595930000000168e+06
5.541776173285198865e+02 3.674923930000000168e+06
5.680320577617328581e+02 3.689670930000000168e+06
5.818864981949458297e+02 3.689395930000000168e+06
5.957409386281588013e+02 3.700525930000000168e+06
6.095953790613718866e+02 3.722813930000000168e+06
6.234498194945848581e+02 3.726991930000000168e+06
6.373042599277978297e+02 3.727419930000000168e+06
6.511587003610108013e+02 3.725265930000000168e+06
6.650131407942237729e+02 3.743505930000000168e+06
6.788675812274368582e+02 3.740885930000000168e+06
6.927220216606498298e+02 3.735026930000000168e+06
7.065764620938628013e+02 3.742795930000000168e+06
7.204309025270757729e+02 3.732306930000000168e+06
7.342853429602888582e+02 3.740229930000000168e+06
7.481397833935018298e+02 3.722103930000000168e+06
7.619942238267148014e+02 3.718835930000000168e+06
7.758486642599277729e+02 3.720198930000000168e+06
7.897031046931407445e+02 3.731026930000000168e+06
8.035575451263538298e+02 3.721127930000000168e+06
8.174119855595668014e+02 3.721474930000000168e+06
8.312664259927797730e+02 3.710241930000000168e+06
8.451208664259927446e+02 3.694617930000000168e+06
8.589753068592058298e+02 3.684669930000000168e+06
8.728297472924188014e+02 3.674926930000000168e+06
8.866841877256317730e+02 3.657407930000000168e+06
9.005386281588447446e+02 3.655014930000000168e+06
9.143930685920577162e+02 3.664982930000000168e+06
9.282475090252708014e+02 3.698714930000000168e+06
9.421019494584837730e+02 3.733506930000000168e+06
9.559563898916967446e+02 3.752462930000000168e+06
9.698108303249097162e+02 3.754052930000000168e+06
9.836652707581228015e+02 3.772752930000000168e+06
9.975197111913357730e+02 3.778757930000000168e+06
1.011374151624548745e+03 3.766465930000000168e+06
1.025228592057761716e+03 3.775212930000000168e+06
1.039083032490974801e+03 3.784136930000000168e+06
1.052937472924187659e+03 3.764882930000000168e+06
1.066791913357400745e+03 3.733157930000000168e+06
1.080646353790613830e+03 3.716886930000000168e+06
1.094500794223826688e+03 3.679632930000000168e+06
1.108355234657039773e+03 3.629555930000000168e+06
1.122209675090252631e+03 3.579093930000000168e+06
1.136064115523465716e+03 3.479896930000000168e+06
1.149918555956678802e+03 3.367359930000000168e+06
1.163772996389891659e+03 3.255643930000000168e+06
1.177627436823104745e+03 3.069289930000000168e+06
1.191481877256317603e+03 2.895188930000000168e+06
1.205336317689530688e+03 2.706755930000000168e+06
1.219190758122743773e+03 2.491368930000000168e+06
1.233045198555956631e+03 2.251329930000000168e+06
1.246899638989169716e+03 2.001505929999999935e+06
1.260754079422382574e+03 1.768575929999999935e+06
1.274608519855595659e+03 1.539191929999999935e+06
1.288462960288808745e+03 1.316744929999999935e+06
1.302317400722021603e+03 1.110556929999999935e+06
1.316171841155234688e+03 9.192309299999999348e+05
1.330026281588447546e+03 7.548859299999999348e+05
1.343880722021660631e+03 6.066579299999999348e+05
1.357735162454873716e+03 4.801179299999999930e+05
1.371589602888086574e+03 3.740179299999999930e+05
1.385444043321299660e+03 2.850189299999999930e+05
1.399298483754512745e+03 2.124379299999999930e+05
1.413152924187725603e+03 1.579659299999999930e+05
1.427007364620938688e+03 1.187739299999999930e+05
1.440861805054151546e+03 8.833492999999999302e+04
1.454716245487364631e+03 6.411292999999999302e+04
1.468570685920577716e+03 4.945492999999999302e+04
1.482425126353790574e+03 4.122392999999999302e+04
1.496279566787003660e+03 3.600292999999999302e+04
1.510134007220216517e+03 3.431692999999999302e+04
1.523988447653429603e+03 3.199792999999999302e+04
1.537842888086642688e+03 2.952092999999999302e+04
1.551697328519855546e+03 2.876992999999999302e+04
1.565551768953068631e+03 2.768592999999999302e+04
1.579406209386281489e+03 2.691792999999999302e+04
1.593260649819494574e+03 2.597592999999999302e+04
1.607115090252707660e+03 2.527092999999999302e+04
1.620969530685920517e+03 2.334792999999999302e+04
1.634823971119133603e+03 2.294292999999999302e+04
1.648678411552346688e+03 2.087192999999999302e+04
1.662532851985559546e+03 1.960892999999999302e+04
1.676387292418772631e+03 1.922392999999999302e+04
1.690241732851985489e+03 1.897692999999999302e+04
1.704096173285198574e+03 1.806092999999999302e+04
1.717950613718411660e+03 1.638092999999999302e+04
1.731805054151624518e+03 1.449092999999999302e+04
1.745659494584837603e+03 1.274592999999999302e+04
1.759513935018050461e+03 1.111492999999999302e+04
1.773368375451263546e+03 9.321929999999993015e+03
1.787222815884476631e+03 8.528929999999993015e+03
1.801077256317689489e+03 8.870929999999993015e+03
1.814931696750902574e+03 8.665929999999993015e+03
1.828786137184115432e+03 7.294929999999993015e+03
1.842640577617328518e+03 6.977929999999993015e+03
1.856495018050541603e+03 7.061929999999993015e+03
1.870349458483754461e+03 6.087929999999993015e+03
1.884203898916967546e+03 5.372929999999993015e+03
1.898058339350180404e+03 4.049929999999993015e+03
1.911912779783393489e+03 3.346929999999993015e+03
1.925767220216606574e+03 2.565929999999993015e+03
1.939621660649819432e+03 2.633929999999993015e+03
1.953476101083032518e+03 1.759929999999993015e+03
1.967330541516245603e+03 1.392929999999993015e+03
1.981184981949458461e+03 2.513929999999993015e+03
1.995039422382671546e+03 1.459929999999993015e+03
2.008893862815884404e+03 2.679299999999930151e+02
2.022748303249097489e+03 8.129299999999930151e+02
2.036602743682310575e+03 8.239299999999930151e+02
2.050457184115523432e+03 1.579299999999930151e+02
2.064311624548736290e+03 -2.100700000000069849e+02
2.078166064981949603e+03 -3.420700000000069849e+02
2.092020505415162461e+03 3.019299999999930151e+02
2.105874945848375319e+03 -8.110700000000069849e+02
2.119729386281588631e+03 -8.360700000000069849e+02
2.133583826714801489e+03 -1.336070000000006985e+03
2.147438267148014347e+03 -1.990070000000006985e+03
2.161292707581227660e+03 -1.795070000000006985e+03
2.175147148014440518e+03 -1.413070000000006985e+03
2.189001588447653376e+03 -1.902070000000006985e+03
2.202856028880866234e+03 -2.065070000000006985e+03
2.216710469314079546e+03 -2.312070000000006985e+03
2.230564909747292404e+03 -1.958070000000006985e+03
2.244419350180505262e+03 -2.108070000000006985e+03
2.258273790613718575e+03 -1.479070000000006985e+03
2.272128231046931433e+03 -2.018070000000006985e+03
2.285982671480144290e+03 -2.263070000000006985e+03
2.299837111913357603e+03 -1.822070000000006985e+03
2.313691552346570461e+03 -1.581070000000006985e+03
2.327545992779783319e+03 -1.731070000000006985e+03
2.341400433212996177e+03 -2.591070000000006985e+03
2.355254873646209489e+03 -5.350700000000069849e+02
2.369109314079422347e+03 -1.824070000000006985e+03
2.382963754512635205e+03 -1.137070000000006985e+03
2.396818194945848518e+03 5.105929999999993015e+03
2.410672635379061376e+03 -8.810700000000069849e+02
2.424527075812274234e+03 -5.800700000000069849e+02
2.438381516245487546e+03 -7.510700000000069849e+02
2.452235956678700404e+03 -1.553070000000006985e+03
2.466090397111913262e+03 -1.585070000000006985e+03
2.479944837545126575e+03 -2.446070000000006985e+03
2.493799277978339433e+03 -2.277070000000006985e+03
2.507653718411552290e+03 -1.779070000000006985e+03
2.521508158844765148e+03 -1.780070000000006985e+03
2.535362599277978461e+03 -1.140070000000006985e+03
2.549217039711191319e+03 -2.403070000000006985e+03
2.563071480144404177e+03 -2.194070000000006985e+03
2.576925920577617489e+03 -1.842070000000006985e+03
2.590780361010830347e+03 -2.945070000000006985e+03
2.604634801444043205e+03 -2.649070000000006985e+03
2.618489241877256518e+03 -1.539070000000006985e+03
2.632343682310469376e+03 -2.429070000000006985e+03
2.646198122743682234e+03 -1.812070000000006985e+03
2.660052563176895092e+03 -2.406070000000006985e+03
2.673907003610108404e+03 -2.551070000000006985e+03
2.687761444043321262e+03 -1.972070000000006985e+03
2.701615884476534120e+03 -2.155070000000006985e+03
2.715470324909747433e+03 -2.571070000000006985e+03
2.729324765342960291e+03 -2.158070000000006985e+03
2.743179205776173148e+03 -1.394070000000006985e+03
2.757033646209386461e+03 3.960929999999993015e+03
2.770888086642599319e+03 -1.047070000000006985e+03
2.784742527075812177e+03 -1.919070000000006985e+03
2.798596967509025490e+03 -2.134070000000006985e+03
2.812451407942238347e+03 -1.649070000000006985e+03
2.826305848375451205e+03 -1.579070000000006985e+03
2.840160288808664063e+03 -1.266070000000006985e+03
2.854014729241877376e+03 -1.364070000000006985e+03
2.867869169675090234e+03 -2.250070000000006985e+03
2.881723610108303092e+03 -1.790070000000006985e+03
2.895578050541516404e+03 -1.687070000000006985e+03
2.909432490974729262e+03 -1.915070000000006985e+03
2.923286931407942120e+03 -1.176070000000006985e+03
2.937141371841155433e+03 -1.907070000000006985e+03
2.950995812274368291e+03 5.347929999999993015e+03
2.964850252707581149e+03 -4.650700000000069849e+02
2.978704693140794461e+03 -1.685070000000006985e+03
2.992559133574007319e+03 -1.736070000000006985e+03
3.006413574007220177e+03 -2.250070000000006985e+03
3.020268014440433035e+03 -2.182070000000006985e+03
3.034122454873646348e+03 -1.719070000000006985e+03
3.047976895306859205e+03 -1.585070000000006985e+03
3.061831335740072063e+03 -1.612070000000006985e+03
3.075685776173285376e+03 -1.294070000000006985e+03
3.089540216606498234e+03 -1.359070000000006985e+03
3.103394657039711092e+03 -1.238070000000006985e+03
3.117249097472924404e+03 -1.454070000000006985e+03
3.131103537906137262e+03 -1.720070000000006985e+03
3.144957978339350120e+03 -1.930070000000006985e+03
3.158812418772562978e+03 -1.459070000000006985e+03
3.172666859205776291e+03 -2.216070000000006985e+03
3.186521299638989149e+03 -9.930700000000069849e+02
3.200375740072202007e+03 -1.677070000000006985e+03
3.214230180505415319e+03 -1.671070000000006985e+03
3.228084620938628177e+03 -2.023070000000006985e+03
3.241939061371841035e+03 -2.154070000000006985e+03
3.255793501805054348e+03 -2.066070000000006985e+03
3.269647942238267206e+03 -1.716070000000006985e+03
3.283502382671480063e+03 -1.764070000000006985e+03
3.297356823104693376e+03 -1.718070000000006985e+03
3.311211263537906234e+03 -1.397070000000006985e+03
3.325065703971119092e+03 -1.918070000000006985e+03
3.338920144404331950e+03 -2.064070000000006985e+03
3.352774584837545262e+03 -2.147070000000006985e+03
3.366629025270758120e+03 -1.804070000000006985e+03
3.380483465703970978e+03 -8.200700000000069849e+02
3.394337906137184291e+03 -1.441070000000006985e+03
3.408192346570397149e+03 -1.552070000000006985e+03
3.422046787003610007e+03 -1.340070000000006985e+03
3.435901227436823319e+03 -1.096070000000006985e+03
3.449755667870036177e+03 -1.406070000000006985e+03
3.463610108303249035e+03 -1.815070000000006985e+03
3.477464548736461893e+03 -1.383070000000006985e+03
3.491318989169675206e+03 -6.680700000000069849e+02
3.505173429602888064e+03 -1.760700000000069849e+02
3.519027870036100921e+03 -1.159070000000006985e+03
3.532882310469314234e+03 -1.790700000000069849e+02
3.546736750902527092e+03 -9.270700000000069849e+02
3.560591191335739950e+03 -9.030700000000069849e+02
3.574445631768953263e+03 -9.750700000000069849e+02
3.588300072202166120e+03 -3.960700000000069849e+02
3.602154512635378978e+03 -8.370700000000069849e+02
3.616008953068592291e+03 -2.610700000000069849e+02
3.629863393501805149e+03 -1.073070000000006985e+03
3.643717833935018007e+03 -1.333070000000006985e+03
3.657572274368230865e+03 -1.780700000000069849e+02
3.671426714801444177e+03 -1.144070000000006985e+03
3.685281155234657035e+03 -2.070700000000069849e+02
3.699135595667869893e+03 -7.207000000000698492e+01
3.712990036101083206e+03 -8.620700000000069849e+02
3.726844476534296064e+03 7.969299999999930151e+02
3.740698916967508922e+03 -4.790700000000069849e+02
3.754553357400722234e+03 -8.480700000000069849e+02
3.768407797833935092e+03 -8.210700000000069849e+02
3.782262238267147950e+03 -7.650700000000069849e+02
3.796116678700360808e+03 -9.800700000000069849e+02
3.809971119133574120e+03 -5.890700000000069849e+02
3.823825559566786978e+03 -1.580700000000069849e+02
3.837679999999999836e+03 -6.280700000000069849e+02
3.851534440433213149e+03 -7.760700000000069849e+02
3.865388880866426007e+03 -1.071070000000006985e+03
3.879243321299638865e+03 3.179299999999930151e+02
3.893097761732852177e+03 6.399299999999930151e+02
3.906952202166065035e+03 -1.807000000000698492e+01
3.920806642599277893e+03 2.149299999999930151e+02
3.934661083032491206e+03 8.459299999999930151e+02
3.948515523465704064e+03 8.019299999999930151e+02
3.962369963898916922e+03 1.180929999999993015e+03
3.976224404332129780e+03 4.899299999999930151e+02
3.990078844765343092e+03 6.859299999999930151e+02
4.003933285198555950e+03 1.236929999999993015e+03
4.017787725631768808e+03 6.792999999999301508e+01
4.031642166064982121e+03 6.759299999999930151e+02
4.045496606498194978e+03 3.069299999999930151e+02
4.059351046931407836e+03 5.099299999999930151e+02
4.073205487364621149e+03 6.979299999999930151e+02
4.087059927797834007e+03 9.959299999999930151e+02
4.100914368231046865e+03 4.539299999999930151e+02
4.114768808664260177e+03 -7.807000000000698492e+01
4.128623249097472581e+03 5.792999999999301508e+01
4.142477689530685893e+03 3.889299999999930151e+02
4.156332129963899206e+03 9.699299999999930151e+02
4.170186570397111609e+03 -1.120700000000069849e+02
4.184041010830324922e+03 3.409299999999930151e+02
4.197895451263538234e+03 9.639299999999930151e+02
4.211749891696750637e+03 4.267929999999993015e+03
4.225604332129963950e+03 6.899299999999930151e+02
4.239458772563177263e+03 8.039299999999930151e+02
4.253313212996389666e+03 7.029299999999930151e+02
4.267167653429602979e+03 2.159299999999930151e+02
4.281022093862816291e+03 4.592999999999301508e+01
4.294876534296028694e+03 4.529299999999930151e+02
4.308730974729242007e+03 5.049299999999930151e+02
4.322585415162455320e+03 1.265929999999993015e+03
4.336439855595667723e+03 8.529299999999930151e+02
4.350294296028881035e+03 1.292929999999993015e+03
4.364148736462093439e+03 7.579299999999930151e+02
4.378003176895306751e+03 5.059299999999930151e+02
4.391857617328520064e+03 4.759299999999930151e+02
4.405712057761732467e+03 8.379299999999930151e+02
4.419566498194945780e+03 2.033929999999993015e+03
4.433420938628159092e+03 1.865929999999993015e+03
4.447275379061371495e+03 1.228929999999993015e+03
4.461129819494584808e+03 1.651929999999993015e+03
4.474984259927798121e+03 1.267929999999993015e+03
4.488838700361010524e+03 1.849299999999930151e+02
4.502693140794223837e+03 6.969299999999930151e+02
4.516547581227437149e+03 4.659299999999930151e+02
4.530402021660649552e+03 1.852929999999993015e+03
4.544256462093862865e+03 4.309299999999930151e+02
4.558110902527076178e+03 7.292999999999301508e+01
4.571965342960288581e+03 5.019299999999930151e+02
4.585819783393501893e+03 4.719299999999930151e+02
4.599674223826715206e+03 6.749299999999930151e+02
4.613528664259927609e+03 1.212929999999993015e+03
4.627383104693140922e+03 2.892999999999301508e+01
4.641237545126354235e+03 6.092999999999301508e+01
4.655091985559566638e+03 3.209299999999930151e+02
4.668946425992779950e+03 2.929299999999930151e+02
4.682800866425992353e+03 1.436929999999993015e+03
4.696655306859205666e+03 3.989299999999930151e+02
4.710509747292418979e+03 6.319299999999930151e+02
4.724364187725631382e+03 2.259299999999930151e+02
4.738218628158844695e+03 2.079299999999930151e+02
4.752073068592058007e+03 4.699299999999930151e+02
4.765927509025270410e+03 -2.000700000000069849e+02
4.779781949458483723e+03 1.516929999999993015e+03
4.793636389891697036e+03 5.269299999999930151e+02
4.807490830324909439e+03 1.049299999999930151e+02
4.821345270758122751e+03 -1.610700000000069849e+02
4.835199711191336064e+03 5.089299999999930151e+02
4.849054151624548467e+03 7.239299999999930151e+02
4.862908592057761780e+03 -3.760700000000069849e+02
4.876763032490975093e+03 9.592999999999301508e+01
4.890617472924187496e+03 1.359929999999993015e+03
4.904471913357400808e+03 2.889299999999930151e+02
4.918326353790614121e+03 1.721929999999993015e+03
4.932180794223826524e+03 7.099299999999930151e+02
4.946035234657039837e+03 9.939299999999930151e+02
4.959889675090253149e+03 3.829299999999930151e+02
4.973744115523465553e+03 2.449299999999930151e+02
4.987598555956678865e+03 4.609299999999930151e+02
5.001452996389891268e+03 -5.741070000000006985e+03
5.015307436823104581e+03 -1.187907000000000698e+04
5.029161877256317894e+03 -1.183007000000000698e+04
5.043016317689530297e+03 -1.205107000000000698e+04
5.056870758122743609e+03 -1.205307000000000698e+04
5.070725198555956922e+03 -1.210707000000000698e+04
5.084579638989169325e+03 -1.198407000000000698e+04
5.098434079422382638e+03 -1.227107000000000698e+04
5.112288519855595951e+03 -1.208007000000000698e+04
5.126142960288808354e+03 -1.193807000000000698e+04
5.139997400722021666e+03 -1.204607000000000698e+04
5.153851841155234979e+03 -1.194707000000000698e+04
5.167706281588447382e+03 -1.207707000000000698e+04
5.181560722021660695e+03 -1.208607000000000698e+04
5.195415162454874007e+03 -1.209507000000000698e+04
5.209269602888086411e+03 -1.190407000000000698e+04
5.223124043321299723e+03 -1.197007000000000698e+04
5.236978483754513036e+03 -1.189707000000000698e+04
5.250832924187725439e+03 -1.210607000000000698e+04
5.264687364620938752e+03 -1.188507000000000698e+04
5.278541805054152064e+03 -1.200207000000000698e+04
5.292396245487364467e+03 -1.202007000000000698e+04
5.306250685920577780e+03 -1.204807000000000698e+04
5.320105126353790183e+03 -1.200707000000000698e+04
