-2.244419350180505262e+03 1.305570000000006985e+03
-2.230564909747292404e+03 -5.937429999999993015e+03
-2.216710469314079546e+03 -7.216429999999993015e+03
-2.202856028880866234e+03 -7.917429999999993015e+03
-2.189001588447653376e+03 -8.418429999999993015e+03
-2.175147148014440518e+03 -8.711429999999993015e+03
-2.161292707581227660e+03 -9.208429999999993015e+03
-2.147438267148014347e+03 -9.411429999999993015e+03
-2.133583826714801489e+03 -9.591429999999993015e+03
-2.119729386281588631e+03 -9.855429999999993015e+03
-2.105874945848375319e+03 -1.019142999999999302e+04
-2.092020505415162461e+03 -1.035742999999999302e+04
-2.078166064981949603e+03 -5.340429999999993015e+03
-2.064311624548736290e+03 -3.404299999999930151e+02
-2.050457184115523432e+03 -3.164299999999930151e+02
-2.036602743682310575e+03 -5.914299999999930151e+02
-2.022748303249097489e+03 -6.854299999999930151e+02
-2.008893862815884404e+03 -2.334299999999930151e+02
-1.995039422382671546e+03 -7.164299999999930151e+02
-1.981184981949458461e+03 -1.090429999999993015e+03
-1.967330541516245603e+03 -1.153429999999993015e+03
-1.953476101083032518e+03 -1.194429999999993015e+03
-1.939621660649819432e+03 -1.234429999999993015e+03
-1.925767220216606574e+03 1.199570000000006985e+03
-1.911912779783393489e+03 -1.815429999999993015e+03
-1.898058339350180404e+03 -1.712429999999993015e+03
-1.884203898916967546e+03 -8.954299999999930151e+02
-1.870349458483754461e+03 -2.381429999999993015e+03
-1.856495018050541603e+03 -1.351429999999993015e+03
-1.842640577617328518e+03 -1.626429999999993015e+03
-1.828786137184115432e+03 -1.495429999999993015e+03
-1.814931696750902574e+03 -1.781429999999993015e+03
-1.801077256317689489e+03 -2.271429999999993015e+03
-1.787222815884476631e+03 -2.441429999999993015e+03
-1.773368375451263546e+03 -2.682429999999993015e+03
-1.759513935018050461e+03 -2.109429999999993015e+03
-1.745659494584837603e+03 -1.662429999999993015e+03
-1.731805054151624518e+03 -1.894429999999993015e+03
-1.717950613718411660e+03 -1.363429999999993015e+03
-1.704096173285198574e+03 -2.254429999999993015e+03
-1.690241732851985489e+03 -1.630429999999993015e+03
-1.676387292418772631e+03 -2.202429999999993015e+03
-1.662532851985559546e+03 -1.368429999999993015e+03
-1.648678411552346688e+03 -2.102429999999993015e+03
-1.634823971119133603e+03 -1.957429999999993015e+03
-1.620969530685920517e+03 -1.702429999999993015e+03
-1.607115090252707660e+03 -1.758429999999993015e+03
-1.593260649819494574e+03 -1.568429999999993015e+03
-1.579406209386281489e+03 -2.083429999999993015e+03
-1.565551768953068631e+03 -2.148429999999993015e+03
-1.551697328519855546e+03 -2.291429999999993015e+03
-1.537842888086642688e+03 -2.538429999999993015e+03
-1.523988447653429603e+03 -2.300429999999993015e+03
-1.510134007220216517e+03 -1.410429999999993015e+03
-1.496279566787003660e+03 -1.347429999999993015e+03
-1.482425126353790574e+03 -2.439429999999993015e+03
-1.468570685920577716e+03 -2.363429999999993015e+03
-1.454716245487364631e+03 -2.634429999999993015e+03
-1.440861805054151546e+03 -2.443429999999993015e+03
-1.427007364620938688e+03 -2.532429999999993015e+03
-1.413152924187725603e+03 -2.852429999999993015e+03
-1.399298483754512745e+03 -1.191429999999993015e+03
-1.385444043321299660e+03 -2.144429999999993015e+03
-1.371589602888086574e+03 -1.817429999999993015e+03
-1.357735162454873716e+03 -2.095429999999993015e+03
-1.343880722021660631e+03 -1.437429999999993015e+03
-1.330026281588447546e+03 -2.636429999999993015e+03
-1.316171841155234688e+03 -1.696429999999993015e+03
-1.302317400722021603e+03 -2.816429999999993015e+03
-1.288462960288808745e+03 -1.751429999999993015e+03
-1.274608519855595659e+03 -2.489429999999993015e+03
-1.260754079422382574e+03 -2.640429999999993015e+03
-1.246899638989169716e+03 -1.676429999999993015e+03
-1.233045198555956631e+03 -1.662429999999993015e+03
-1.219190758122743773e+03 -2.019429999999993015e+03
-1.205336317689530688e+03 -2.557429999999993015e+03
-1.191481877256317603e+03 -1.734429999999993015e+03
-1.177627436823104745e+03 -1.446429999999993015e+03
-1.163772996389891659e+03 -2.219429999999993015e+03
-1.149918555956678802e+03 -2.289429999999993015e+03
-1.136064115523465716e+03 -2.503429999999993015e+03
-1.122209675090252631e+03 -2.513429999999993015e+03
-1.108355234657039773e+03 -2.176429999999993015e+03
-1.094500794223826688e+03 -2.308429999999993015e+03
-1.080646353790613830e+03 -2.161429999999993015e+03
-1.066791913357400745e+03 -2.720429999999993015e+03
-1.052937472924187659e+03 -2.444429999999993015e+03
-1.039083032490974801e+03 -1.994429999999993015e+03
-1.025228592057761716e+03 -2.081429999999993015e+03
-1.011374151624548745e+03 -2.391429999999993015e+03
-9.975197111913357730e+02 -2.189429999999993015e+03
-9.836652707581228015e+02 -2.437429999999993015e+03
-9.698108303249097162e+02 -2.437429999999993015e+03
-9.559563898916967446e+02 -2.539429999999993015e+03
-9.421019494584837730e+02 -2.596429999999993015e+03
-9.282475090252708014e+02 -2.560429999999993015e+03
-9.143930685920577162e+02 -2.259429999999993015e+03
-9.005386281588447446e+02 -2.071429999999993015e+03
-8.866841877256317730e+02 -1.712429999999993015e+03
-8.728297472924188014e+02 -2.512429999999993015e+03
-8.589753068592058298e+02 -2.028429999999993015e+03
-8.451208664259927446e+02 -3.054429999999993015e+03
-8.312664259927797730e+02 -2.186429999999993015e+03
-8.174119855595668014e+02 -2.566429999999993015e+03
-8.035575451263538298e+02 -2.015429999999993015e+03
-7.897031046931407445e+02 -1.827429999999993015e+03
-7.758486642599277729e+02 -2.604429999999993015e+03
-7.619942238267148014e+02 -2.119429999999993015e+03
-7.481397833935018298e+02 -2.556429999999993015e+03
-7.342853429602888582e+02 -1.585429999999993015e+03
-7.204309025270757729e+02 -2.534429999999993015e+03
-7.065764620938628013e+02 -2.938429999999993015e+03
-6.927220216606498298e+02 -2.458429999999993015e+03
-6.788675812274368582e+02 -3.288429999999993015e+03
-6.650131407942237729e+02 -2.337429999999993015e+03
-6.511587003610108013e+02 -2.613429999999993015e+03
-6.373042599277978297e+02 -2.936429999999993015e+03
-6.234498194945848581e+02 -2.897429999999993015e+03
-6.095953790613718866e+02 -1.712429999999993015e+03
-5.957409386281588013e+02 -2.475429999999993015e+03
-5.818864981949458297e+02 -2.750429999999993015e+03
-5.680320577617328581e+02 -2.691429999999993015e+03
-5.541776173285198865e+02 -1.945429999999993015e+03
-5.403231768953069150e+02 -2.453429999999993015e+03
-5.264687364620938297e+02 -1.786429999999993015e+03
-5.126142960288808581e+02 -2.433429999999993015e+03
-4.987598555956678865e+02 -2.151429999999993015e+03
-4.849054151624548581e+02 -2.377429999999993015e+03
-4.710509747292418865e+02 -1.963429999999993015e+03
-4.571965342960288581e+02 -2.492429999999993015e+03
-4.433420938628158865e+02 -2.939429999999993015e+03
-4.294876534296029149e+02 -2.740429999999993015e+03
-4.156332129963898865e+02 -2.866429999999993015e+03
-4.017787725631769149e+02 -2.511429999999993015e+03
-3.879243321299638865e+02 -1.784429999999993015e+03
-3.740698916967509149e+02 -2.493429999999993015e+03
-3.602154512635378865e+02 -2.886429999999993015e+03
-3.463610108303249149e+02 -2.020429999999993015e+03
-3.325065703971118865e+02 -1.951429999999993015e+03
-3.186521299638989149e+02 -2.614429999999993015e+03
-3.047976895306859433e+02 -2.480429999999993015e+03
-2.909432490974729149e+02 -1.505429999999993015e+03
-2.770888086642599433e+02 -1.958429999999993015e+03
-2.632343682310469148e+02 -2.490429999999993015e+03
-2.493799277978339433e+02 -2.383429999999993015e+03
-2.355254873646209433e+02 -2.140429999999993015e+03
-2.216710469314079432e+02 -2.982429999999993015e+03
-2.078166064981949432e+02 -2.593429999999993015e+03
-1.939621660649819432e+02 -2.708429999999993015e+03
-1.801077256317689432e+02 -2.083429999999993015e+03
-1.662532851985559432e+02 -9.264299999999930151e+02
-1.523988447653429716e+02 -2.030429999999993015e+03
-1.385444043321299716e+02 -1.050429999999993015e+03
-1.246899638989169716e+02 -4.724299999999930151e+02
-1.108355234657039716e+02 -9.454299999999930151e+02
-9.698108303249097162e+01 8.057000000000698492e+01
-8.312664259927797161e+01 6.765700000000069849e+02
-6.927220216606498582e+01 2.477570000000006985e+03
-5.541776173285198581e+01 8.174570000000006985e+03
-4.156332129963898581e+01 1.968957000000000698e+04
-2.770888086642599291e+01 4.030157000000000698e+04
-1.385444043321299645e+01 7.312457000000000698e+04
0.000000000000000000e+00 1.212495700000000070e+05
1.385444043321299645e+01 1.854835700000000070e+05
2.770888086642599291e+01 2.734125700000000070e+05
4.156332129963898581e+01 3.910265700000000070e+05
5.541776173285198581e+01 5.357125700000000652e+05
6.927220216606498582e+01 7.127775700000000652e+05
8.312664259927797161e+01 9.127575700000000652e+05
9.698108303249097162e+01 1.116048570000000065e+06
1.108355234657039716e+02 1.327090570000000065e+06
1.246899638989169716e+02 1.548818570000000065e+06
1.385444043321299716e+02 1.775902570000000065e+06
1.523988447653429716e+02 1.999610570000000065e+06
1.662532851985559432e+02 2.211691569999999832e+06
1.801077256317689432e+02 2.408886569999999832e+06
1.939621660649819432e+02 2.594441569999999832e+06
2.078166064981949432e+02 2.772832569999999832e+06
2.216710469314079432e+02 2.930307569999999832e+06
2.355254873646209433e+02 3.060034569999999832e+06
2.493799277978339433e+02 3.173805569999999832e+06
2.632343682310469148e+02 3.281856569999999832e+06
2.770888086642599433e+02 3.385802569999999832e+06
2.909432490974729149e+02 3.469200569999999832e+06
3.047976895306859433e+02 3.548912569999999832e+06
3.186521299638989149e+02 3.605038569999999832e+06
3.325065703971118865e+02 3.643583569999999832e+06
3.463610108303249149e+02 3.691303569999999832e+06
3.602154512635378865e+02 3.740856569999999832e+06
3.740698916967509149e+02 3.756761569999999832e+06
3.879243321299638865e+02 3.775679569999999832e+06
4.017787725631769149e+02 3.786297569999999832e+06
4.156332129963898865e+02 3.803210569999999832e+06
4.294876534296029149e+02 3.794224569999999832e+06
4.433420938628158865e+02 3.810168569999999832e+06
4.571965342960288581e+02 3.806541569999999832e+06
4.710509747292418865e+02 3.802313569999999832e+06
4.849054151624548581e+02 3.805851569999999832e+06
4.987598555956678865e+02 3.815470569999999832e+06
5.126142960288808581e+02 3.812242569999999832e+06
5.264687364620938297e+02 3.805441569999999832e+06
5.403231768953069150e+02 3.798632569999999832e+06
5.541776173285198865e+02 3.793289569999999832e+06
5.680320577617328581e+02 3.791929569999999832e+06
5.818864981949458297e+02 3.779224569999999832e+06
5.957409386281588013e+02 3.773863569999999832e+06
6.095953790613718866e+02 3.784280569999999832e+06
6.234498194945848581e+02 3.813384569999999832e+06
6.373042599277978297e+02 3.822117569999999832e+06
6.511587003610108013e+02 3.844513569999999832e+06
6.650131407942237729e+02 3.834055569999999832e+06
6.788675812274368582e+02 3.825204569999999832e+06
6.927220216606498298e+02 3.820501569999999832e+06
7.065764620938628013e+02 3.813820569999999832e+06
7.204309025270757729e+02 3.833347569999999832e+06
7.342853429602888582e+02 3.832911569999999832e+06
7.481397833935018298e+02 3.822239569999999832e+06
7.619942238267148014e+02 3.817900569999999832e+06
7.758486642599277729e+02 3.840149569999999832e+06
7.897031046931407445e+02 3.857796569999999832e+06
8.035575451263538298e+02 3.853894569999999832e+06
8.174119855595668014e+02 3.832921569999999832e+06
8.312664259927797730e+02 3.821269569999999832e+06
8.451208664259927446e+02 3.807207569999999832e+06
8.589753068592058298e+02 3.797848569999999832e+06
8.728297472924188014e+02 3.783785569999999832e+06
8.866841877256317730e+02 3.781926569999999832e+06
9.005386281588447446e+02 3.774083569999999832e+06
9.143930685920577162e+02 3.770214569999999832e+06
9.282475090252708014e+02 3.763174569999999832e+06
9.421019494584837730e+02 3.772831569999999832e+06
9.559563898916967446e+02 3.792057569999999832e+06
9.698108303249097162e+02 3.798364569999999832e+06
9.836652707581228015e+02 3.820519569999999832e+06
9.975197111913357730e+02 3.824120569999999832e+06
1.011374151624548745e+03 3.809756569999999832e+06
1.025228592057761716e+03 3.800739569999999832e+06
1.039083032490974801e+03 3.821436569999999832e+06
1.052937472924187659e+03 3.808664569999999832e+06
1.066791913357400745e+03 3.788137569999999832e+06
1.080646353790613830e+03 3.745216569999999832e+06
1.094500794223826688e+03 3.695908569999999832e+06
1.108355234657039773e+03 3.630374569999999832e+06
1.122209675090252631e+03 3.588854569999999832e+06
1.136064115523465716e+03 3.487520569999999832e+06
1.149918555956678802e+03 3.389544569999999832e+06
1.163772996389891659e+03 3.262093569999999832e+06
1.177627436823104745e+03 3.093416569999999832e+06
1.191481877256317603e+03 2.890312569999999832e+06
1.205336317689530688e+03 2.686586569999999832e+06
1.219190758122743773e+03 2.462544569999999832e+06
1.233045198555956631e+03 2.223698569999999832e+06
1.246899638989169716e+03 1.989235570000000065e+06
1.260754079422382574e+03 1.746586570000000065e+06
1.274608519855595659e+03 1.510538570000000065e+06
1.288462960288808745e+03 1.284705570000000065e+06
1.302317400722021603e+03 1.073539570000000065e+06
1.316171841155234688e+03 8.912435700000000652e+05
1.330026281588447546e+03 7.217455700000000652e+05
1.343880722021660631e+03 5.781885700000000652e+05
1.357735162454873716e+03 4.592915700000000070e+05
1.371589602888086574e+03 3.593065700000000070e+05
1.385444043321299660e+03 2.724195700000000070e+05
1.399298483754512745e+03 2.027695700000000070e+05
1.413152924187725603e+03 1.467785700000000070e+05
1.427007364620938688e+03 1.058895700000000070e+05
1.440861805054151546e+03 7.982357000000000698e+04
1.454716245487364631e+03 6.354557000000000698e+04
1.468570685920577716e+03 4.721757000000000698e+04
1.482425126353790574e+03 3.944857000000000698e+04
1.496279566787003660e+03 3.416057000000000698e+04
1.510134007220216517e+03 3.139757000000000698e+04
1.523988447653429603e+03 2.943057000000000698e+04
1.537842888086642688e+03 2.784957000000000698e+04
1.551697328519855546e+03 2.703857000000000698e+04
1.565551768953068631e+03 2.782457000000000698e+04
1.579406209386281489e+03 2.709357000000000698e+04
1.593260649819494574e+03 2.639057000000000698e+04
1.607115090252707660e+03 2.598057000000000698e+04
1.620969530685920517e+03 2.307357000000000698e+04
1.634823971119133603e+03 2.251557000000000698e+04
1.648678411552346688e+03 2.387457000000000698e+04
1.662532851985559546e+03 2.134157000000000698e+04
1.676387292418772631e+03 1.878057000000000698e+04
1.690241732851985489e+03 1.932157000000000698e+04
1.704096173285198574e+03 1.861557000000000698e+04
1.717950613718411660e+03 1.724457000000000698e+04
1.731805054151624518e+03 1.572257000000000698e+04
1.745659494584837603e+03 1.421157000000000698e+04
1.759513935018050461e+03 1.343957000000000698e+04
1.773368375451263546e+03 1.210557000000000698e+04
1.787222815884476631e+03 1.011657000000000698e+04
1.801077256317689489e+03 9.889570000000006985e+03
1.814931696750902574e+03 8.730570000000006985e+03
1.828786137184115432e+03 7.557570000000006985e+03
1.842640577617328518e+03 7.285570000000006985e+03
1.856495018050541603e+03 7.717570000000006985e+03
1.870349458483754461e+03 7.229570000000006985e+03
1.884203898916967546e+03 5.576570000000006985e+03
1.898058339350180404e+03 3.799570000000006985e+03
1.911912779783393489e+03 3.381570000000006985e+03
1.925767220216606574e+03 3.549570000000006985e+03
1.939621660649819432e+03 1.975570000000006985e+03
1.953476101083032518e+03 1.977570000000006985e+03
1.967330541516245603e+03 1.696570000000006985e+03
1.981184981949458461e+03 1.352570000000006985e+03
1.995039422382671546e+03 2.320570000000006985e+03
2.008893862815884404e+03 1.025570000000006985e+03
2.022748303249097489e+03 3.335700000000069849e+02
2.036602743682310575e+03 8.495700000000069849e+02
2.050457184115523432e+03 4.955700000000069849e+02
2.064311624548736290e+03 -1.184299999999930151e+02
2.078166064981949603e+03 -8.354299999999930151e+02
2.092020505415162461e+03 -2.834299999999930151e+02
2.105874945848375319e+03 2.557000000000698492e+01
2.119729386281588631e+03 -7.324299999999930151e+02
2.133583826714801489e+03 -8.734299999999930151e+02
2.147438267148014347e+03 -1.145429999999993015e+03
2.161292707581227660e+03 -1.706429999999993015e+03
2.175147148014440518e+03 -2.546429999999993015e+03
2.189001588447653376e+03 -1.960429999999993015e+03
2.202856028880866234e+03 -2.324429999999993015e+03
2.216710469314079546e+03 -1.754429999999993015e+03
2.230564909747292404e+03 -1.884429999999993015e+03
2.244419350180505262e+03 -1.524429999999993015e+03
2.258273790613718575e+03 -1.986429999999993015e+03
2.272128231046931433e+03 -1.254429999999993015e+03
2.285982671480144290e+03 -1.483429999999993015e+03
2.299837111913357603e+03 -1.906429999999993015e+03
2.313691552346570461e+03 -1.705429999999993015e+03
2.327545992779783319e+03 -1.715429999999993015e+03
2.341400433212996177e+03 -1.886429999999993015e+03
2.355254873646209489e+03 -2.509429999999993015e+03
2.369109314079422347e+03 8.570000000006984919e+00
2.382963754512635205e+03 -1.691429999999993015e+03
2.396818194945848518e+03 -1.546429999999993015e+03
2.410672635379061376e+03 4.106570000000006985e+03
2.424527075812274234e+03 -8.934299999999930151e+02
2.438381516245487546e+03 -5.242999999999301508e+01
2.452235956678700404e+03 -1.664299999999930151e+02
2.466090397111913262e+03 -9.954299999999930151e+02
2.479944837545126575e+03 -8.934299999999930151e+02
2.493799277978339433e+03 -1.361429999999993015e+03
2.507653718411552290e+03 -1.538429999999993015e+03
2.521508158844765148e+03 -1.107429999999993015e+03
2.535362599277978461e+03 -1.286429999999993015e+03
2.549217039711191319e+03 -1.404429999999993015e+03
2.563071480144404177e+03 -2.201429999999993015e+03
2.576925920577617489e+03 -1.592429999999993015e+03
2.590780361010830347e+03 -8.674299999999930151e+02
2.604634801444043205e+03 -2.606429999999993015e+03
2.618489241877256518e+03 -2.524429999999993015e+03
2.632343682310469376e+03 -1.488429999999993015e+03
2.646198122743682234e+03 -1.917429999999993015e+03
2.660052563176895092e+03 -1.132429999999993015e+03
2.673907003610108404e+03 -2.213429999999993015e+03
2.687761444043321262e+03 -1.881429999999993015e+03
2.701615884476534120e+03 -1.509429999999993015e+03
2.715470324909747433e+03 -1.617429999999993015e+03
2.729324765342960291e+03 -2.047429999999993015e+03
2.743179205776173148e+03 -2.610429999999993015e+03
2.757033646209386461e+03 -2.457429999999993015e+03
2.770888086642599319e+03 -2.133429999999993015e+03
2.784742527075812177e+03 -1.373429999999993015e+03
2.798596967509025490e+03 -1.979429999999993015e+03
2.812451407942238347e+03 -1.544429999999993015e+03
2.826305848375451205e+03 -2.908429999999993015e+03
2.840160288808664063e+03 -2.353429999999993015e+03
2.854014729241877376e+03 -1.535429999999993015e+03
2.867869169675090234e+03 -1.148429999999993015e+03
2.881723610108303092e+03 -2.075429999999993015e+03
2.895578050541516404e+03 -2.285429999999993015e+03
2.909432490974729262e+03 -2.280429999999993015e+03
2.923286931407942120e+03 -2.803429999999993015e+03
2.937141371841155433e+03 -2.295429999999993015e+03
2.950995812274368291e+03 -1.461429999999993015e+03
2.964850252707581149e+03 -1.411429999999993015e+03
2.978704693140794461e+03 -2.028429999999993015e+03
2.992559133574007319e+03 -1.253429999999993015e+03
3.006413574007220177e+03 -1.342429999999993015e+03
3.020268014440433035e+03 -1.902429999999993015e+03
3.034122454873646348e+03 -1.830429999999993015e+03
3.047976895306859205e+03 -1.473429999999993015e+03
3.061831335740072063e+03 -2.095429999999993015e+03
3.075685776173285376e+03 -1.667429999999993015e+03
3.089540216606498234e+03 -1.301429999999993015e+03
3.103394657039711092e+03 -1.506429999999993015e+03
3.117249097472924404e+03 -1.100429999999993015e+03
3.131103537906137262e+03 -1.472429999999993015e+03
3.144957978339350120e+03 -1.887429999999993015e+03
3.158812418772562978e+03 -2.107429999999993015e+03
3.172666859205776291e+03 -1.891429999999993015e+03
3.186521299638989149e+03 -1.483429999999993015e+03
3.200375740072202007e+03 -7.724299999999930151e+02
3.214230180505415319e+03 -1.584429999999993015e+03
3.228084620938628177e+03 -1.244429999999993015e+03
3.241939061371841035e+03 -1.923429999999993015e+03
3.255793501805054348e+03 -2.072429999999993015e+03
3.269647942238267206e+03 -2.151429999999993015e+03
3.283502382671480063e+03 -1.647429999999993015e+03
3.297356823104693376e+03 -1.521429999999993015e+03
3.311211263537906234e+03 -2.188429999999993015e+03
3.325065703971119092e+03 -2.125429999999993015e+03
3.338920144404331950e+03 -1.884429999999993015e+03
3.352774584837545262e+03 -1.884429999999993015e+03
3.366629025270758120e+03 -1.736429999999993015e+03
3.380483465703970978e+03 -1.332429999999993015e+03
3.394337906137184291e+03 -9.804299999999930151e+02
3.408192346570397149e+03 -1.438429999999993015e+03
3.422046787003610007e+03 -1.412429999999993015e+03
3.435901227436823319e+03 -8.424299999999930151e+02
3.449755667870036177e+03 -7.904299999999930151e+02
3.463610108303249035e+03 -1.587429999999993015e+03
3.477464548736461893e+03 -1.252429999999993015e+03
3.491318989169675206e+03 -1.228429999999993015e+03
3.505173429602888064e+03 -6.404299999999930151e+02
3.519027870036100921e+03 -5.424299999999930151e+02
3.532882310469314234e+03 -1.492429999999993015e+03
3.546736750902527092e+03 -1.584299999999930151e+02
3.560591191335739950e+03 -5.454299999999930151e+02
3.574445631768953263e+03 -1.604429999999993015e+03
3.588300072202166120e+03 -1.037429999999993015e+03
3.602154512635378978e+03 -1.504299999999930151e+02
3.616008953068592291e+03 -3.344299999999930151e+02
3.629863393501805149e+03 -4.984299999999930151e+02
3.643717833935018007e+03 -8.254299999999930151e+02
3.657572274368230865e+03 -1.260429999999993015e+03
3.671426714801444177e+03 -2.624299999999930151e+02
3.685281155234657035e+03 -1.379429999999993015e+03
3.699135595667869893e+03 -3.804299999999930151e+02
3.712990036101083206e+03 4.095700000000069849e+02
3.726844476534296064e+03 -1.754299999999930151e+02
3.740698916967508922e+03 7.535700000000069849e+02
3.754553357400722234e+03 -8.684299999999930151e+02
3.768407797833935092e+03 -6.214299999999930151e+02
3.782262238267147950e+03 -9.504299999999930151e+02
3.796116678700360808e+03 -7.934299999999930151e+02
3.809971119133574120e+03 -1.009429999999993015e+03
3.823825559566786978e+03 -4.704299999999930151e+02
3.837679999999999836e+03 3.365700000000069849e+02
3.851534440433213149e+03 8.357000000000698492e+01
3.865388880866426007e+03 -1.003429999999993015e+03
3.879243321299638865e+03 -6.294299999999930151e+02
3.893097761732852177e+03 -1.754299999999930151e+02
3.906952202166065035e+03 5.765700000000069849e+02
3.920806642599277893e+03 -3.654299999999930151e+02
3.934661083032491206e+03 1.457000000000698492e+01
3.948515523465704064e+03 3.365700000000069849e+02
3.962369963898916922e+03 -1.574299999999930151e+02
3.976224404332129780e+03 3.225700000000069849e+02
3.990078844765343092e+03 -6.342999999999301508e+01
4.003933285198555950e+03 5.105700000000069849e+02
4.017787725631768808e+03 1.840570000000006985e+03
4.031642166064982121e+03 3.255700000000069849e+02
4.045496606498194978e+03 -7.042999999999301508e+01
4.059351046931407836e+03 5.757000000000698492e+01
4.073205487364621149e+03 9.415700000000069849e+02
4.087059927797834007e+03 1.115570000000006985e+03
4.100914368231046865e+03 1.395570000000006985e+03
4.114768808664260177e+03 9.355700000000069849e+02
4.128623249097472581e+03 1.955700000000069849e+02
4.142477689530685893e+03 3.155700000000069849e+02
4.156332129963899206e+03 6.075700000000069849e+02
4.170186570397111609e+03 7.295700000000069849e+02
4.184041010830324922e+03 -5.042999999999301508e+01
4.197895451263538234e+03 7.135700000000069849e+02
4.211749891696750637e+03 1.343570000000006985e+03
4.225604332129963950e+03 3.878570000000006985e+03
4.239458772563177263e+03 1.125570000000006985e+03
4.253313212996389666e+03 9.265700000000069849e+02
4.267167653429602979e+03 9.855700000000069849e+02
4.281022093862816291e+03 8.135700000000069849e+02
4.294876534296028694e+03 6.757000000000698492e+01
4.308730974729242007e+03 5.315700000000069849e+02
4.322585415162455320e+03 9.025700000000069849e+02
4.336439855595667723e+03 1.032570000000006985e+03
4.350294296028881035e+03 1.023570000000006985e+03
4.364148736462093439e+03 1.200570000000006985e+03
4.378003176895306751e+03 3.595700000000069849e+02
4.391857617328520064e+03 3.625700000000069849e+02
4.405712057761732467e+03 1.925700000000069849e+02
4.419566498194945780e+03 -1.034299999999930151e+02
4.433420938628159092e+03 1.445570000000006985e+03
4.447275379061371495e+03 1.330570000000006985e+03
4.461129819494584808e+03 -4.542999999999301508e+01
4.474984259927798121e+03 4.755700000000069849e+02
4.488838700361010524e+03 1.461570000000006985e+03
4.502693140794223837e+03 3.905700000000069849e+02
4.516547581227437149e+03 1.366570000000006985e+03
4.530402021660649552e+03 2.515700000000069849e+02
4.544256462093862865e+03 1.869570000000006985e+03
4.558110902527076178e+03 9.825700000000069849e+02
4.571965342960288581e+03 4.457000000000698492e+01
4.585819783393501893e+03 4.695700000000069849e+02
4.599674223826715206e+03 9.115700000000069849e+02
4.613528664259927609e+03 4.445700000000069849e+02
4.627383104693140922e+03 1.419570000000006985e+03
4.641237545126354235e+03 1.855700000000069849e+02
4.655091985559566638e+03 -1.324299999999930151e+02
4.668946425992779950e+03 6.895700000000069849e+02
4.682800866425992353e+03 1.525700000000069849e+02
4.696655306859205666e+03 6.825700000000069849e+02
4.710509747292418979e+03 -1.934299999999930151e+02
4.724364187725631382e+03 1.825700000000069849e+02
4.738218628158844695e+03 4.775700000000069849e+02
4.752073068592058007e+03 7.465700000000069849e+02
4.765927509025270410e+03 8.755700000000069849e+02
4.779781949458483723e+03 -2.514299999999930151e+02
4.793636389891697036e+03 9.195700000000069849e+02
4.807490830324909439e+03 6.255700000000069849e+02
4.821345270758122751e+03 6.705700000000069849e+02
4.835199711191336064e+03 5.457000000000698492e+01
4.849054151624548467e+03 -1.384299999999930151e+02
4.862908592057761780e+03 5.575700000000069849e+02
4.876763032490975093e+03 -2.934299999999930151e+02
4.890617472924187496e+03 3.857000000000698492e+01
4.904471913357400808e+03 9.255700000000069849e+02
4.918326353790614121e+03 1.053570000000006985e+03
4.932180794223826524e+03 2.220570000000006985e+03
4.946035234657039837e+03 7.495700000000069849e+02
4.959889675090253149e+03 1.266570000000006985e+03
4.973744115523465553e+03 4.305700000000069849e+02
4.987598555956678865e+03 3.365700000000069849e+02
5.001452996389891268e+03 2.565700000000069849e+02
5.015307436823104581e+03 -5.399429999999993015e+03
5.029161877256317894e+03 -1.186742999999999302e+04
5.043016317689530297e+03 -1.204342999999999302e+04
5.056870758122743609e+03 -1.211542999999999302e+04
5.070725198555956922e+03 -1.210842999999999302e+04
5.084579638989169325e+03 -1.210142999999999302e+04
5.098434079422382638e+03 -1.196942999999999302e+04
5.112288519855595951e+03 -1.211042999999999302e+04
5.126142960288808354e+03 -1.208142999999999302e+04
5.139997400722021666e+03 -1.189842999999999302e+04
5.153851841155234979e+03 -1.200742999999999302e+04
5.167706281588447382e+03 -1.203742999999999302e+04
5.181560722021660695e+03 -1.181942999999999302e+04
5.195415162454874007e+03 -1.198942999999999302e+04
5.209269602888086411e+03 -1.194442999999999302e+04
5.223124043321299723e+03 -1.183742999999999302e+04
5.236978483754513036e+03 -1.214042999999999302e+04
5.250832924187725439e+03 -1.196542999999999302e+04
5.264687364620938752e+03 -1.209942999999999302e+04
5.278541805054152064e+03 -1.190042999999999302e+04
5.292396245487364467e+03 -1.211342999999999302e+04
5.306250685920577780e+03 -1.208742999999999302e+04
5.320105126353790183e+03 -1.194042999999999302e+04
5.333959566787003496e+03 -1.193242999999999302e+04
