-2.542562318840579792e+03 1.299140000000013970e+03
-2.526671304347826208e+03 -5.666859999999986030e+03
-2.510780289855072624e+03 -7.099859999999986030e+03
-2.494889275362318585e+03 -7.746859999999986030e+03
-2.478998260869565001e+03 -8.500859999999986030e+03
-2.463107246376811418e+03 -8.602859999999986030e+03
-2.447216231884057834e+03 -9.113859999999986030e+03
-2.431325217391304250e+03 -9.371859999999986030e+03
-2.415434202898550666e+03 -9.774859999999986030e+03
-2.399543188405797082e+03 -1.000685999999998603e+04
-2.383652173913043498e+03 -9.856859999999986030e+03
-2.367761159420289914e+03 -1.018685999999998603e+04
-2.351870144927536330e+03 -5.436859999999986030e+03
-2.335979130434782746e+03 -1.888599999999860302e+02
-2.320088115942029162e+03 -4.308599999999860302e+02
-2.304197101449275124e+03 -8.088599999999860302e+02
-2.288306086956521540e+03 -8.228599999999860302e+02
-2.272415072463767956e+03 -7.485999999998603016e+01
-2.256524057971014372e+03 -7.988599999999860302e+02
-2.240633043478260788e+03 -1.082859999999986030e+03
-2.224742028985507204e+03 -7.918599999999860302e+02
-2.208851014492753620e+03 -9.508599999999860302e+02
-2.192960000000000036e+03 -1.468859999999986030e+03
-2.177068985507246452e+03 1.093140000000013970e+03
-2.161177971014492869e+03 -1.924859999999986030e+03
-2.145286956521739285e+03 -1.331859999999986030e+03
-2.129395942028985701e+03 -1.013859999999986030e+03
-2.113504927536231662e+03 -2.126859999999986030e+03
-2.097613913043478078e+03 -1.178859999999986030e+03
-2.081722898550724494e+03 -1.274859999999986030e+03
-2.065831884057970910e+03 -1.736859999999986030e+03
-2.049940869565217326e+03 -1.583859999999986030e+03
-2.034049855072463743e+03 -2.272859999999986030e+03
-2.018158840579710159e+03 -2.591859999999986030e+03
-2.002267826086956575e+03 -2.343859999999986030e+03
-1.986376811594202763e+03 -1.703859999999986030e+03
-1.970485797101449180e+03 -2.147859999999986030e+03
-1.954594782608695596e+03 -1.878859999999986030e+03
-1.938703768115942012e+03 -1.059859999999986030e+03
-1.922812753623188428e+03 -2.102859999999986030e+03
-1.906921739130434844e+03 -1.500859999999986030e+03
-1.891030724637681033e+03 -2.257859999999986030e+03
-1.875139710144927449e+03 -1.592859999999986030e+03
-1.859248695652173865e+03 -1.737859999999986030e+03
-1.843357681159420281e+03 -1.788859999999986030e+03
-1.827466666666666697e+03 -1.931859999999986030e+03
-1.811575652173913113e+03 -1.462859999999986030e+03
-1.795684637681159302e+03 -1.549859999999986030e+03
-1.779793623188405718e+03 -1.844859999999986030e+03
-1.763902608695652134e+03 -1.914859999999986030e+03
-1.748011594202898550e+03 -2.445859999999986030e+03
-1.732120579710144966e+03 -2.535859999999986030e+03
-1.716229565217391382e+03 -2.136859999999986030e+03
-1.700338550724637571e+03 -1.230859999999986030e+03
-1.684447536231883987e+03 -1.055859999999986030e+03
-1.668556521739130403e+03 -2.238859999999986030e+03
-1.652665507246376819e+03 -2.070859999999986030e+03
-1.636774492753623235e+03 -1.928859999999986030e+03
-1.620883478260869651e+03 -1.759859999999986030e+03
-1.604992463768115840e+03 -2.590859999999986030e+03
-1.589101449275362256e+03 -2.271859999999986030e+03
-1.573210434782608672e+03 -1.559859999999986030e+03
-1.557319420289855088e+03 -2.495859999999986030e+03
-1.541428405797101505e+03 -1.936859999999986030e+03
-1.525537391304347693e+03 -2.085859999999986030e+03
-1.509646376811594109e+03 -1.353859999999986030e+03
-1.493755362318840525e+03 -2.445859999999986030e+03
-1.477864347826086941e+03 -1.592859999999986030e+03
-1.461973333333333358e+03 -2.776859999999986030e+03
-1.446082318840579774e+03 -2.000859999999986030e+03
-1.430191304347825962e+03 -2.262859999999986030e+03
-1.414300289855072378e+03 -2.949859999999986030e+03
-1.398409275362318795e+03 -1.772859999999986030e+03
-1.382518260869565211e+03 -1.601859999999986030e+03
-1.366627246376811627e+03 -2.133859999999986030e+03
-1.350736231884058043e+03 -2.620859999999986030e+03
-1.334845217391304232e+03 -2.134859999999986030e+03
-1.318954202898550648e+03 -1.784859999999986030e+03
-1.303063188405797064e+03 -2.260859999999986030e+03
-1.287172173913043480e+03 -2.166859999999986030e+03
-1.271281159420289896e+03 -1.985859999999986030e+03
-1.255390144927536312e+03 -2.734859999999986030e+03
-1.239499130434782501e+03 -2.225859999999986030e+03
-1.223608115942028917e+03 -2.216859999999986030e+03
-1.207717101449275333e+03 -1.963859999999986030e+03
-1.191826086956521749e+03 -2.325859999999986030e+03
-1.175935072463768165e+03 -1.931859999999986030e+03
-1.160044057971014581e+03 -1.974859999999986030e+03
-1.144153043478260770e+03 -2.183859999999986030e+03
-1.128262028985507186e+03 -2.358859999999986030e+03
-1.112371014492753602e+03 -2.406859999999986030e+03
-1.096480000000000018e+03 -2.540859999999986030e+03
-1.080588985507246434e+03 -2.011859999999986030e+03
-1.064697971014492850e+03 -2.099859999999986030e+03
-1.048806956521739039e+03 -2.704859999999986030e+03
-1.032915942028985455e+03 -2.312859999999986030e+03
-1.017024927536231871e+03 -2.092859999999986030e+03
-1.001133913043478287e+03 -1.868859999999986030e+03
-9.852428985507245898e+02 -1.433859999999986030e+03
-9.693518840579710059e+02 -2.355859999999986030e+03
-9.534608695652174220e+02 -1.533859999999986030e+03
-9.375698550724637244e+02 -2.673859999999986030e+03
-9.216788405797101404e+02 -1.499859999999986030e+03
-9.057878260869565565e+02 -1.854859999999986030e+03
-8.898968115942028589e+02 -1.934859999999986030e+03
-8.740057971014492750e+02 -2.222859999999986030e+03
-8.581147826086956911e+02 -2.532859999999986030e+03
-8.422237681159419935e+02 -2.166859999999986030e+03
-8.263327536231884096e+02 -2.651859999999986030e+03
-8.104417391304348257e+02 -1.810859999999986030e+03
-7.945507246376811281e+02 -2.365859999999986030e+03
-7.786597101449275442e+02 -2.552859999999986030e+03
-7.627686956521738466e+02 -1.772859999999986030e+03
-7.468776811594202627e+02 -2.541859999999986030e+03
-7.309866666666666788e+02 -1.958859999999986030e+03
-7.150956521739129812e+02 -2.177859999999986030e+03
-6.992046376811593973e+02 -2.527859999999986030e+03
-6.833136231884058134e+02 -2.839859999999986030e+03
-6.674226086956521158e+02 -1.679859999999986030e+03
-6.515315942028985319e+02 -2.449859999999986030e+03
-6.356405797101449480e+02 -1.993859999999986030e+03
-6.197495652173912504e+02 -2.056859999999986030e+03
-6.038585507246376665e+02 -2.081859999999986030e+03
-5.879675362318840826e+02 -2.222859999999986030e+03
-5.720765217391303850e+02 -1.805859999999986030e+03
-5.561855072463768010e+02 -2.038859999999986030e+03
-5.402944927536232171e+02 -1.744859999999986030e+03
-5.244034782608695195e+02 -2.308859999999986030e+03
-5.085124637681159356e+02 -2.037859999999986030e+03
-4.926214492753622949e+02 -2.120859999999986030e+03
-4.767304347826087110e+02 -2.265859999999986030e+03
-4.608394202898550702e+02 -1.882859999999986030e+03
-4.449484057971014295e+02 -2.706859999999986030e+03
-4.290573913043478456e+02 -2.258859999999986030e+03
-4.131663768115942048e+02 -1.274859999999986030e+03
-3.972753623188405641e+02 -2.177859999999986030e+03
-3.813843478260869233e+02 -2.529859999999986030e+03
-3.654933333333333394e+02 -1.991859999999986030e+03
-3.496023188405796986e+02 -1.872859999999986030e+03
-3.337113043478260579e+02 -2.669859999999986030e+03
-3.178202898550724740e+02 -2.382859999999986030e+03
-3.019292753623188332e+02 -1.593859999999986030e+03
-2.860382608695651925e+02 -2.061859999999986030e+03
-2.701472463768116086e+02 -2.110859999999986030e+03
-2.542562318840579678e+02 -2.228859999999986030e+03
-2.383652173913043555e+02 -1.659859999999986030e+03
-2.224742028985507147e+02 -2.145859999999986030e+03
-2.065831884057971024e+02 -2.145859999999986030e+03
-1.906921739130434617e+02 -2.487859999999986030e+03
-1.748011594202898493e+02 -1.503859999999986030e+03
-1.589101449275362370e+02 -4.108599999999860302e+02
-1.430191304347825962e+02 -1.706859999999986030e+03
-1.271281159420289839e+02 -1.116859999999986030e+03
-1.112371014492753574e+02 -1.111859999999986030e+03
-9.534608695652173083e+01 -1.227859999999986030e+03
-7.945507246376811850e+01 6.991400000000139698e+02
-6.356405797101449195e+01 3.978140000000013970e+03
-4.767304347826086541e+01 1.092314000000001397e+04
-3.178202898550724598e+01 2.398314000000001397e+04
-1.589101449275362299e+01 4.666514000000001397e+04
0.000000000000000000e+00 7.899614000000001397e+04
1.589101449275362299e+01 1.269211400000000140e+05
3.178202898550724598e+01 1.985401400000000140e+05
4.767304347826086541e+01 2.896011400000000140e+05
6.356405797101449195e+01 4.127601400000000140e+05
7.945507246376811850e+01 5.594721400000000140e+05
9.534608695652173083e+01 7.263441400000000140e+05
1.112371014492753574e+02 9.089681400000000140e+05
1.271281159420289839e+02 1.115666140000000130e+06
1.430191304347825962e+02 1.329990140000000130e+06
1.589101449275362370e+02 1.544916140000000130e+06
1.748011594202898493e+02 1.768888140000000130e+06
1.906921739130434617e+02 1.993043140000000130e+06
2.065831884057971024e+02 2.209094140000000130e+06
2.224742028985507147e+02 2.420509140000000130e+06
2.383652173913043555e+02 2.619271140000000130e+06
2.542562318840579678e+02 2.791233140000000130e+06
2.701472463768116086e+02 2.980369140000000130e+06
2.860382608695651925e+02 3.144710140000000130e+06
3.019292753623188332e+02 3.281264140000000130e+06
3.178202898550724740e+02 3.384996140000000130e+06
3.337113043478260579e+02 3.477075140000000130e+06
3.496023188405796986e+02 3.576477140000000130e+06
3.654933333333333394e+02 3.649853140000000130e+06
3.813843478260869233e+02 3.711216140000000130e+06
3.972753623188405641e+02 3.745476140000000130e+06
4.131663768115942048e+02 3.757948140000000130e+06
4.290573913043478456e+02 3.767402140000000130e+06
4.449484057971014295e+02 3.784379140000000130e+06
4.608394202898550702e+02 3.789547140000000130e+06
4.767304347826087110e+02 3.800311140000000130e+06
4.926214492753622949e+02 3.817729140000000130e+06
5.085124637681159356e+02 3.817574140000000130e+06
5.244034782608695195e+02 3.788780140000000130e+06
5.402944927536232171e+02 3.781923140000000130e+06
5.561855072463768010e+02 3.763890140000000130e+06
5.720765217391303850e+02 3.763769140000000130e+06
5.879675362318840826e+02 3.748363140000000130e+06
6.038585507246376665e+02 3.744662140000000130e+06
6.197495652173912504e+02 3.739637140000000130e+06
6.356405797101449480e+02 3.722533140000000130e+06
6.515315942028985319e+02 3.717580140000000130e+06
6.674226086956521158e+02 3.720127140000000130e+06
6.833136231884058134e+02 3.702621140000000130e+06
6.992046376811593973e+02 3.723404140000000130e+06
7.150956521739129812e+02 3.737937140000000130e+06
7.309866666666666788e+02 3.735873140000000130e+06
7.468776811594202627e+02 3.742048140000000130e+06
7.627686956521738466e+02 3.738616140000000130e+06
7.786597101449275442e+02 3.750641140000000130e+06
7.945507246376811281e+02 3.764720140000000130e+06
8.104417391304348257e+02 3.792007140000000130e+06
8.263327536231884096e+02 3.780607140000000130e+06
8.422237681159419935e+02 3.755190140000000130e+06
8.581147826086956911e+02 3.746473140000000130e+06
8.740057971014492750e+02 3.765851140000000130e+06
8.898968115942028589e+02 3.778491140000000130e+06
9.057878260869565565e+02 3.766540140000000130e+06
9.216788405797101404e+02 3.758314140000000130e+06
9.375698550724637244e+02 3.764877140000000130e+06
9.534608695652174220e+02 3.769813140000000130e+06
9.693518840579710059e+02 3.762019140000000130e+06
9.852428985507245898e+02 3.737463140000000130e+06
1.001133913043478287e+03 3.718999140000000130e+06
1.017024927536231871e+03 3.712267140000000130e+06
1.032915942028985455e+03 3.676568140000000130e+06
1.048806956521739039e+03 3.682470140000000130e+06
1.064697971014492850e+03 3.685605140000000130e+06
1.080588985507246434e+03 3.671271140000000130e+06
1.096480000000000018e+03 3.679857140000000130e+06
1.112371014492753602e+03 3.700581140000000130e+06
1.128262028985507186e+03 3.706972140000000130e+06
1.144153043478260770e+03 3.702165140000000130e+06
1.160044057971014581e+03 3.716822140000000130e+06
1.175935072463768165e+03 3.730677140000000130e+06
1.191826086956521749e+03 3.730613140000000130e+06
1.207717101449275333e+03 3.707578140000000130e+06
1.223608115942028917e+03 3.707407140000000130e+06
1.239499130434782501e+03 3.696714140000000130e+06
1.255390144927536312e+03 3.681569140000000130e+06
1.271281159420289896e+03 3.621617140000000130e+06
1.287172173913043480e+03 3.575515140000000130e+06
1.303063188405797064e+03 3.522108140000000130e+06
1.318954202898550648e+03 3.433104140000000130e+06
1.334845217391304232e+03 3.322534140000000130e+06
1.350736231884058043e+03 3.181332140000000130e+06
1.366627246376811627e+03 3.006329140000000130e+06
1.382518260869565211e+03 2.809777140000000130e+06
1.398409275362318795e+03 2.613215140000000130e+06
1.414300289855072378e+03 2.400277140000000130e+06
1.430191304347825962e+03 2.170608140000000130e+06
1.446082318840579774e+03 1.923436140000000130e+06
1.461973333333333358e+03 1.691576140000000130e+06
1.477864347826086941e+03 1.462007140000000130e+06
1.493755362318840525e+03 1.241980140000000130e+06
1.509646376811594109e+03 1.041723140000000014e+06
1.525537391304347693e+03 8.567281400000000140e+05
1.541428405797101505e+03 6.925221400000000140e+05
1.557319420289855088e+03 5.512961400000000140e+05
1.573210434782608672e+03 4.359711400000000140e+05
1.589101449275362256e+03 3.346761400000000140e+05
1.604992463768115840e+03 2.549381400000000140e+05
1.620883478260869651e+03 1.948521400000000140e+05
1.636774492753623235e+03 1.439191400000000140e+05
1.652665507246376819e+03 1.031811400000000140e+05
1.668556521739130403e+03 7.494114000000001397e+04
1.684447536231883987e+03 5.655514000000001397e+04
1.700338550724637571e+03 4.641214000000001397e+04
1.716229565217391382e+03 3.742014000000001397e+04
1.732120579710144966e+03 3.178414000000001397e+04
1.748011594202898550e+03 2.934514000000001397e+04
1.763902608695652134e+03 2.708114000000001397e+04
1.779793623188405718e+03 2.696114000000001397e+04
1.795684637681159302e+03 2.654014000000001397e+04
1.811575652173913113e+03 2.729814000000001397e+04
1.827466666666666697e+03 2.712814000000001397e+04
1.843357681159420281e+03 2.540114000000001397e+04
1.859248695652173865e+03 2.508814000000001397e+04
1.875139710144927449e+03 2.293114000000001397e+04
1.891030724637681033e+03 2.228214000000001397e+04
1.906921739130434844e+03 2.091814000000001397e+04
1.922812753623188428e+03 2.083114000000001397e+04
1.938703768115942012e+03 1.967014000000001397e+04
1.954594782608695596e+03 1.782614000000001397e+04
1.970485797101449180e+03 1.574814000000001397e+04
1.986376811594202763e+03 1.526414000000001397e+04
2.002267826086956575e+03 1.379514000000001397e+04
2.018158840579710159e+03 1.278814000000001397e+04
2.034049855072463743e+03 1.172614000000001397e+04
2.049940869565217326e+03 1.090814000000001397e+04
2.065831884057970910e+03 1.023714000000001397e+04
2.081722898550724494e+03 8.900140000000013970e+03
2.097613913043478078e+03 8.349140000000013970e+03
2.113504927536231662e+03 8.049140000000013970e+03
2.129395942028985701e+03 6.714140000000013970e+03
2.145286956521739285e+03 6.140140000000013970e+03
2.161177971014492869e+03 6.291140000000013970e+03
2.177068985507246452e+03 6.334140000000013970e+03
2.192960000000000036e+03 4.775140000000013970e+03
2.208851014492753620e+03 3.264140000000013970e+03
2.224742028985507204e+03 3.125140000000013970e+03
2.240633043478260788e+03 2.477140000000013970e+03
2.256524057971014372e+03 1.722140000000013970e+03
2.272415072463767956e+03 2.069140000000013970e+03
2.288306086956521540e+03 1.208140000000013970e+03
2.304197101449275124e+03 6.331400000000139698e+02
2.320088115942029162e+03 1.280140000000013970e+03
2.335979130434782746e+03 5.421400000000139698e+02
2.351870144927536330e+03 -4.158599999999860302e+02
2.367761159420289914e+03 1.311400000000139698e+02
2.383652173913043498e+03 -3.508599999999860302e+02
2.399543188405797082e+03 -1.858599999999860302e+02
2.415434202898550666e+03 -4.018599999999860302e+02
2.431325217391304250e+03 -5.908599999999860302e+02
2.447216231884057834e+03 -7.968599999999860302e+02
2.463107246376811418e+03 -1.704859999999986030e+03
2.478998260869565001e+03 -1.187859999999986030e+03
2.494889275362318585e+03 -1.596859999999986030e+03
2.510780289855072624e+03 -1.764859999999986030e+03
2.526671304347826208e+03 -1.830859999999986030e+03
2.542562318840579792e+03 -1.404859999999986030e+03
2.558453333333333376e+03 -1.974859999999986030e+03
2.574344347826086960e+03 -2.026859999999986030e+03
2.590235362318840544e+03 -1.464859999999986030e+03
2.606126376811594128e+03 -1.651859999999986030e+03
2.622017391304347711e+03 -1.911859999999986030e+03
2.637908405797101295e+03 -1.541859999999986030e+03
2.653799420289854879e+03 -1.803859999999986030e+03
2.669690434782608463e+03 -1.545859999999986030e+03
2.685581449275362502e+03 -9.168599999999860302e+02
2.701472463768116086e+03 -1.019859999999986030e+03
2.717363478260869670e+03 -1.317859999999986030e+03
2.733254492753623254e+03 -1.848859999999986030e+03
2.749145507246376837e+03 -5.908599999999860302e+02
2.765036521739130421e+03 -1.874859999999986030e+03
2.780927536231884005e+03 -1.338859999999986030e+03
2.796818550724637589e+03 4.382140000000013970e+03
2.812709565217391173e+03 -1.127859999999986030e+03
2.828600579710144757e+03 -7.818599999999860302e+02
2.844491594202898341e+03 -7.128599999999860302e+02
2.860382608695651925e+03 -2.338859999999986030e+03
2.876273623188405963e+03 -1.904859999999986030e+03
2.892164637681159547e+03 -1.629859999999986030e+03
2.908055652173913131e+03 -1.660859999999986030e+03
2.923946666666666715e+03 -1.254859999999986030e+03
2.939837681159420299e+03 -1.113859999999986030e+03
2.955728695652173883e+03 -6.378599999999860302e+02
2.971619710144927467e+03 -1.713859999999986030e+03
2.987510724637681051e+03 -1.890859999999986030e+03
3.003401739130434635e+03 -1.103859999999986030e+03
3.019292753623188219e+03 -2.373859999999986030e+03
3.035183768115941803e+03 -2.499859999999986030e+03
3.051074782608695386e+03 -1.113859999999986030e+03
3.066965797101449425e+03 -1.812859999999986030e+03
3.082856811594203009e+03 -1.153859999999986030e+03
3.098747826086956593e+03 -1.976859999999986030e+03
3.114638840579710177e+03 -1.459859999999986030e+03
3.130529855072463761e+03 -1.435859999999986030e+03
3.146420869565217345e+03 -2.161859999999986030e+03
3.162311884057970929e+03 -2.715859999999986030e+03
3.178202898550724512e+03 -2.784859999999986030e+03
3.194093913043478096e+03 -2.348859999999986030e+03
3.209984927536231680e+03 -1.943859999999986030e+03
3.225875942028985264e+03 -9.848599999999860302e+02
3.241766956521739303e+03 -1.288859999999986030e+03
3.257657971014492887e+03 -2.407859999999986030e+03
3.273548985507246471e+03 -2.301859999999986030e+03
3.289440000000000055e+03 -2.179859999999986030e+03
3.305331014492753638e+03 -1.476859999999986030e+03
3.321222028985507222e+03 -1.320859999999986030e+03
3.337113043478260806e+03 -2.165859999999986030e+03
3.353004057971014390e+03 -2.399859999999986030e+03
3.368895072463767974e+03 -2.032859999999986030e+03
3.384786086956521558e+03 -2.214859999999986030e+03
3.400677101449275142e+03 -1.520859999999986030e+03
3.416568115942028726e+03 -1.758859999999986030e+03
3.432459130434782764e+03 -2.453859999999986030e+03
3.448350144927536348e+03 -2.395859999999986030e+03
3.464241159420289932e+03 -2.079859999999986030e+03
3.480132173913043516e+03 -1.507859999999986030e+03
3.496023188405797100e+03 -1.967859999999986030e+03
3.511914202898550684e+03 -1.925859999999986030e+03
3.527805217391304268e+03 -1.511859999999986030e+03
3.543696231884057852e+03 -1.456859999999986030e+03
3.559587246376811436e+03 -1.255859999999986030e+03
3.575478260869565020e+03 -1.262859999999986030e+03
3.591369275362318604e+03 -9.008599999999860302e+02
3.607260289855072642e+03 -9.438599999999860302e+02
3.623151304347826226e+03 -9.268599999999860302e+02
3.639042318840579810e+03 -1.444859999999986030e+03
3.654933333333333394e+03 -1.716859999999986030e+03
3.670824347826086978e+03 -1.363859999999986030e+03
3.686715362318840562e+03 -1.872859999999986030e+03
3.702606376811594146e+03 -6.938599999999860302e+02
3.718497391304347730e+03 -8.448599999999860302e+02
3.734388405797101314e+03 -6.838599999999860302e+02
3.750279420289854897e+03 -1.521859999999986030e+03
3.766170434782608481e+03 -1.428859999999986030e+03
3.782061449275362065e+03 -1.812859999999986030e+03
3.797952463768116104e+03 -1.576859999999986030e+03
3.813843478260869688e+03 -1.506859999999986030e+03
3.829734492753623272e+03 -1.865859999999986030e+03
3.845625507246376856e+03 -1.734859999999986030e+03
3.861516521739130440e+03 -1.727859999999986030e+03
3.877407536231884023e+03 -1.380859999999986030e+03
3.893298550724637607e+03 -1.257859999999986030e+03
3.909189565217391191e+03 -8.988599999999860302e+02
3.925080579710144775e+03 -7.218599999999860302e+02
3.940971594202898359e+03 -1.362859999999986030e+03
3.956862608695651943e+03 -1.283859999999986030e+03
3.972753623188405527e+03 -8.518599999999860302e+02
3.988644637681159566e+03 -1.316859999999986030e+03
4.004535652173913149e+03 -1.629859999999986030e+03
4.020426666666666733e+03 -1.044859999999986030e+03
4.036317681159420317e+03 -3.028599999999860302e+02
4.052208695652173901e+03 -1.528599999999860302e+02
4.068099710144927485e+03 -5.018599999999860302e+02
4.083990724637681069e+03 -1.011859999999986030e+03
4.099881739130434653e+03 3.581400000000139698e+02
4.115772753623188692e+03 -5.448599999999860302e+02
4.131663768115941821e+03 -1.086859999999986030e+03
4.147554782608695859e+03 -6.598599999999860302e+02
4.163445797101448989e+03 -4.608599999999860302e+02
4.179336811594203027e+03 -9.878599999999860302e+02
4.195227826086956156e+03 -8.918599999999860302e+02
4.211118840579710195e+03 -6.398599999999860302e+02
4.227009855072463324e+03 -6.318599999999860302e+02
4.242900869565217363e+03 -3.318599999999860302e+02
4.258791884057971401e+03 -9.398599999999860302e+02
4.274682898550724531e+03 5.821400000000139698e+02
4.290573913043478569e+03 9.714000000001396984e+01
4.306464927536231698e+03 -1.160859999999986030e+03
4.322355942028985737e+03 3.551400000000139698e+02
4.338246956521738866e+03 -6.418599999999860302e+02
4.354137971014492905e+03 -2.898599999999860302e+02
4.370028985507246034e+03 -2.848599999999860302e+02
4.385920000000000073e+03 -1.147859999999986030e+03
4.401811014492753202e+03 -1.118859999999986030e+03
4.417702028985507241e+03 -4.348599999999860302e+02
4.433593043478260370e+03 2.381400000000139698e+02
4.449484057971014408e+03 -9.285999999998603016e+01
4.465375072463768447e+03 -5.688599999999860302e+02
4.481266086956521576e+03 -4.178599999999860302e+02
4.497157101449275615e+03 6.714000000001396984e+01
4.513048115942028744e+03 3.841400000000139698e+02
4.528939130434782783e+03 -4.185999999998603016e+01
4.544830144927535912e+03 2.014000000001396984e+01
4.560721159420289951e+03 1.701400000000139698e+02
4.576612173913043080e+03 -7.228599999999860302e+02
4.592503188405797118e+03 -4.028599999999860302e+02
4.608394202898550247e+03 -6.858599999999860302e+02
4.624285217391304286e+03 -5.708599999999860302e+02
4.640176231884058325e+03 1.743140000000013970e+03
4.656067246376811454e+03 2.941400000000139698e+02
4.671958260869565493e+03 1.147140000000013970e+03
4.687849275362318622e+03 2.071400000000139698e+02
4.703740289855072660e+03 2.311400000000139698e+02
4.719631304347825790e+03 -4.218599999999860302e+02
4.735522318840579828e+03 -1.758599999999860302e+02
4.751413333333332957e+03 1.651400000000139698e+02
4.767304347826086996e+03 3.721400000000139698e+02
4.783195362318840125e+03 4.891400000000139698e+02
4.799086376811594164e+03 3.371400000000139698e+02
4.814977391304348203e+03 3.261400000000139698e+02
4.830868405797101332e+03 -5.085999999998603016e+01
4.846759420289855370e+03 7.014000000001396984e+01
4.862650434782608500e+03 6.571400000000139698e+02
4.878541449275362538e+03 3.449140000000013970e+03
4.894432463768115667e+03 1.671400000000139698e+02
4.910323478260869706e+03 9.051400000000139698e+02
4.926214492753622835e+03 1.325140000000013970e+03
4.942105507246376874e+03 3.051400000000139698e+02
4.957996521739130003e+03 2.361400000000139698e+02
4.973887536231884042e+03 5.811400000000139698e+02
4.989778550724637171e+03 5.591400000000139698e+02
5.005669565217391209e+03 8.451400000000139698e+02
5.021560579710145248e+03 8.871400000000139698e+02
5.037451594202898377e+03 1.210140000000013970e+03
5.053342608695652416e+03 7.921400000000139698e+02
5.069233623188405545e+03 8.361400000000139698e+02
5.085124637681159584e+03 7.911400000000139698e+02
5.101015652173912713e+03 9.514000000001396984e+01
5.116906666666666752e+03 1.468140000000013970e+03
5.132797681159419881e+03 1.343140000000013970e+03
5.148688695652173919e+03 3.741400000000139698e+02
5.164579710144927049e+03 6.281400000000139698e+02
5.180470724637681087e+03 1.439140000000013970e+03
5.196361739130435126e+03 2.041400000000139698e+02
5.212252753623188255e+03 6.811400000000139698e+02
5.228143768115942294e+03 4.271400000000139698e+02
5.244034782608695423e+03 1.884140000000013970e+03
5.259925797101449461e+03 8.671400000000139698e+02
5.275816811594202591e+03 6.751400000000139698e+02
5.291707826086956629e+03 7.431400000000139698e+02
5.307598840579709758e+03 6.031400000000139698e+02
5.323489855072463797e+03 5.681400000000139698e+02
5.339380869565216926e+03 1.391140000000013970e+03
5.355271884057970965e+03 7.901400000000139698e+02
5.371162898550725004e+03 4.741400000000139698e+02
5.387053913043478133e+03 1.103140000000013970e+03
5.402944927536232171e+03 4.371400000000139698e+02
5.418835942028985301e+03 1.229140000000013970e+03
5.434726956521739339e+03 4.314000000001396984e+01
5.450617971014492468e+03 5.321400000000139698e+02
5.466508985507246507e+03 5.661400000000139698e+02
5.482399999999999636e+03 3.071400000000139698e+02
5.498291014492753675e+03 3.351400000000139698e+02
5.514182028985506804e+03 -1.458599999999860302e+02
5.530073043478260843e+03 8.571400000000139698e+02
5.545964057971013972e+03 7.414000000001396984e+01
5.561855072463768010e+03 3.971400000000139698e+02
5.577746086956522049e+03 4.901400000000139698e+02
5.593637101449275178e+03 7.901400000000139698e+02
5.609528115942029217e+03 3.140000000013969839e+00
5.625419130434782346e+03 -6.698599999999860302e+02
5.641310144927536385e+03 -7.485999999998603016e+01
5.657201159420289514e+03 1.440140000000013970e+03
5.673092173913043553e+03 8.081400000000139698e+02
5.688983188405796682e+03 1.630140000000013970e+03
5.704874202898550720e+03 2.091400000000139698e+02
5.720765217391303850e+03 1.062140000000013970e+03
5.736656231884057888e+03 2.731400000000139698e+02
5.752547246376811927e+03 5.714000000001396984e+01
5.768438260869565056e+03 1.921400000000139698e+02
5.784329275362319095e+03 -5.466859999999986030e+03
5.800220289855072224e+03 -1.169985999999998603e+04
5.816111304347826263e+03 -1.203985999999998603e+04
5.832002318840579392e+03 -1.204785999999998603e+04
5.847893333333333430e+03 -1.214685999999998603e+04
5.863784347826086560e+03 -1.183185999999998603e+04
5.879675362318840598e+03 -1.209685999999998603e+04
5.895566376811593727e+03 -1.193285999999998603e+04
5.911457391304347766e+03 -1.179085999999998603e+04
5.927348405797101805e+03 -1.181585999999998603e+04
5.943239420289854934e+03 -1.180785999999998603e+04
5.959130434782608972e+03 -1.189985999999998603e+04
5.975021449275362102e+03 -1.192385999999998603e+04
5.990912463768116140e+03 -1.187085999999998603e+04
6.006803478260869269e+03 -1.184085999999998603e+04
6.022694492753623308e+03 -1.186785999999998603e+04
6.038585507246376437e+03 -1.174985999999998603e+04
6.054476521739130476e+03 -1.189185999999998603e+04
6.070367536231883605e+03 -1.184285999999998603e+04
6.086258550724637644e+03 -1.201885999999998603e+04
6.102149565217390773e+03 -1.187185999999998603e+04
6.118040579710144812e+03 -1.197085999999998603e+04
6.133931594202898850e+03 -1.187685999999998603e+04
6.149822608695651979e+03 -1.190085999999998603e+04
