-2.078166064981949603e+03 -1.307640000000013970e+03
-2.064311624548736290e+03 -6.796640000000013970e+03
-2.050457184115523432e+03 -7.875640000000013970e+03
-2.036602743682310575e+03 -8.444640000000013970e+03
-2.022748303249097489e+03 -8.922640000000013970e+03
-2.008893862815884404e+03 -9.255640000000013970e+03
-1.995039422382671546e+03 -9.466640000000013970e+03
-1.981184981949458461e+03 -9.779640000000013970e+03
-1.967330541516245603e+03 -9.987640000000013970e+03
-1.953476101083032518e+03 -1.002064000000001397e+04
-1.939621660649819432e+03 -1.009664000000001397e+04
-1.925767220216606574e+03 -1.042864000000001397e+04
-1.911912779783393489e+03 -5.536640000000013970e+03
-1.898058339350180404e+03 3.693599999999860302e+02
-1.884203898916967546e+03 -5.506400000000139698e+02
-1.870349458483754461e+03 -5.216400000000139698e+02
-1.856495018050541603e+03 -5.996400000000139698e+02
-1.842640577617328518e+03 -1.936400000000139698e+02
-1.828786137184115432e+03 -7.386400000000139698e+02
-1.814931696750902574e+03 -9.566400000000139698e+02
-1.801077256317689489e+03 -1.077640000000013970e+03
-1.787222815884476631e+03 -7.516400000000139698e+02
-1.773368375451263546e+03 -1.111640000000013970e+03
-1.759513935018050461e+03 1.448359999999986030e+03
-1.745659494584837603e+03 -1.348640000000013970e+03
-1.731805054151624518e+03 -1.281640000000013970e+03
-1.717950613718411660e+03 -4.816400000000139698e+02
-1.704096173285198574e+03 -1.653640000000013970e+03
-1.690241732851985489e+03 -8.256400000000139698e+02
-1.676387292418772631e+03 -1.362640000000013970e+03
-1.662532851985559546e+03 -1.177640000000013970e+03
-1.648678411552346688e+03 -1.631640000000013970e+03
-1.634823971119133603e+03 -2.182640000000013970e+03
-1.620969530685920517e+03 -2.198640000000013970e+03
-1.607115090252707660e+03 -2.672640000000013970e+03
-1.593260649819494574e+03 -1.830640000000013970e+03
-1.579406209386281489e+03 -1.457640000000013970e+03
-1.565551768953068631e+03 -1.888640000000013970e+03
-1.551697328519855546e+03 -6.336400000000139698e+02
-1.537842888086642688e+03 -2.060640000000013970e+03
-1.523988447653429603e+03 -1.473640000000013970e+03
-1.510134007220216517e+03 -2.356640000000013970e+03
-1.496279566787003660e+03 -1.140640000000013970e+03
-1.482425126353790574e+03 -1.229640000000013970e+03
-1.468570685920577716e+03 -1.858640000000013970e+03
-1.454716245487364631e+03 -1.807640000000013970e+03
-1.440861805054151546e+03 -1.299640000000013970e+03
-1.427007364620938688e+03 -1.864000000001396984e+01
-1.413152924187725603e+03 -1.332640000000013970e+03
-1.399298483754512745e+03 -1.468640000000013970e+03
-1.385444043321299660e+03 -2.079640000000013970e+03
-1.371589602888086574e+03 -2.126640000000013970e+03
-1.357735162454873716e+03 -2.306640000000013970e+03
-1.343880722021660631e+03 -1.221640000000013970e+03
-1.330026281588447546e+03 -9.266400000000139698e+02
-1.316171841155234688e+03 -2.133640000000013970e+03
-1.302317400722021603e+03 -1.793640000000013970e+03
-1.288462960288808745e+03 -2.062640000000013970e+03
-1.274608519855595659e+03 -1.873640000000013970e+03
-1.260754079422382574e+03 -2.308640000000013970e+03
-1.246899638989169716e+03 -2.294640000000013970e+03
-1.233045198555956631e+03 -1.573640000000013970e+03
-1.219190758122743773e+03 -2.149640000000013970e+03
-1.205336317689530688e+03 -1.832640000000013970e+03
-1.191481877256317603e+03 -2.043640000000013970e+03
-1.177627436823104745e+03 -1.497640000000013970e+03
-1.163772996389891659e+03 -2.475640000000013970e+03
-1.149918555956678802e+03 -1.853640000000013970e+03
-1.136064115523465716e+03 -2.012640000000013970e+03
-1.122209675090252631e+03 -1.487640000000013970e+03
-1.108355234657039773e+03 -1.809640000000013970e+03
-1.094500794223826688e+03 -2.745640000000013970e+03
-1.080646353790613830e+03 -1.515640000000013970e+03
-1.066791913357400745e+03 -1.340640000000013970e+03
-1.052937472924187659e+03 -1.970640000000013970e+03
-1.039083032490974801e+03 -1.825640000000013970e+03
-1.025228592057761716e+03 -1.368640000000013970e+03
-1.011374151624548745e+03 -1.189640000000013970e+03
-9.975197111913357730e+02 -1.774640000000013970e+03
-9.836652707581228015e+02 -1.810640000000013970e+03
-9.698108303249097162e+02 -1.648640000000013970e+03
-9.559563898916967446e+02 -2.837640000000013970e+03
-9.421019494584837730e+02 -1.578640000000013970e+03
-9.282475090252708014e+02 -2.099640000000013970e+03
-9.143930685920577162e+02 -1.861640000000013970e+03
-9.005386281588447446e+02 -2.083640000000013970e+03
-8.866841877256317730e+02 -1.685640000000013970e+03
-8.728297472924188014e+02 -1.900640000000013970e+03
-8.589753068592058298e+02 -2.464000000001396984e+01
-8.451208664259927446e+02 -2.020640000000013970e+03
-8.312664259927797730e+02 -2.106640000000013970e+03
-8.174119855595668014e+02 -1.642640000000013970e+03
-8.035575451263538298e+02 -2.386640000000013970e+03
-7.897031046931407445e+02 -2.322640000000013970e+03
-7.758486642599277729e+02 -2.659640000000013970e+03
-7.619942238267148014e+02 -2.115640000000013970e+03
-7.481397833935018298e+02 -2.269640000000013970e+03
-7.342853429602888582e+02 -1.970640000000013970e+03
-7.204309025270757729e+02 -1.698640000000013970e+03
-7.065764620938628013e+02 -1.648640000000013970e+03
-6.927220216606498298e+02 -1.618640000000013970e+03
-6.788675812274368582e+02 -2.066640000000013970e+03
-6.650131407942237729e+02 -1.697640000000013970e+03
-6.511587003610108013e+02 -2.063640000000013970e+03
-6.373042599277978297e+02 -1.766640000000013970e+03
-6.234498194945848581e+02 -1.070640000000013970e+03
-6.095953790613718866e+02 -1.736640000000013970e+03
-5.957409386281588013e+02 -1.922640000000013970e+03
-5.818864981949458297e+02 -1.924640000000013970e+03
-5.680320577617328581e+02 -1.143640000000013970e+03
-5.541776173285198865e+02 -2.248640000000013970e+03
-5.403231768953069150e+02 -2.340640000000013970e+03
-5.264687364620938297e+02 -2.117640000000013970e+03
-5.126142960288808581e+02 -2.459640000000013970e+03
-4.987598555956678865e+02 -2.143640000000013970e+03
-4.849054151624548581e+02 -2.194640000000013970e+03
-4.710509747292418865e+02 -2.593640000000013970e+03
-4.571965342960288581e+02 -2.908640000000013970e+03
-4.433420938628158865e+02 -1.405640000000013970e+03
-4.294876534296029149e+02 -2.551640000000013970e+03
-4.156332129963898865e+02 -2.207640000000013970e+03
-4.017787725631769149e+02 -2.491640000000013970e+03
-3.879243321299638865e+02 -1.948640000000013970e+03
-3.740698916967509149e+02 -2.531640000000013970e+03
-3.602154512635378865e+02 -1.944640000000013970e+03
-3.463610108303249149e+02 -2.245640000000013970e+03
-3.325065703971118865e+02 -1.622640000000013970e+03
-3.186521299638989149e+02 -1.865640000000013970e+03
-3.047976895306859433e+02 -1.780640000000013970e+03
-2.909432490974729149e+02 -2.440640000000013970e+03
-2.770888086642599433e+02 -2.637640000000013970e+03
-2.632343682310469148e+02 -2.497640000000013970e+03
-2.493799277978339433e+02 -2.834640000000013970e+03
-2.355254873646209433e+02 -2.244640000000013970e+03
-2.216710469314079432e+02 -1.471640000000013970e+03
-2.078166064981949432e+02 -2.586640000000013970e+03
-1.939621660649819432e+02 -2.320640000000013970e+03
-1.801077256317689432e+02 -1.909640000000013970e+03
-1.662532851985559432e+02 -2.082640000000013970e+03
-1.523988447653429716e+02 -2.425640000000013970e+03
-1.385444043321299716e+02 -1.596640000000013970e+03
-1.246899638989169716e+02 -1.476640000000013970e+03
-1.108355234657039716e+02 -1.386640000000013970e+03
-9.698108303249097162e+01 -1.747640000000013970e+03
-8.312664259927797161e+01 -1.307640000000013970e+03
-6.927220216606498582e+01 1.187359999999986030e+03
-5.541776173285198581e+01 5.246359999999986030e+03
-4.156332129963898581e+01 1.507335999999998603e+04
-2.770888086642599291e+01 3.229335999999998603e+04
-1.385444043321299645e+01 6.333735999999998603e+04
0.000000000000000000e+00 1.090913599999999860e+05
1.385444043321299645e+01 1.697823599999999860e+05
2.770888086642599291e+01 2.590173599999999860e+05
4.156332129963898581e+01 3.774123599999999860e+05
5.541776173285198581e+01 5.206573599999999860e+05
6.927220216606498582e+01 6.910083599999999860e+05
8.312664259927797161e+01 8.844013599999999860e+05
9.698108303249097162e+01 1.093273359999999870e+06
1.108355234657039716e+02 1.308620359999999870e+06
1.246899638989169716e+02 1.538015359999999870e+06
1.385444043321299716e+02 1.768395359999999870e+06
1.523988447653429716e+02 1.991870359999999870e+06
1.662532851985559432e+02 2.232211359999999870e+06
1.801077256317689432e+02 2.475921359999999870e+06
1.939621660649819432e+02 2.708998359999999870e+06
2.078166064981949432e+02 2.930104359999999870e+06
2.216710469314079432e+02 3.133269359999999870e+06
2.355254873646209433e+02 3.314655359999999870e+06
2.493799277978339433e+02 3.495820359999999870e+06
2.632343682310469148e+02 3.644393359999999870e+06
2.770888086642599433e+02 3.752471359999999870e+06
2.909432490974729149e+02 3.868009359999999870e+06
3.047976895306859433e+02 3.965373359999999870e+06
3.186521299638989149e+02 4.039367359999999870e+06
3.325065703971118865e+02 4.105577359999999870e+06
3.463610108303249149e+02 4.156428359999999870e+06
3.602154512635378865e+02 4.153323359999999870e+06
3.740698916967509149e+02 4.163481359999999870e+06
3.879243321299638865e+02 4.174101359999999870e+06
4.017787725631769149e+02 4.186970359999999870e+06
4.156332129963898865e+02 4.194186359999999870e+06
4.294876534296029149e+02 4.188261359999999870e+06
4.433420938628158865e+02 4.175160359999999870e+06
4.571965342960288581e+02 4.174427359999999870e+06
4.710509747292418865e+02 4.155048359999999870e+06
4.849054151624548581e+02 4.156163359999999870e+06
4.987598555956678865e+02 4.148313359999999870e+06
5.126142960288808581e+02 4.138056359999999870e+06
5.264687364620938297e+02 4.149041359999999870e+06
5.403231768953069150e+02 4.151197359999999870e+06
5.541776173285198865e+02 4.148554359999999870e+06
5.680320577617328581e+02 4.146663359999999870e+06
5.818864981949458297e+02 4.153618359999999870e+06
5.957409386281588013e+02 4.143038359999999870e+06
6.095953790613718866e+02 4.136935359999999870e+06
6.234498194945848581e+02 4.131040359999999870e+06
6.373042599277978297e+02 4.103355359999999870e+06
6.511587003610108013e+02 4.076254359999999870e+06
6.650131407942237729e+02 4.039771359999999870e+06
6.788675812274368582e+02 3.965128359999999870e+06
6.927220216606498298e+02 3.875757359999999870e+06
7.065764620938628013e+02 3.781962359999999870e+06
7.204309025270757729e+02 3.662757359999999870e+06
7.342853429602888582e+02 3.500986359999999870e+06
7.481397833935018298e+02 3.321014359999999870e+06
7.619942238267148014e+02 3.117845359999999870e+06
7.758486642599277729e+02 2.870369359999999870e+06
7.897031046931407445e+02 2.622912359999999870e+06
8.035575451263538298e+02 2.332875359999999870e+06
8.174119855595668014e+02 2.040289359999999870e+06
8.312664259927797730e+02 1.778432359999999870e+06
8.451208664259927446e+02 1.537772359999999870e+06
8.589753068592058298e+02 1.300790359999999870e+06
8.728297472924188014e+02 1.082517359999999870e+06
8.866841877256317730e+02 8.897023599999999860e+05
9.005386281588447446e+02 7.133393599999999860e+05
9.143930685920577162e+02 5.630403599999999860e+05
9.282475090252708014e+02 4.288453599999999860e+05
9.421019494584837730e+02 3.135433599999999860e+05
9.559563898916967446e+02 2.260473599999999860e+05
9.698108303249097162e+02 1.584883599999999860e+05
9.836652707581228015e+02 1.086153599999999860e+05
9.975197111913357730e+02 7.630435999999998603e+04
1.011374151624548745e+03 5.688735999999998603e+04
1.025228592057761716e+03 4.451335999999998603e+04
1.039083032490974801e+03 3.855635999999998603e+04
1.052937472924187659e+03 3.697035999999998603e+04
1.066791913357400745e+03 3.451135999999998603e+04
1.080646353790613830e+03 3.396035999999998603e+04
1.094500794223826688e+03 3.295335999999998603e+04
1.108355234657039773e+03 3.142535999999998603e+04
1.122209675090252631e+03 2.986435999999998603e+04
1.136064115523465716e+03 2.925335999999998603e+04
1.149918555956678802e+03 2.842135999999998603e+04
1.163772996389891659e+03 2.740335999999998603e+04
1.177627436823104745e+03 2.917835999999998603e+04
1.191481877256317603e+03 2.788435999999998603e+04
1.205336317689530688e+03 2.733935999999998603e+04
1.219190758122743773e+03 2.727835999999998603e+04
1.233045198555956631e+03 2.429235999999998603e+04
1.246899638989169716e+03 2.274535999999998603e+04
1.260754079422382574e+03 2.223435999999998603e+04
1.274608519855595659e+03 1.938435999999998603e+04
1.288462960288808745e+03 1.670435999999998603e+04
1.302317400722021603e+03 1.518235999999998603e+04
1.316171841155234688e+03 1.418035999999998603e+04
1.330026281588447546e+03 1.310435999999998603e+04
1.343880722021660631e+03 1.149835999999998603e+04
1.357735162454873716e+03 1.167535999999998603e+04
1.371589602888086574e+03 9.613359999999986030e+03
1.385444043321299660e+03 9.906359999999986030e+03
1.399298483754512745e+03 1.003535999999998603e+04
1.413152924187725603e+03 8.697359999999986030e+03
1.427007364620938688e+03 7.676359999999986030e+03
1.440861805054151546e+03 5.932359999999986030e+03
1.454716245487364631e+03 5.594359999999986030e+03
1.468570685920577716e+03 5.830359999999986030e+03
1.482425126353790574e+03 3.346359999999986030e+03
1.496279566787003660e+03 2.948359999999986030e+03
1.510134007220216517e+03 2.225359999999986030e+03
1.523988447653429603e+03 2.309359999999986030e+03
1.537842888086642688e+03 2.917359999999986030e+03
1.551697328519855546e+03 1.726359999999986030e+03
1.565551768953068631e+03 1.736359999999986030e+03
1.579406209386281489e+03 1.024359999999986030e+03
1.593260649819494574e+03 1.332359999999986030e+03
1.607115090252707660e+03 3.683599999999860302e+02
1.620969530685920517e+03 4.693599999999860302e+02
1.634823971119133603e+03 -8.864000000001396984e+01
1.648678411552346688e+03 -3.176400000000139698e+02
1.662532851985559546e+03 6.535999999998603016e+01
1.676387292418772631e+03 -7.306400000000139698e+02
1.690241732851985489e+03 -7.166400000000139698e+02
1.704096173285198574e+03 -1.171640000000013970e+03
1.717950613718411660e+03 -1.354640000000013970e+03
1.731805054151624518e+03 -5.966400000000139698e+02
1.745659494584837603e+03 -1.061640000000013970e+03
1.759513935018050461e+03 -1.611640000000013970e+03
1.773368375451263546e+03 -9.276400000000139698e+02
1.787222815884476631e+03 -1.002640000000013970e+03
1.801077256317689489e+03 -1.652640000000013970e+03
1.814931696750902574e+03 -7.196400000000139698e+02
1.828786137184115432e+03 -1.759640000000013970e+03
1.842640577617328518e+03 -1.765640000000013970e+03
1.856495018050541603e+03 -1.300640000000013970e+03
1.870349458483754461e+03 -9.706400000000139698e+02
1.884203898916967546e+03 6.440359999999986030e+03
1.898058339350180404e+03 4.362359999999986030e+03
1.911912779783393489e+03 -1.697640000000013970e+03
1.925767220216606574e+03 -1.567640000000013970e+03
1.939621660649819432e+03 -8.016400000000139698e+02
1.953476101083032518e+03 -1.207640000000013970e+03
1.967330541516245603e+03 -6.686400000000139698e+02
1.981184981949458461e+03 -7.016400000000139698e+02
1.995039422382671546e+03 -1.602640000000013970e+03
2.008893862815884404e+03 -1.469640000000013970e+03
2.022748303249097489e+03 -8.446400000000139698e+02
2.036602743682310575e+03 -1.224640000000013970e+03
2.050457184115523432e+03 -2.041640000000013970e+03
2.064311624548736290e+03 -2.171640000000013970e+03
2.078166064981949603e+03 -2.380640000000013970e+03
2.092020505415162461e+03 -1.624640000000013970e+03
2.105874945848375319e+03 -2.297640000000013970e+03
2.119729386281588631e+03 -1.537640000000013970e+03
2.133583826714801489e+03 -1.951640000000013970e+03
2.147438267148014347e+03 -2.374640000000013970e+03
2.161292707581227660e+03 -8.766400000000139698e+02
2.175147148014440518e+03 -1.514640000000013970e+03
2.189001588447653376e+03 -2.614640000000013970e+03
2.202856028880866234e+03 -1.562640000000013970e+03
2.216710469314079546e+03 -1.309640000000013970e+03
2.230564909747292404e+03 -1.155640000000013970e+03
2.244419350180505262e+03 -1.788640000000013970e+03
2.258273790613718575e+03 -1.935640000000013970e+03
2.272128231046931433e+03 -1.251640000000013970e+03
2.285982671480144290e+03 -1.703640000000013970e+03
2.299837111913357603e+03 -1.452640000000013970e+03
2.313691552346570461e+03 -1.667640000000013970e+03
2.327545992779783319e+03 -2.406640000000013970e+03
2.341400433212996177e+03 -2.403640000000013970e+03
2.355254873646209489e+03 -1.993640000000013970e+03
2.369109314079422347e+03 -2.801640000000013970e+03
2.382963754512635205e+03 -2.323640000000013970e+03
2.396818194945848518e+03 -1.854640000000013970e+03
2.410672635379061376e+03 -2.151640000000013970e+03
2.424527075812274234e+03 -2.461640000000013970e+03
2.438381516245487546e+03 -1.883640000000013970e+03
2.452235956678700404e+03 -2.258640000000013970e+03
2.466090397111913262e+03 -2.233640000000013970e+03
2.479944837545126575e+03 -2.286640000000013970e+03
2.493799277978339433e+03 -2.148640000000013970e+03
2.507653718411552290e+03 -2.024640000000013970e+03
2.521508158844765148e+03 -2.221640000000013970e+03
2.535362599277978461e+03 -9.556400000000139698e+02
2.549217039711191319e+03 -2.581640000000013970e+03
2.563071480144404177e+03 -1.646640000000013970e+03
2.576925920577617489e+03 4.754359999999986030e+03
2.590780361010830347e+03 -1.098640000000013970e+03
2.604634801444043205e+03 -6.056400000000139698e+02
2.618489241877256518e+03 -7.776400000000139698e+02
2.632343682310469376e+03 -2.294640000000013970e+03
2.646198122743682234e+03 -1.871640000000013970e+03
2.660052563176895092e+03 -1.862640000000013970e+03
2.673907003610108404e+03 -1.595640000000013970e+03
2.687761444043321262e+03 -1.696640000000013970e+03
2.701615884476534120e+03 -2.539640000000013970e+03
2.715470324909747433e+03 -1.362640000000013970e+03
2.729324765342960291e+03 -2.247640000000013970e+03
2.743179205776173148e+03 -2.165640000000013970e+03
2.757033646209386461e+03 -1.940640000000013970e+03
2.770888086642599319e+03 -2.584640000000013970e+03
2.784742527075812177e+03 -1.852640000000013970e+03
2.798596967509025490e+03 -1.746640000000013970e+03
2.812451407942238347e+03 -2.150640000000013970e+03
2.826305848375451205e+03 -1.650640000000013970e+03
2.840160288808664063e+03 -2.529640000000013970e+03
2.854014729241877376e+03 -2.258640000000013970e+03
2.867869169675090234e+03 -1.668640000000013970e+03
2.881723610108303092e+03 -1.902640000000013970e+03
2.895578050541516404e+03 -2.996640000000013970e+03
2.909432490974729262e+03 -2.792640000000013970e+03
2.923286931407942120e+03 -2.365640000000013970e+03
2.937141371841155433e+03 -1.643640000000013970e+03
2.950995812274368291e+03 -1.840640000000013970e+03
2.964850252707581149e+03 -1.883640000000013970e+03
2.978704693140794461e+03 -2.469640000000013970e+03
2.992559133574007319e+03 -2.699640000000013970e+03
3.006413574007220177e+03 -2.511640000000013970e+03
3.020268014440433035e+03 -1.507640000000013970e+03
3.034122454873646348e+03 -1.398640000000013970e+03
3.047976895306859205e+03 -2.307640000000013970e+03
3.061831335740072063e+03 -2.430640000000013970e+03
3.075685776173285376e+03 -2.432640000000013970e+03
3.089540216606498234e+03 -2.779640000000013970e+03
3.103394657039711092e+03 -1.771640000000013970e+03
3.117249097472924404e+03 -1.352640000000013970e+03
3.131103537906137262e+03 -2.614640000000013970e+03
3.144957978339350120e+03 -2.510640000000013970e+03
3.158812418772562978e+03 -1.677640000000013970e+03
3.172666859205776291e+03 -3.996400000000139698e+02
3.186521299638989149e+03 -1.941640000000013970e+03
3.200375740072202007e+03 -2.625640000000013970e+03
3.214230180505415319e+03 -1.994640000000013970e+03
3.228084620938628177e+03 -2.012640000000013970e+03
3.241939061371841035e+03 -1.466640000000013970e+03
3.255793501805054348e+03 -1.189640000000013970e+03
3.269647942238267206e+03 -1.651640000000013970e+03
3.283502382671480063e+03 -1.656640000000013970e+03
3.297356823104693376e+03 -1.520640000000013970e+03
3.311211263537906234e+03 -1.489640000000013970e+03
3.325065703971119092e+03 -1.236640000000013970e+03
3.338920144404331950e+03 -1.592640000000013970e+03
3.352774584837545262e+03 -1.841640000000013970e+03
3.366629025270758120e+03 -4.976400000000139698e+02
3.380483465703970978e+03 -1.280640000000013970e+03
3.394337906137184291e+03 -1.850640000000013970e+03
3.408192346570397149e+03 -1.383640000000013970e+03
3.422046787003610007e+03 -1.163640000000013970e+03
3.435901227436823319e+03 -1.395640000000013970e+03
3.449755667870036177e+03 -1.557640000000013970e+03
3.463610108303249035e+03 -1.005640000000013970e+03
3.477464548736461893e+03 -1.940640000000013970e+03
3.491318989169675206e+03 -1.433640000000013970e+03
3.505173429602888064e+03 -1.538640000000013970e+03
3.519027870036100921e+03 -1.338640000000013970e+03
3.532882310469314234e+03 -1.222640000000013970e+03
3.546736750902527092e+03 -1.369640000000013970e+03
3.560591191335739950e+03 -8.366400000000139698e+02
3.574445631768953263e+03 -2.038640000000013970e+03
3.588300072202166120e+03 -9.356400000000139698e+02
3.602154512635378978e+03 -7.046400000000139698e+02
3.616008953068592291e+03 -1.846640000000013970e+03
3.629863393501805149e+03 -1.500640000000013970e+03
3.643717833935018007e+03 -1.562640000000013970e+03
3.657572274368230865e+03 -1.491640000000013970e+03
3.671426714801444177e+03 -2.364000000001396984e+01
3.685281155234657035e+03 -3.164000000001396984e+01
3.699135595667869893e+03 -1.068640000000013970e+03
3.712990036101083206e+03 -2.336400000000139698e+02
3.726844476534296064e+03 -5.676400000000139698e+02
3.740698916967508922e+03 -1.329640000000013970e+03
3.754553357400722234e+03 -1.155640000000013970e+03
3.768407797833935092e+03 -8.640000000013969839e+00
3.782262238267147950e+03 -4.864000000001396984e+01
3.796116678700360808e+03 -2.956400000000139698e+02
3.809971119133574120e+03 -5.456400000000139698e+02
3.823825559566786978e+03 -1.027640000000013970e+03
3.837679999999999836e+03 -1.316400000000139698e+02
3.851534440433213149e+03 -1.230640000000013970e+03
3.865388880866426007e+03 -3.696400000000139698e+02
3.879243321299638865e+03 -6.046400000000139698e+02
3.893097761732852177e+03 -8.946400000000139698e+02
3.906952202166065035e+03 1.118359999999986030e+03
3.920806642599277893e+03 -5.236400000000139698e+02
3.934661083032491206e+03 -8.206400000000139698e+02
3.948515523465704064e+03 -4.466400000000139698e+02
3.962369963898916922e+03 -5.456400000000139698e+02
3.976224404332129780e+03 -7.086400000000139698e+02
3.990078844765343092e+03 -5.156400000000139698e+02
4.003933285198555950e+03 -2.364000000001396984e+01
4.017787725631768808e+03 -1.616400000000139698e+02
4.031642166064982121e+03 -7.406400000000139698e+02
4.045496606498194978e+03 -2.806400000000139698e+02
4.059351046931407836e+03 -5.486400000000139698e+02
4.073205487364621149e+03 -3.664000000001396984e+01
4.087059927797834007e+03 -6.206400000000139698e+02
4.100914368231046865e+03 -2.406400000000139698e+02
4.114768808664260177e+03 -8.064000000001396984e+01
4.128623249097472581e+03 -4.466400000000139698e+02
4.142477689530685893e+03 9.935999999998603016e+01
4.156332129963899206e+03 4.673599999999860302e+02
4.170186570397111609e+03 3.753599999999860302e+02
4.184041010830324922e+03 1.935359999999986030e+03
4.197895451263538234e+03 4.993599999999860302e+02
4.211749891696750637e+03 5.743599999999860302e+02
4.225604332129963950e+03 2.613599999999860302e+02
4.239458772563177263e+03 5.973599999999860302e+02
4.253313212996389666e+03 5.743599999999860302e+02
4.267167653429602979e+03 3.203599999999860302e+02
4.281022093862816291e+03 -1.996400000000139698e+02
4.294876534296028694e+03 1.073599999999860302e+02
4.308730974729242007e+03 -3.516400000000139698e+02
4.322585415162455320e+03 2.893599999999860302e+02
4.336439855595667723e+03 4.063599999999860302e+02
4.350294296028881035e+03 5.735999999998603016e+01
4.364148736462093439e+03 3.853599999999860302e+02
4.378003176895306751e+03 1.019359999999986030e+03
4.391857617328520064e+03 3.876359999999986030e+03
4.405712057761732467e+03 2.053599999999860302e+02
4.419566498194945780e+03 1.933599999999860302e+02
4.433420938628159092e+03 8.443599999999860302e+02
4.447275379061371495e+03 -7.264000000001396984e+01
4.461129819494584808e+03 -3.056400000000139698e+02
4.474984259927798121e+03 5.393599999999860302e+02
4.488838700361010524e+03 6.223599999999860302e+02
4.502693140794223837e+03 1.076359999999986030e+03
4.516547581227437149e+03 5.853599999999860302e+02
4.530402021660649552e+03 1.079359999999986030e+03
4.544256462093862865e+03 4.023599999999860302e+02
4.558110902527076178e+03 6.743599999999860302e+02
4.571965342960288581e+03 7.813599999999860302e+02
4.585819783393501893e+03 3.283599999999860302e+02
4.599674223826715206e+03 1.489359999999986030e+03
4.613528664259927609e+03 1.884359999999986030e+03
4.627383104693140922e+03 1.118359999999986030e+03
4.641237545126354235e+03 1.349359999999986030e+03
4.655091985559566638e+03 1.689359999999986030e+03
4.668946425992779950e+03 8.683599999999860302e+02
4.682800866425992353e+03 9.143599999999860302e+02
4.696655306859205666e+03 2.933599999999860302e+02
4.710509747292418979e+03 2.195359999999986030e+03
4.724364187725631382e+03 2.793599999999860302e+02
4.738218628158844695e+03 3.093599999999860302e+02
4.752073068592058007e+03 8.053599999999860302e+02
4.765927509025270410e+03 1.283359999999986030e+03
4.779781949458483723e+03 4.263599999999860302e+02
4.793636389891697036e+03 1.236359999999986030e+03
4.807490830324909439e+03 6.583599999999860302e+02
4.821345270758122751e+03 1.833599999999860302e+02
4.835199711191336064e+03 7.243599999999860302e+02
4.849054151624548467e+03 7.583599999999860302e+02
4.862908592057761780e+03 1.340359999999986030e+03
4.876763032490975093e+03 -6.064000000001396984e+01
4.890617472924187496e+03 3.933599999999860302e+02
4.904471913357400808e+03 4.673599999999860302e+02
4.918326353790614121e+03 1.000359999999986030e+03
4.932180794223826524e+03 7.373599999999860302e+02
4.946035234657039837e+03 -8.640000000013969839e+00
4.959889675090253149e+03 9.723599999999860302e+02
4.973744115523465553e+03 8.863599999999860302e+02
4.987598555956678865e+03 1.923359999999986030e+03
5.001452996389891268e+03 1.461359999999986030e+03
5.015307436823104581e+03 8.473599999999860302e+02
5.029161877256317894e+03 6.683599999999860302e+02
5.043016317689530297e+03 1.343599999999860302e+02
5.056870758122743609e+03 5.653599999999860302e+02
5.070725198555956922e+03 9.373599999999860302e+02
5.084579638989169325e+03 6.333599999999860302e+02
5.098434079422382638e+03 1.954359999999986030e+03
5.112288519855595951e+03 1.397359999999986030e+03
5.126142960288808354e+03 1.428359999999986030e+03
5.139997400722021666e+03 9.663599999999860302e+02
5.153851841155234979e+03 -4.640000000013969839e+00
5.167706281588447382e+03 -1.466400000000139698e+02
5.181560722021660695e+03 -5.240640000000013970e+03
5.195415162454874007e+03 -1.216364000000001397e+04
5.209269602888086411e+03 -1.208664000000001397e+04
5.223124043321299723e+03 -1.227564000000001397e+04
5.236978483754513036e+03 -1.204764000000001397e+04
5.250832924187725439e+03 -1.223864000000001397e+04
5.264687364620938752e+03 -1.217164000000001397e+04
5.278541805054152064e+03 -1.200164000000001397e+04
5.292396245487364467e+03 -1.224564000000001397e+04
5.306250685920577780e+03 -1.213164000000001397e+04
5.320105126353790183e+03 -1.237664000000001397e+04
5.333959566787003496e+03 -1.219764000000001397e+04
5.347814007220216808e+03 -1.219964000000001397e+04
5.361668447653429212e+03 -1.229964000000001397e+04
5.375522888086642524e+03 -1.204064000000001397e+04
5.389377328519855837e+03 -1.214364000000001397e+04
5.403231768953068240e+03 -1.218164000000001397e+04
5.417086209386281553e+03 -1.225164000000001397e+04
5.430940649819494865e+03 -1.205864000000001397e+04
5.444795090252707269e+03 -1.212564000000001397e+04
5.458649530685920581e+03 -1.206864000000001397e+04
5.472503971119133894e+03 -1.217264000000001397e+04
5.486358411552346297e+03 -1.194964000000001397e+04
5.500212851985559610e+03 -1.213764000000001397e+04
