-2.008248315412186457e+03 -2.594320000000006985e+03
-1.994493189964157864e+03 -8.249320000000006985e+03
-1.980738064516129270e+03 -9.545320000000006985e+03
-1.966982939068100450e+03 -1.015732000000000698e+04
-1.953227813620071856e+03 -1.056532000000000698e+04
-1.939472688172043263e+03 -1.099732000000000698e+04
-1.925717562724014442e+03 -1.104732000000000698e+04
-1.911962437275985849e+03 -1.142332000000000698e+04
-1.898207311827957255e+03 -1.151732000000000698e+04
-1.884452186379928435e+03 -1.194832000000000698e+04
-1.870697060931899841e+03 -1.197932000000000698e+04
-1.856941935483871248e+03 -1.208732000000000698e+04
-1.843186810035842427e+03 -6.774320000000006985e+03
-1.829431684587813834e+03 -1.307320000000006985e+03
-1.815676559139785013e+03 -1.762320000000006985e+03
-1.801921433691756420e+03 -1.213320000000006985e+03
-1.788166308243727826e+03 -2.223320000000006985e+03
-1.774411182795699006e+03 -1.605320000000006985e+03
-1.760656057347670412e+03 -2.010320000000006985e+03
-1.746900931899641819e+03 -2.272320000000006985e+03
-1.733145806451612998e+03 -2.421320000000006985e+03
-1.719390681003584405e+03 -2.447320000000006985e+03
-1.705635555555555811e+03 -2.078320000000006985e+03
-1.691880430107526990e+03 4.866799999999930151e+02
-1.678125304659498397e+03 -2.996320000000006985e+03
-1.664370179211469576e+03 -2.613320000000006985e+03
-1.650615053763440983e+03 -1.970320000000006985e+03
-1.636859928315412390e+03 -3.154320000000006985e+03
-1.623104802867383569e+03 -2.004320000000006985e+03
-1.609349677419354975e+03 -2.909320000000006985e+03
-1.595594551971326382e+03 -2.656320000000006985e+03
-1.581839426523297561e+03 -2.884320000000006985e+03
-1.568084301075268968e+03 -3.169320000000006985e+03
-1.554329175627240375e+03 -3.041320000000006985e+03
-1.540574050179211554e+03 -3.456320000000006985e+03
-1.526818924731182960e+03 -2.685320000000006985e+03
-1.513063799283154367e+03 -2.197320000000006985e+03
-1.499308673835125546e+03 -2.298320000000006985e+03
-1.485553548387096953e+03 -1.976320000000006985e+03
-1.471798422939068132e+03 -3.283320000000006985e+03
-1.458043297491039539e+03 -2.567320000000006985e+03
-1.444288172043010945e+03 -2.859320000000006985e+03
-1.430533046594982125e+03 -2.076320000000006985e+03
-1.416777921146953531e+03 -2.381320000000006985e+03
-1.403022795698924938e+03 -2.058320000000006985e+03
-1.389267670250896117e+03 -2.103320000000006985e+03
-1.375512544802867524e+03 -2.414320000000006985e+03
-1.361757419354838930e+03 -1.507320000000006985e+03
-1.348002293906810110e+03 -2.917320000000006985e+03
-1.334247168458781516e+03 -2.953320000000006985e+03
-1.320492043010752695e+03 -3.543320000000006985e+03
-1.306736917562724102e+03 -3.550320000000006985e+03
-1.292981792114695509e+03 -3.121320000000006985e+03
-1.279226666666666688e+03 -1.995320000000006985e+03
-1.265471541218638095e+03 -2.048320000000006985e+03
-1.251716415770609501e+03 -3.000320000000006985e+03
-1.237961290322580680e+03 -2.643320000000006985e+03
-1.224206164874552087e+03 -2.762320000000006985e+03
-1.210451039426523494e+03 -2.955320000000006985e+03
-1.196695913978494673e+03 -3.519320000000006985e+03
-1.182940788530466079e+03 -3.808320000000006985e+03
-1.169185663082437486e+03 -2.704320000000006985e+03
-1.155430537634408665e+03 -2.731320000000006985e+03
-1.141675412186380072e+03 -2.817320000000006985e+03
-1.127920286738351251e+03 -2.930320000000006985e+03
-1.114165161290322658e+03 -2.335320000000006985e+03
-1.100410035842294064e+03 -3.487320000000006985e+03
-1.086654910394265244e+03 -2.597320000000006985e+03
-1.072899784946236650e+03 -3.128320000000006985e+03
-1.059144659498208057e+03 -2.485320000000006985e+03
-1.045389534050179236e+03 -3.236320000000006985e+03
-1.031634408602150643e+03 -3.530320000000006985e+03
-1.017879283154121936e+03 -2.606320000000006985e+03
-1.004124157706093229e+03 -2.201320000000006985e+03
-9.903690322580646352e+02 -2.324320000000006985e+03
-9.766139068100359282e+02 -3.111320000000006985e+03
-9.628587813620072211e+02 -2.855320000000006985e+03
-9.491036559139786277e+02 -2.691320000000006985e+03
-9.353485304659499207e+02 -2.795320000000006985e+03
-9.215934050179212136e+02 -2.950320000000006985e+03
-9.078382795698925065e+02 -3.006320000000006985e+03
-8.940831541218639131e+02 -3.757320000000006985e+03
-8.803280286738352061e+02 -2.990320000000006985e+03
-8.665729032258064990e+02 -2.588320000000006985e+03
-8.528177777777779056e+02 -2.386320000000006985e+03
-8.390626523297491985e+02 -3.077320000000006985e+03
-8.253075268817204915e+02 -3.207320000000006985e+03
-8.115524014336917844e+02 -3.202320000000006985e+03
-7.977972759856631910e+02 -2.827320000000006985e+03
-7.840421505376344840e+02 -2.955320000000006985e+03
-7.702870250896057769e+02 -3.189320000000006985e+03
-7.565318996415771835e+02 -2.897320000000006985e+03
-7.427767741935484764e+02 -2.683320000000006985e+03
-7.290216487455197694e+02 -2.908320000000006985e+03
-7.152665232974910623e+02 -3.255320000000006985e+03
-7.015113978494624689e+02 -3.067320000000006985e+03
-6.877562724014337618e+02 -2.990320000000006985e+03
-6.740011469534050548e+02 -2.871320000000006985e+03
-6.602460215053763477e+02 -2.464320000000006985e+03
-6.464908960573477543e+02 -2.659320000000006985e+03
-6.327357706093190473e+02 -2.605320000000006985e+03
-6.189806451612903402e+02 -3.540320000000006985e+03
-6.052255197132617468e+02 -2.292320000000006985e+03
-5.914703942652330397e+02 -2.666320000000006985e+03
-5.777152688172043327e+02 -2.731320000000006985e+03
-5.639601433691756256e+02 -2.397320000000006985e+03
-5.502050179211470322e+02 -2.884320000000006985e+03
-5.364498924731183251e+02 -2.498320000000006985e+03
-5.226947670250896181e+02 -2.727320000000006985e+03
-5.089396415770609678e+02 -2.064320000000006985e+03
-4.951845161290323176e+02 -3.082320000000006985e+03
-4.814293906810036106e+02 -3.224320000000006985e+03
-4.676742652329749603e+02 -3.486320000000006985e+03
-4.539191397849462533e+02 -4.241320000000006985e+03
-4.401640143369176030e+02 -3.298320000000006985e+03
-4.264088888888889528e+02 -3.553320000000006985e+03
-4.126537634408602457e+02 -4.144320000000006985e+03
-3.988986379928315955e+02 -4.307320000000006985e+03
-3.851435125448028884e+02 -2.333320000000006985e+03
-3.713883870967742382e+02 -3.573320000000006985e+03
-3.576332616487455311e+02 -3.147320000000006985e+03
-3.438781362007168809e+02 -3.814320000000006985e+03
-3.301230107526881739e+02 -3.337320000000006985e+03
-3.163678853046595236e+02 -3.091320000000006985e+03
-3.026127598566308734e+02 -3.063320000000006985e+03
-2.888576344086021663e+02 -3.154320000000006985e+03
-2.751025089605735161e+02 -3.643320000000006985e+03
-2.613473835125448090e+02 -3.247320000000006985e+03
-2.475922580645161588e+02 -3.377320000000006985e+03
-2.338371326164874802e+02 -2.971320000000006985e+03
-2.200820071684588015e+02 -3.607320000000006985e+03
-2.063268817204301229e+02 -3.323320000000006985e+03
-1.925717562724014442e+02 -3.589320000000006985e+03
-1.788166308243727656e+02 -3.445320000000006985e+03
-1.650615053763440869e+02 -2.921320000000006985e+03
-1.513063799283154367e+02 -2.736320000000006985e+03
-1.375512544802867581e+02 -2.837320000000006985e+03
-1.237961290322580794e+02 -2.372320000000006985e+03
-1.100410035842294008e+02 -2.328320000000006985e+03
-9.628587813620072211e+01 -2.163320000000006985e+03
-8.253075268817204346e+01 -8.493200000000069849e+02
-6.877562724014337903e+01 2.413679999999993015e+03
-5.502050179211470038e+01 6.965679999999993015e+03
-4.126537634408602173e+01 1.769967999999999302e+04
-2.751025089605735019e+01 3.840867999999999302e+04
-1.375512544802867509e+01 7.536167999999999302e+04
0.000000000000000000e+00 1.313666799999999930e+05
1.375512544802867509e+01 2.129886799999999930e+05
2.751025089605735019e+01 3.236466799999999930e+05
4.126537634408602173e+01 4.611086799999999930e+05
5.502050179211470038e+01 6.211966799999999348e+05
6.877562724014337903e+01 8.053736799999999348e+05
8.253075268817204346e+01 1.012138679999999935e+06
9.628587813620072211e+01 1.249304679999999935e+06
1.100410035842294008e+02 1.482616679999999935e+06
1.237961290322580794e+02 1.715891679999999935e+06
1.375512544802867581e+02 1.963129679999999935e+06
1.513063799283154367e+02 2.227313680000000168e+06
1.650615053763440869e+02 2.476981680000000168e+06
1.788166308243727656e+02 2.708577680000000168e+06
1.925717562724014442e+02 2.928279680000000168e+06
2.063268817204301229e+02 3.145573680000000168e+06
2.200820071684588015e+02 3.352035680000000168e+06
2.338371326164874802e+02 3.524708680000000168e+06
2.475922580645161588e+02 3.670557680000000168e+06
2.613473835125448090e+02 3.811935680000000168e+06
2.751025089605735161e+02 3.921663680000000168e+06
2.888576344086021663e+02 4.011320680000000168e+06
3.026127598566308734e+02 4.083125680000000168e+06
3.163678853046595236e+02 4.124427680000000168e+06
3.301230107526881739e+02 4.150247680000000168e+06
3.438781362007168809e+02 4.168063680000000168e+06
3.576332616487455311e+02 4.178262680000000168e+06
3.713883870967742382e+02 4.151072680000000168e+06
3.851435125448028884e+02 4.140275680000000168e+06
3.988986379928315955e+02 4.146849680000000168e+06
4.126537634408602457e+02 4.090739680000000168e+06
4.264088888888889528e+02 4.036230680000000168e+06
4.401640143369176030e+02 3.996564680000000168e+06
4.539191397849462533e+02 3.957709680000000168e+06
4.676742652329749603e+02 3.916067680000000168e+06
4.814293906810036106e+02 3.855419680000000168e+06
4.951845161290323176e+02 3.820455680000000168e+06
5.089396415770609678e+02 3.795390680000000168e+06
5.226947670250896181e+02 3.740648680000000168e+06
5.364498924731183251e+02 3.675616680000000168e+06
5.502050179211470322e+02 3.654344680000000168e+06
5.639601433691756256e+02 3.638093680000000168e+06
5.777152688172043327e+02 3.593840680000000168e+06
5.914703942652330397e+02 3.547590680000000168e+06
6.052255197132617468e+02 3.508784680000000168e+06
6.189806451612903402e+02 3.469770680000000168e+06
6.327357706093190473e+02 3.446049680000000168e+06
6.464908960573477543e+02 3.400073680000000168e+06
6.602460215053763477e+02 3.380748680000000168e+06
6.740011469534050548e+02 3.357321680000000168e+06
6.877562724014337618e+02 3.323516680000000168e+06
7.015113978494624689e+02 3.292214680000000168e+06
7.152665232974910623e+02 3.252321680000000168e+06
7.290216487455197694e+02 3.230193680000000168e+06
7.427767741935484764e+02 3.213507680000000168e+06
7.565318996415771835e+02 3.212617680000000168e+06
7.702870250896057769e+02 3.198571680000000168e+06
7.840421505376344840e+02 3.189605680000000168e+06
7.977972759856631910e+02 3.190786680000000168e+06
8.115524014336917844e+02 3.179072680000000168e+06
8.253075268817204915e+02 3.146317680000000168e+06
8.390626523297491985e+02 3.134732680000000168e+06
8.528177777777779056e+02 3.131558680000000168e+06
8.665729032258064990e+02 3.092947680000000168e+06
8.803280286738352061e+02 3.056125680000000168e+06
8.940831541218639131e+02 3.006024680000000168e+06
9.078382795698925065e+02 2.944783680000000168e+06
9.215934050179212136e+02 2.896572680000000168e+06
9.353485304659499207e+02 2.855673680000000168e+06
9.491036559139786277e+02 2.819794680000000168e+06
9.628587813620072211e+02 2.796274680000000168e+06
9.766139068100359282e+02 2.768905680000000168e+06
9.903690322580646352e+02 2.735571680000000168e+06
1.004124157706093229e+03 2.693695680000000168e+06
1.017879283154121936e+03 2.680034680000000168e+06
1.031634408602150643e+03 2.660699680000000168e+06
1.045389534050179236e+03 2.686470680000000168e+06
1.059144659498208057e+03 2.718221680000000168e+06
1.072899784946236650e+03 2.727196680000000168e+06
1.086654910394265244e+03 2.760414680000000168e+06
1.100410035842294064e+03 2.815200680000000168e+06
1.114165161290322658e+03 2.885334680000000168e+06
1.127920286738351251e+03 2.972596680000000168e+06
1.141675412186380072e+03 3.052629680000000168e+06
1.155430537634408665e+03 3.162671680000000168e+06
1.169185663082437486e+03 3.279572680000000168e+06
1.182940788530466079e+03 3.389622680000000168e+06
1.196695913978494673e+03 3.495590680000000168e+06
1.210451039426523494e+03 3.619363680000000168e+06
1.224206164874552087e+03 3.747937680000000168e+06
1.237961290322580680e+03 3.883915680000000168e+06
1.251716415770609501e+03 4.025088680000000168e+06
1.265471541218638095e+03 4.152061680000000168e+06
1.279226666666666688e+03 4.273122679999999702e+06
1.292981792114695509e+03 4.400860679999999702e+06
1.306736917562724102e+03 4.527409679999999702e+06
1.320492043010752695e+03 4.636399679999999702e+06
1.334247168458781516e+03 4.745684679999999702e+06
1.348002293906810110e+03 4.831806679999999702e+06
1.361757419354838930e+03 4.895200679999999702e+06
1.375512544802867524e+03 4.966062679999999702e+06
1.389267670250896117e+03 5.050565679999999702e+06
1.403022795698924938e+03 5.126361679999999702e+06
1.416777921146953531e+03 5.201846679999999702e+06
1.430533046594982125e+03 5.261630679999999702e+06
1.444288172043010945e+03 5.319258679999999702e+06
1.458043297491039539e+03 5.385064679999999702e+06
1.471798422939068132e+03 5.435184679999999702e+06
1.485553548387096953e+03 5.454029679999999702e+06
1.499308673835125546e+03 5.476624679999999702e+06
1.513063799283154367e+03 5.480578679999999702e+06
1.526818924731182960e+03 5.520874679999999702e+06
1.540574050179211554e+03 5.539465679999999702e+06
1.554329175627240375e+03 5.550251679999999702e+06
1.568084301075268968e+03 5.517943679999999702e+06
1.581839426523297561e+03 5.504544679999999702e+06
1.595594551971326382e+03 5.509869679999999702e+06
1.609349677419354975e+03 5.560614679999999702e+06
1.623104802867383569e+03 5.562457679999999702e+06
1.636859928315412390e+03 5.546207679999999702e+06
1.650615053763440983e+03 5.513264679999999702e+06
1.664370179211469576e+03 5.472585679999999702e+06
1.678125304659498397e+03 5.427249679999999702e+06
1.691880430107526990e+03 5.361760679999999702e+06
1.705635555555555811e+03 5.281480679999999702e+06
1.719390681003584405e+03 5.176715679999999702e+06
1.733145806451612998e+03 5.042959679999999702e+06
1.746900931899641819e+03 4.894191679999999702e+06
1.760656057347670412e+03 4.690387679999999702e+06
1.774411182795699006e+03 4.464089679999999702e+06
1.788166308243727826e+03 4.180456680000000168e+06
1.801921433691756420e+03 3.846688680000000168e+06
1.815676559139785013e+03 3.529281680000000168e+06
1.829431684587813834e+03 3.145509680000000168e+06
1.843186810035842427e+03 2.740958680000000168e+06
1.856941935483871248e+03 2.353201680000000168e+06
1.870697060931899841e+03 1.983064679999999935e+06
1.884452186379928435e+03 1.632119679999999935e+06
1.898207311827957255e+03 1.321564679999999935e+06
1.911962437275985849e+03 1.053709679999999935e+06
1.925717562724014442e+03 8.213226799999999348e+05
1.939472688172043263e+03 6.282956799999999348e+05
1.953227813620071856e+03 4.639736799999999930e+05
1.966982939068100450e+03 3.289466799999999930e+05
1.980738064516129270e+03 2.320616799999999930e+05
1.994493189964157864e+03 1.604566799999999930e+05
2.008248315412186457e+03 1.137596799999999930e+05
2.022003440860215278e+03 8.335067999999999302e+04
2.035758566308243871e+03 6.403867999999999302e+04
2.049513691756272692e+03 5.391467999999999302e+04
2.063268817204301286e+03 5.218067999999999302e+04
2.077023942652329879e+03 5.002667999999999302e+04
2.090779068100358472e+03 4.726467999999999302e+04
2.104534193548387066e+03 4.629267999999999302e+04
2.118289318996416114e+03 4.210267999999999302e+04
2.132044444444444707e+03 4.172567999999999302e+04
2.145799569892473301e+03 3.899367999999999302e+04
2.159554695340501894e+03 3.876767999999999302e+04
2.173309820788530487e+03 3.806467999999999302e+04
2.187064946236559535e+03 3.683667999999999302e+04
2.200820071684588129e+03 3.500967999999999302e+04
2.214575197132616722e+03 3.248167999999999302e+04
2.228330322580645316e+03 3.048667999999999302e+04
2.242085448028673909e+03 2.999567999999999302e+04
2.255840573476702502e+03 2.947667999999999302e+04
2.269595698924731551e+03 2.716167999999999302e+04
2.283350824372760144e+03 2.530267999999999302e+04
2.297105949820788737e+03 2.304167999999999302e+04
2.310861075268817331e+03 2.121067999999999302e+04
2.324616200716845924e+03 1.871167999999999302e+04
2.338371326164874972e+03 1.901667999999999302e+04
2.352126451612903566e+03 1.780767999999999302e+04
2.365881577060932159e+03 1.502867999999999302e+04
2.379636702508960752e+03 1.342567999999999302e+04
2.393391827956989346e+03 1.214567999999999302e+04
2.407146953405017939e+03 9.372679999999993015e+03
2.420902078853046987e+03 9.952679999999993015e+03
2.434657204301075581e+03 9.287679999999993015e+03
2.448412329749104174e+03 7.758679999999993015e+03
2.462167455197132767e+03 6.634679999999993015e+03
2.475922580645161361e+03 6.663679999999993015e+03
2.489677706093190409e+03 4.459679999999993015e+03
2.503432831541219002e+03 4.057679999999993015e+03
2.517187956989247596e+03 4.177679999999993015e+03
2.530943082437276189e+03 4.575679999999993015e+03
2.544698207885304782e+03 4.434679999999993015e+03
2.558453333333333376e+03 2.441679999999993015e+03
2.572208458781362424e+03 2.997679999999993015e+03
2.585963584229391017e+03 2.456679999999993015e+03
2.599718709677419611e+03 2.014679999999993015e+03
2.613473835125448204e+03 3.219679999999993015e+03
2.627228960573476797e+03 1.169679999999993015e+03
2.640984086021505391e+03 1.149679999999993015e+03
2.654739211469534439e+03 8.516799999999930151e+02
2.668494336917563032e+03 1.386799999999930151e+02
2.682249462365591626e+03 -1.193200000000069849e+02
2.696004587813620219e+03 -7.323200000000069849e+02
2.709759713261648812e+03 -9.793200000000069849e+02
2.723514838709677861e+03 -3.663200000000069849e+02
2.737269964157706454e+03 -1.631320000000006985e+03
2.751025089605735047e+03 -9.873200000000069849e+02
2.764780215053763641e+03 -2.075320000000006985e+03
2.778535340501792234e+03 -1.484320000000006985e+03
2.792290465949820828e+03 -1.661320000000006985e+03
2.806045591397849876e+03 -1.908320000000006985e+03
2.819800716845878469e+03 -2.288320000000006985e+03
2.833555842293907062e+03 -1.335320000000006985e+03
2.847310967741935656e+03 -1.979320000000006985e+03
2.861066093189964249e+03 -1.146320000000006985e+03
2.874821218637993297e+03 -1.432320000000006985e+03
2.888576344086021891e+03 -1.715320000000006985e+03
2.902331469534050484e+03 -1.563320000000006985e+03
2.916086594982079077e+03 -1.849320000000006985e+03
2.929841720430107671e+03 -2.767320000000006985e+03
2.943596845878136264e+03 -2.845320000000006985e+03
2.957351971326165312e+03 -2.428320000000006985e+03
2.971107096774193906e+03 -1.763320000000006985e+03
2.984862222222222499e+03 -8.723200000000069849e+02
2.998617347670251092e+03 -2.013320000000006985e+03
3.012372473118279686e+03 -2.529320000000006985e+03
3.026127598566308734e+03 -2.496320000000006985e+03
3.039882724014337327e+03 -1.637320000000006985e+03
3.053637849462365921e+03 -1.053320000000006985e+03
3.067392974910394514e+03 -9.893200000000069849e+02
3.081148100358423108e+03 -2.303320000000006985e+03
3.094903225806451701e+03 -1.567320000000006985e+03
3.108658351254480749e+03 -2.069320000000006985e+03
3.122413476702509342e+03 -1.934320000000006985e+03
3.136168602150537936e+03 -1.379320000000006985e+03
3.149923727598566529e+03 -1.200320000000006985e+03
3.163678853046595123e+03 -2.332320000000006985e+03
3.177433978494624171e+03 -2.517320000000006985e+03
3.191189103942652764e+03 -2.209320000000006985e+03
3.204944229390681357e+03 -2.124320000000006985e+03
3.218699354838709951e+03 -1.463320000000006985e+03
3.232454480286738544e+03 -2.294320000000006985e+03
3.246209605734767138e+03 -1.903320000000006985e+03
3.259964731182796186e+03 -2.168320000000006985e+03
3.273719856630824779e+03 -1.719320000000006985e+03
3.287474982078853373e+03 -1.389320000000006985e+03
3.301230107526881966e+03 -1.781320000000006985e+03
3.314985232974910559e+03 -1.314320000000006985e+03
3.328740358422939153e+03 -6.093200000000069849e+02
3.342495483870968201e+03 -1.407320000000006985e+03
3.356250609318996794e+03 -1.806320000000006985e+03
3.370005734767025388e+03 -1.282320000000006985e+03
3.383760860215053981e+03 -2.077320000000006985e+03
3.397515985663082574e+03 -1.178320000000006985e+03
3.411271111111111622e+03 -1.889320000000006985e+03
3.425026236559140216e+03 -1.268320000000006985e+03
3.438781362007168809e+03 -7.993200000000069849e+02
3.452536487455197403e+03 -1.021320000000006985e+03
3.466291612903225996e+03 -1.511320000000006985e+03
3.480046738351254589e+03 -1.347320000000006985e+03
3.493801863799283637e+03 -8.953200000000069849e+02
3.507556989247312231e+03 -1.591320000000006985e+03
3.521312114695340824e+03 -2.048320000000006985e+03
3.535067240143369418e+03 -1.467320000000006985e+03
3.548822365591398011e+03 -1.108320000000006985e+03
3.562577491039427059e+03 -1.282320000000006985e+03
3.576332616487455653e+03 -1.238320000000006985e+03
3.590087741935484246e+03 -8.533200000000069849e+02
3.603842867383512839e+03 -1.465320000000006985e+03
3.617597992831541433e+03 -6.153200000000069849e+02
3.631353118279570026e+03 -4.613200000000069849e+02
3.645108243727599074e+03 -9.823200000000069849e+02
3.658863369175627668e+03 -9.083200000000069849e+02
3.672618494623656261e+03 -8.093200000000069849e+02
3.686373620071684854e+03 -9.773200000000069849e+02
3.700128745519713448e+03 -1.273200000000069849e+02
3.713883870967742496e+03 -5.243200000000069849e+02
3.727638996415771089e+03 -1.369320000000006985e+03
3.741394121863799683e+03 -6.632000000000698492e+01
3.755149247311828276e+03 -8.132000000000698492e+01
3.768904372759856869e+03 -8.713200000000069849e+02
3.782659498207885463e+03 -1.368320000000006985e+03
3.796414623655914511e+03 -4.443200000000069849e+02
3.810169749103943104e+03 -5.743200000000069849e+02
3.823924874551971698e+03 -9.633200000000069849e+02
3.837680000000000291e+03 -3.913200000000069849e+02
3.851435125448028884e+03 -7.123200000000069849e+02
3.865190250896057478e+03 6.376799999999930151e+02
3.878945376344086526e+03 -7.453200000000069849e+02
3.892700501792115119e+03 -3.733200000000069849e+02
3.906455627240143713e+03 -5.533200000000069849e+02
3.920210752688172306e+03 -1.026320000000006985e+03
3.933965878136200899e+03 3.106799999999930151e+02
3.947721003584229948e+03 -1.119320000000006985e+03
3.961476129032258541e+03 -8.293200000000069849e+02
3.975231254480287134e+03 -9.323200000000069849e+02
3.988986379928315728e+03 -2.228320000000006985e+03
4.002741505376344321e+03 -1.588320000000006985e+03
4.016496630824372915e+03 -1.012320000000006985e+03
4.030251756272401963e+03 -1.059320000000006985e+03
4.044006881720430556e+03 -1.166320000000006985e+03
4.057762007168459149e+03 -5.883200000000069849e+02
4.071517132616487743e+03 -7.323200000000069849e+02
4.085272258064516336e+03 -1.753200000000069849e+02
4.099027383512545384e+03 -1.932000000000698492e+01
4.112782508960573978e+03 -8.113200000000069849e+02
4.126537634408602571e+03 2.286799999999930151e+02
4.140292759856631164e+03 -4.532000000000698492e+01
4.154047885304659758e+03 -3.633200000000069849e+02
4.167803010752688351e+03 2.826799999999930151e+02
4.181558136200716945e+03 -2.523200000000069849e+02
4.195313261648745538e+03 4.436799999999930151e+02
4.209068387096774131e+03 1.094679999999993015e+03
4.222823512544803634e+03 7.467999999999301508e+01
4.236578637992832228e+03 5.926799999999930151e+02
4.250333763440860821e+03 4.566799999999930151e+02
4.264088888888889414e+03 5.486799999999930151e+02
4.277844014336918008e+03 -2.632000000000698492e+01
4.291599139784946601e+03 9.776799999999930151e+02
4.305354265232975195e+03 4.767999999999301508e+01
4.319109390681003788e+03 -3.200000000069849193e-01
4.332864516129032381e+03 9.367999999999301508e+01
4.346619641577060975e+03 7.086799999999930151e+02
4.360374767025089568e+03 8.676799999999930151e+02
4.374129892473119071e+03 6.946799999999930151e+02
4.387885017921147664e+03 9.116799999999930151e+02
4.401640143369176258e+03 1.350679999999993015e+03
4.415395268817204851e+03 4.008679999999993015e+03
4.429150394265233444e+03 7.586799999999930151e+02
4.442905519713262038e+03 8.126799999999930151e+02
4.456660645161290631e+03 1.916799999999930151e+02
4.470415770609319225e+03 3.616799999999930151e+02
4.484170896057347818e+03 3.916799999999930151e+02
4.497926021505376411e+03 1.469679999999993015e+03
4.511681146953405005e+03 7.606799999999930151e+02
4.525436272401434508e+03 4.186799999999930151e+02
4.539191397849463101e+03 7.326799999999930151e+02
4.552946523297491694e+03 6.986799999999930151e+02
4.566701648745520288e+03 -3.523200000000069849e+02
4.580456774193548881e+03 8.096799999999930151e+02
4.594211899641577475e+03 2.946799999999930151e+02
4.607967025089606068e+03 5.896799999999930151e+02
4.621722150537634661e+03 2.176679999999993015e+03
4.635477275985663255e+03 2.347679999999993015e+03
4.649232401433691848e+03 3.756799999999930151e+02
4.662987526881720441e+03 9.226799999999930151e+02
4.676742652329749944e+03 1.755679999999993015e+03
4.690497777777778538e+03 8.806799999999930151e+02
4.704252903225807131e+03 9.536799999999930151e+02
4.718008028673835724e+03 7.476799999999930151e+02
4.731763154121864318e+03 1.396679999999993015e+03
4.745518279569892911e+03 4.156799999999930151e+02
4.759273405017921505e+03 6.067999999999301508e+01
4.773028530465950098e+03 9.786799999999930151e+02
4.786783655913978691e+03 9.716799999999930151e+02
4.800538781362007285e+03 1.089679999999993015e+03
4.814293906810035878e+03 2.030679999999993015e+03
4.828049032258065381e+03 6.286799999999930151e+02
4.841804157706093974e+03 -5.983200000000069849e+02
4.855559283154122568e+03 4.406799999999930151e+02
4.869314408602151161e+03 -5.863200000000069849e+02
4.883069534050179755e+03 8.676799999999930151e+02
4.896824659498208348e+03 -5.753200000000069849e+02
4.910579784946236941e+03 -1.793200000000069849e+02
4.924334910394265535e+03 4.467999999999301508e+01
4.938090035842294128e+03 3.826799999999930151e+02
4.951845161290322721e+03 3.456799999999930151e+02
4.965600286738351315e+03 -3.293200000000069849e+02
4.979355412186380818e+03 5.076799999999930151e+02
4.993110537634409411e+03 2.536799999999930151e+02
5.006865663082438004e+03 3.956799999999930151e+02
5.020620788530466598e+03 -3.563200000000069849e+02
5.034375913978495191e+03 1.756799999999930151e+02
5.048131039426523785e+03 8.567999999999301508e+01
5.061886164874552378e+03 -7.983200000000069849e+02
5.075641290322580971e+03 -2.463200000000069849e+02
5.089396415770609565e+03 1.031679999999993015e+03
5.103151541218638158e+03 4.726799999999930151e+02
5.116906666666666752e+03 1.184679999999993015e+03
5.130661792114696254e+03 -1.233200000000069849e+02
5.144416917562724848e+03 6.146799999999930151e+02
5.158172043010753441e+03 5.486799999999930151e+02
5.171927168458782035e+03 2.936799999999930151e+02
5.185682293906810628e+03 3.867999999999301508e+01
5.199437419354839221e+03 -6.435320000000006985e+03
5.213192544802867815e+03 -1.387032000000000698e+04
5.226947670250896408e+03 -1.372932000000000698e+04
5.240702795698925001e+03 -1.396832000000000698e+04
5.254457921146953595e+03 -1.386832000000000698e+04
5.268213046594982188e+03 -1.370132000000000698e+04
5.281968172043010782e+03 -1.365432000000000698e+04
5.295723297491040285e+03 -1.382432000000000698e+04
5.309478422939068878e+03 -1.377032000000000698e+04
5.323233548387097471e+03 -1.366532000000000698e+04
5.336988673835126065e+03 -1.372332000000000698e+04
5.350743799283154658e+03 -1.369032000000000698e+04
5.364498924731183251e+03 -1.372532000000000698e+04
5.378254050179211845e+03 -1.402132000000000698e+04
5.392009175627240438e+03 -1.394532000000000698e+04
5.405764301075269032e+03 -1.371332000000000698e+04
5.419519426523297625e+03 -1.394932000000000698e+04
5.433274551971326218e+03 -1.369232000000000698e+04
5.447029677419355721e+03 -1.406432000000000698e+04
5.460784802867384315e+03 -1.396532000000000698e+04
5.474539928315412908e+03 -1.365132000000000698e+04
5.488295053763441501e+03 -1.380032000000000698e+04
5.502050179211470095e+03 -1.377032000000000698e+04
5.515805304659498688e+03 -1.381132000000000698e+04
