-1.343187999999999874e+03 -7.063900000000139698e+02
-1.329481999999999971e+03 -6.264390000000013970e+03
-1.315775999999999840e+03 -7.749390000000013970e+03
-1.302069999999999936e+03 -8.091390000000013970e+03
-1.288364000000000033e+03 -8.541390000000013970e+03
-1.274657999999999902e+03 -8.536390000000013970e+03
-1.260951999999999998e+03 -8.916390000000013970e+03
-1.247245999999999867e+03 -9.135390000000013970e+03
-1.233539999999999964e+03 -9.493390000000013970e+03
-1.219834000000000060e+03 -9.857390000000013970e+03
-1.206127999999999929e+03 -9.856390000000013970e+03
-1.192422000000000025e+03 -1.005539000000001397e+04
-1.178715999999999894e+03 -5.094390000000013970e+03
-1.165009999999999991e+03 7.156099999999860302e+02
-1.151303999999999860e+03 8.660999999998603016e+01
-1.137597999999999956e+03 9.360999999998603016e+01
-1.123892000000000053e+03 -7.539000000001396984e+01
-1.110185999999999922e+03 7.106099999999860302e+02
-1.096480000000000018e+03 -2.323900000000139698e+02
-1.082773999999999887e+03 -3.093900000000139698e+02
-1.069067999999999984e+03 -2.923900000000139698e+02
-1.055361999999999853e+03 -4.373900000000139698e+02
-1.041655999999999949e+03 -6.893900000000139698e+02
-1.027950000000000045e+03 2.185609999999986030e+03
-1.014243999999999915e+03 -1.119390000000013970e+03
-1.000538000000000011e+03 -6.033900000000139698e+02
-9.868319999999999936e+02 -3.883900000000139698e+02
-9.731259999999999764e+02 -1.769390000000013970e+03
-9.594199999999999591e+02 -4.783900000000139698e+02
-9.457139999999999418e+02 -8.373900000000139698e+02
-9.320079999999999245e+02 -9.133900000000139698e+02
-9.183020000000000209e+02 -1.176390000000013970e+03
-9.045960000000000036e+02 -1.497390000000013970e+03
-8.908899999999999864e+02 -1.657390000000013970e+03
-8.771839999999999691e+02 -1.815390000000013970e+03
-8.634779999999999518e+02 -1.233390000000013970e+03
-8.497719999999999345e+02 -1.086390000000013970e+03
-8.360659999999999172e+02 -8.663900000000139698e+02
-8.223600000000000136e+02 -2.353900000000139698e+02
-8.086539999999999964e+02 -1.287390000000013970e+03
-7.949479999999999791e+02 -4.173900000000139698e+02
-7.812419999999999618e+02 -1.016390000000013970e+03
-7.675359999999999445e+02 -1.103900000000139698e+02
-7.538299999999999272e+02 -1.040390000000013970e+03
-7.401240000000000236e+02 -1.070390000000013970e+03
-7.264180000000000064e+02 -7.393900000000139698e+02
-7.127119999999999891e+02 -7.683900000000139698e+02
-6.990059999999999718e+02 -5.803900000000139698e+02
-6.852999999999999545e+02 -1.051390000000013970e+03
-6.715939999999999372e+02 -7.873900000000139698e+02
-6.578879999999999200e+02 -1.187390000000013970e+03
-6.441820000000000164e+02 -1.021390000000013970e+03
-6.304759999999999991e+02 -1.344390000000013970e+03
-6.167699999999999818e+02 -2.393900000000139698e+02
-6.030639999999999645e+02 -9.739000000001396984e+01
-5.893579999999999472e+02 -1.311390000000013970e+03
-5.756519999999999300e+02 -1.078390000000013970e+03
-5.619460000000000264e+02 -1.037390000000013970e+03
-5.482400000000000091e+02 -1.409390000000013970e+03
-5.345339999999999918e+02 -1.682390000000013970e+03
-5.208279999999999745e+02 -1.369390000000013970e+03
-5.071219999999999573e+02 -6.139000000001396984e+01
-4.934159999999999968e+02 -7.913900000000139698e+02
-4.797099999999999795e+02 -6.643900000000139698e+02
-4.660039999999999623e+02 -1.151390000000013970e+03
-4.522980000000000018e+02 -3.963900000000139698e+02
-4.385919999999999845e+02 -1.218390000000013970e+03
-4.248859999999999673e+02 -4.823900000000139698e+02
-4.111800000000000068e+02 -1.174390000000013970e+03
-3.974739999999999895e+02 -3.683900000000139698e+02
-3.837679999999999723e+02 -8.033900000000139698e+02
-3.700620000000000118e+02 -1.289390000000013970e+03
-3.563559999999999945e+02 -6.693900000000139698e+02
-3.426499999999999773e+02 -1.183900000000139698e+02
-3.289439999999999600e+02 -9.203900000000139698e+02
-3.152379999999999995e+02 -1.256390000000013970e+03
-3.015319999999999823e+02 -6.193900000000139698e+02
-2.878259999999999650e+02 -7.203900000000139698e+02
-2.741200000000000045e+02 -9.553900000000139698e+02
-2.604139999999999873e+02 -1.427390000000013970e+03
-2.467079999999999984e+02 -1.014390000000013970e+03
-2.330019999999999811e+02 -1.415390000000013970e+03
-2.192959999999999923e+02 -5.463900000000139698e+02
-2.055900000000000034e+02 -7.773900000000139698e+02
-1.918839999999999861e+02 -8.473900000000139698e+02
-1.781779999999999973e+02 -1.266390000000013970e+03
-1.644719999999999800e+02 -1.154390000000013970e+03
-1.507659999999999911e+02 -9.893900000000139698e+02
-1.370600000000000023e+02 -5.693900000000139698e+02
-1.233539999999999992e+02 -7.383900000000139698e+02
-1.096479999999999961e+02 -7.583900000000139698e+02
-9.594199999999999307e+01 -3.443900000000139698e+02
-8.223599999999999000e+01 3.546099999999860302e+02
-6.853000000000000114e+01 1.444609999999986030e+03
-5.482399999999999807e+01 3.325609999999986030e+03
-4.111799999999999500e+01 8.599609999999986030e+03
-2.741199999999999903e+01 2.017460999999998603e+04
-1.370599999999999952e+01 4.266760999999998603e+04
0.000000000000000000e+00 8.479060999999998603e+04
1.370599999999999952e+01 1.483736099999999860e+05
2.741199999999999903e+01 2.398456099999999860e+05
4.111799999999999500e+01 3.622226099999999860e+05
5.482399999999999807e+01 5.207346099999999860e+05
6.853000000000000114e+01 7.052676099999999860e+05
8.223599999999999000e+01 9.069726099999999860e+05
9.594199999999999307e+01 1.126691609999999870e+06
1.096479999999999961e+02 1.347038609999999870e+06
1.233539999999999992e+02 1.573580609999999870e+06
1.370600000000000023e+02 1.811471609999999870e+06
1.507659999999999911e+02 2.049301609999999870e+06
1.644719999999999800e+02 2.287476609999999870e+06
1.781779999999999973e+02 2.522553609999999870e+06
1.918839999999999861e+02 2.733955609999999870e+06
2.055900000000000034e+02 2.935004609999999870e+06
2.192959999999999923e+02 3.125634609999999870e+06
2.330019999999999811e+02 3.308641609999999870e+06
2.467079999999999984e+02 3.471601609999999870e+06
2.604139999999999873e+02 3.596865609999999870e+06
2.741200000000000045e+02 3.721768609999999870e+06
2.878259999999999650e+02 3.839682609999999870e+06
3.015319999999999823e+02 3.926288609999999870e+06
3.152379999999999995e+02 3.999023609999999870e+06
3.289439999999999600e+02 4.043819609999999870e+06
3.426499999999999773e+02 4.079232609999999870e+06
3.563559999999999945e+02 4.108144609999999870e+06
3.700620000000000118e+02 4.106463609999999870e+06
3.837679999999999723e+02 4.101561609999999870e+06
3.974739999999999895e+02 4.089716609999999870e+06
4.111800000000000068e+02 4.071729609999999870e+06
4.248859999999999673e+02 4.051955609999999870e+06
4.385919999999999845e+02 4.035164609999999870e+06
4.522980000000000018e+02 4.027483609999999870e+06
4.660039999999999623e+02 4.029327609999999870e+06
4.797099999999999795e+02 4.031694609999999870e+06
4.934159999999999968e+02 4.013492609999999870e+06
5.071219999999999573e+02 4.001395609999999870e+06
5.208279999999999745e+02 3.988928609999999870e+06
5.345339999999999918e+02 3.978657609999999870e+06
5.482400000000000091e+02 3.968954609999999870e+06
5.619460000000000264e+02 3.956980609999999870e+06
5.756519999999999300e+02 3.955774609999999870e+06
5.893579999999999472e+02 3.939800609999999870e+06
6.030639999999999645e+02 3.905820609999999870e+06
6.167699999999999818e+02 3.880098609999999870e+06
6.304759999999999991e+02 3.856704609999999870e+06
6.441820000000000164e+02 3.835711609999999870e+06
6.578879999999999200e+02 3.792482609999999870e+06
6.715939999999999372e+02 3.722399609999999870e+06
6.852999999999999545e+02 3.615753609999999870e+06
6.990059999999999718e+02 3.497282609999999870e+06
7.127119999999999891e+02 3.367268609999999870e+06
7.264180000000000064e+02 3.220111609999999870e+06
7.401240000000000236e+02 3.063142609999999870e+06
7.538299999999999272e+02 2.874160609999999870e+06
7.675359999999999445e+02 2.658068609999999870e+06
7.812419999999999618e+02 2.445119609999999870e+06
7.949479999999999791e+02 2.221583609999999870e+06
8.086539999999999964e+02 1.991890609999999870e+06
8.223600000000000136e+02 1.768488609999999870e+06
8.360659999999999172e+02 1.558588609999999870e+06
8.497719999999999345e+02 1.364061609999999870e+06
8.634779999999999518e+02 1.164978609999999870e+06
8.771839999999999691e+02 9.697006099999999860e+05
8.908899999999999864e+02 7.979136099999999860e+05
9.045960000000000036e+02 6.462636099999999860e+05
9.183020000000000209e+02 5.098976099999999860e+05
9.320079999999999245e+02 3.897036099999999860e+05
9.457139999999999418e+02 2.854896099999999860e+05
9.594199999999999591e+02 2.055796099999999860e+05
9.731259999999999764e+02 1.460556099999999860e+05
9.868319999999999936e+02 1.049986099999999860e+05
1.000538000000000011e+03 7.583060999999998603e+04
1.014243999999999915e+03 5.892460999999998603e+04
1.027950000000000045e+03 4.503160999999998603e+04
1.041655999999999949e+03 3.792360999999998603e+04
1.055361999999999853e+03 3.426960999999998603e+04
1.069067999999999984e+03 3.197060999999998603e+04
1.082773999999999887e+03 3.053860999999998603e+04
1.096480000000000018e+03 2.974060999999998603e+04
1.110185999999999922e+03 2.878660999999998603e+04
1.123892000000000053e+03 2.873660999999998603e+04
1.137597999999999956e+03 2.859260999999998603e+04
1.151303999999999860e+03 2.511060999999998603e+04
1.165009999999999991e+03 2.431260999999998603e+04
1.178715999999999894e+03 2.544160999999998603e+04
1.192422000000000025e+03 2.326560999999998603e+04
1.206127999999999929e+03 2.075560999999998603e+04
1.219834000000000060e+03 2.149460999999998603e+04
1.233539999999999964e+03 1.955660999999998603e+04
1.247245999999999867e+03 1.859460999999998603e+04
1.260951999999999998e+03 1.716160999999998603e+04
1.274657999999999902e+03 1.532860999999998603e+04
1.288364000000000033e+03 1.608460999999998603e+04
1.302069999999999936e+03 1.367260999999998603e+04
1.315775999999999840e+03 1.344160999999998603e+04
1.329481999999999971e+03 1.314360999999998603e+04
1.343187999999999874e+03 1.067860999999998603e+04
1.356894000000000005e+03 1.000960999999998603e+04
1.370599999999999909e+03 9.483609999999986030e+03
1.384306000000000040e+03 7.758609999999986030e+03
1.398011999999999944e+03 7.456609999999986030e+03
1.411717999999999847e+03 7.389609999999986030e+03
1.425423999999999978e+03 6.690609999999986030e+03
1.439129999999999882e+03 5.602609999999986030e+03
1.452836000000000013e+03 4.741609999999986030e+03
1.466541999999999916e+03 3.967609999999986030e+03
1.480248000000000047e+03 4.180609999999986030e+03
1.493953999999999951e+03 3.836609999999986030e+03
1.507659999999999854e+03 3.052609999999986030e+03
1.521365999999999985e+03 2.375609999999986030e+03
1.535071999999999889e+03 2.610609999999986030e+03
1.548778000000000020e+03 3.871609999999986030e+03
1.562483999999999924e+03 1.389609999999986030e+03
1.576190000000000055e+03 2.459609999999986030e+03
1.589895999999999958e+03 1.118609999999986030e+03
1.603601999999999862e+03 -1.443900000000139698e+02
1.617307999999999993e+03 3.666099999999860302e+02
1.631013999999999896e+03 -5.923900000000139698e+02
1.644720000000000027e+03 -5.423900000000139698e+02
1.658425999999999931e+03 5.460999999998603016e+01
1.672131999999999834e+03 4.116099999999860302e+02
1.685837999999999965e+03 -4.643900000000139698e+02
1.699543999999999869e+03 -7.963900000000139698e+02
1.713250000000000000e+03 -4.913900000000139698e+02
1.726955999999999904e+03 -8.613900000000139698e+02
1.740662000000000035e+03 -1.307390000000013970e+03
1.754367999999999938e+03 -9.223900000000139698e+02
1.768073999999999842e+03 -1.117390000000013970e+03
1.781779999999999973e+03 -1.060390000000013970e+03
1.795485999999999876e+03 -5.863900000000139698e+02
1.809192000000000007e+03 -9.073900000000139698e+02
1.822897999999999911e+03 -5.343900000000139698e+02
1.836604000000000042e+03 -1.575390000000013970e+03
1.850309999999999945e+03 -4.333900000000139698e+02
1.864015999999999849e+03 -8.403900000000139698e+02
1.877721999999999980e+03 -4.623900000000139698e+02
1.891427999999999884e+03 -1.271390000000013970e+03
1.905134000000000015e+03 -7.993900000000139698e+02
1.918839999999999918e+03 5.926099999999860302e+02
1.932545999999999822e+03 -1.784390000000013970e+03
1.946251999999999953e+03 -2.326390000000013970e+03
1.959957999999999856e+03 -1.535390000000013970e+03
1.973663999999999987e+03 -1.554390000000013970e+03
1.987369999999999891e+03 -1.250390000000013970e+03
2.001076000000000022e+03 -1.375390000000013970e+03
2.014781999999999925e+03 -1.359390000000013970e+03
2.028487999999999829e+03 -1.106390000000013970e+03
2.042193999999999960e+03 -1.376390000000013970e+03
2.055900000000000091e+03 -7.503900000000139698e+02
2.069605999999999767e+03 -1.890390000000013970e+03
2.083311999999999898e+03 -1.907390000000013970e+03
2.097018000000000029e+03 -1.485390000000013970e+03
2.110723999999999705e+03 -1.565390000000013970e+03
2.124429999999999836e+03 -1.626390000000013970e+03
2.138135999999999967e+03 -1.708390000000013970e+03
2.151842000000000098e+03 -1.084390000000013970e+03
2.165547999999999774e+03 4.086099999999860302e+02
2.179253999999999905e+03 -1.760390000000013970e+03
2.192960000000000036e+03 -1.452390000000013970e+03
2.206665999999999713e+03 -1.605390000000013970e+03
2.220371999999999844e+03 -1.214390000000013970e+03
2.234077999999999975e+03 -1.208390000000013970e+03
2.247784000000000106e+03 -1.610390000000013970e+03
2.261489999999999782e+03 -1.008390000000013970e+03
2.275195999999999913e+03 -1.690390000000013970e+03
2.288902000000000044e+03 -1.981390000000013970e+03
2.302607999999999720e+03 -1.434390000000013970e+03
2.316313999999999851e+03 -1.758390000000013970e+03
2.330019999999999982e+03 -1.468390000000013970e+03
2.343726000000000113e+03 -1.438390000000013970e+03
2.357431999999999789e+03 -8.203900000000139698e+02
2.371137999999999920e+03 -1.833390000000013970e+03
2.384844000000000051e+03 -1.787390000000013970e+03
2.398549999999999727e+03 -1.159390000000013970e+03
2.412255999999999858e+03 -7.503900000000139698e+02
2.425961999999999989e+03 -7.313900000000139698e+02
2.439668000000000120e+03 -1.446390000000013970e+03
2.453373999999999796e+03 -2.163390000000013970e+03
2.467079999999999927e+03 -1.471390000000013970e+03
2.480786000000000058e+03 -1.656390000000013970e+03
2.494491999999999734e+03 -1.612390000000013970e+03
2.508197999999999865e+03 -7.873900000000139698e+02
2.521903999999999996e+03 -1.075390000000013970e+03
2.535610000000000127e+03 -1.377390000000013970e+03
2.549315999999999804e+03 -1.130390000000013970e+03
2.563021999999999935e+03 -4.323900000000139698e+02
2.576728000000000065e+03 -1.390390000000013970e+03
2.590433999999999742e+03 -1.525390000000013970e+03
2.604139999999999873e+03 -1.680390000000013970e+03
2.617846000000000004e+03 -2.328390000000013970e+03
2.631551999999999680e+03 -1.212390000000013970e+03
2.645257999999999811e+03 -1.937390000000013970e+03
2.658963999999999942e+03 -1.674390000000013970e+03
2.672670000000000073e+03 -2.010390000000013970e+03
2.686375999999999749e+03 -1.843390000000013970e+03
2.700081999999999880e+03 -1.829390000000013970e+03
2.713788000000000011e+03 -1.429390000000013970e+03
2.727493999999999687e+03 -1.269390000000013970e+03
2.741199999999999818e+03 -1.733390000000013970e+03
2.754905999999999949e+03 -1.825390000000013970e+03
2.768612000000000080e+03 -1.811390000000013970e+03
2.782317999999999756e+03 -8.883900000000139698e+02
2.796023999999999887e+03 -2.081390000000013970e+03
2.809730000000000018e+03 -1.465390000000013970e+03
2.823435999999999694e+03 -1.385390000000013970e+03
2.837141999999999825e+03 -2.070390000000013970e+03
2.850847999999999956e+03 -9.223900000000139698e+02
2.864554000000000087e+03 -1.647390000000013970e+03
2.878259999999999764e+03 -2.195390000000013970e+03
2.891965999999999894e+03 -1.576390000000013970e+03
2.905672000000000025e+03 -1.275390000000013970e+03
2.919377999999999702e+03 -1.633390000000013970e+03
2.933083999999999833e+03 -2.320390000000013970e+03
2.946789999999999964e+03 -1.748390000000013970e+03
2.960496000000000095e+03 -7.173900000000139698e+02
2.974201999999999771e+03 -1.526390000000013970e+03
2.987907999999999902e+03 -1.015390000000013970e+03
3.001614000000000033e+03 -1.470390000000013970e+03
3.015319999999999709e+03 -1.822390000000013970e+03
3.029025999999999840e+03 -2.338390000000013970e+03
3.042731999999999971e+03 -1.658390000000013970e+03
3.056438000000000102e+03 -1.707390000000013970e+03
3.070143999999999778e+03 -1.471390000000013970e+03
3.083849999999999909e+03 -2.074390000000013970e+03
3.097556000000000040e+03 -2.048390000000013970e+03
3.111261999999999716e+03 -3.131390000000013970e+03
3.124967999999999847e+03 -1.674390000000013970e+03
3.138673999999999978e+03 -1.980390000000013970e+03
3.152380000000000109e+03 -2.147390000000013970e+03
3.166085999999999785e+03 -1.743390000000013970e+03
3.179791999999999916e+03 -1.523390000000013970e+03
3.193498000000000047e+03 -1.928390000000013970e+03
3.207203999999999724e+03 -2.802390000000013970e+03
3.220909999999999854e+03 -7.253900000000139698e+02
3.234615999999999985e+03 -2.023390000000013970e+03
3.248321999999999662e+03 -1.543390000000013970e+03
3.262027999999999793e+03 -7.503900000000139698e+02
3.275733999999999924e+03 -1.590390000000013970e+03
3.289440000000000055e+03 -8.083900000000139698e+02
3.303145999999999731e+03 -6.543900000000139698e+02
3.316851999999999862e+03 -1.572390000000013970e+03
3.330557999999999993e+03 -1.716390000000013970e+03
3.344263999999999669e+03 -1.934390000000013970e+03
3.357969999999999800e+03 -1.624390000000013970e+03
3.371675999999999931e+03 -5.103900000000139698e+02
3.385382000000000062e+03 -1.582390000000013970e+03
3.399087999999999738e+03 -2.503900000000139698e+02
3.412793999999999869e+03 -1.858390000000013970e+03
3.426500000000000000e+03 -1.578390000000013970e+03
3.440205999999999676e+03 -1.869390000000013970e+03
3.453911999999999807e+03 -1.915390000000013970e+03
3.467617999999999938e+03 -1.664390000000013970e+03
3.481324000000000069e+03 -1.491390000000013970e+03
3.495029999999999745e+03 -1.551390000000013970e+03
3.508735999999999876e+03 -1.209390000000013970e+03
3.522442000000000007e+03 -2.295390000000013970e+03
3.536147999999999683e+03 -1.980390000000013970e+03
3.549853999999999814e+03 -1.236390000000013970e+03
3.563559999999999945e+03 -2.003390000000013970e+03
3.577266000000000076e+03 -2.247390000000013970e+03
3.590971999999999753e+03 -2.351390000000013970e+03
3.604677999999999884e+03 -1.804390000000013970e+03
3.618384000000000015e+03 -1.293390000000013970e+03
3.632089999999999691e+03 -6.083900000000139698e+02
3.645795999999999822e+03 -1.402390000000013970e+03
3.659501999999999953e+03 -1.534390000000013970e+03
3.673208000000000084e+03 -1.517390000000013970e+03
3.686913999999999760e+03 -1.516390000000013970e+03
3.700619999999999891e+03 -5.643900000000139698e+02
3.714326000000000022e+03 -8.853900000000139698e+02
3.728031999999999698e+03 -1.378390000000013970e+03
3.741737999999999829e+03 -1.169390000000013970e+03
3.755443999999999960e+03 -1.152390000000013970e+03
3.769150000000000091e+03 -1.258390000000013970e+03
3.782855999999999767e+03 -1.075390000000013970e+03
3.796561999999999898e+03 -9.153900000000139698e+02
3.810268000000000029e+03 -1.560390000000013970e+03
3.823973999999999705e+03 -1.770390000000013970e+03
3.837679999999999836e+03 -1.494390000000013970e+03
3.851385999999999967e+03 -1.166390000000013970e+03
3.865091999999999643e+03 -1.270390000000013970e+03
3.878797999999999774e+03 -1.318390000000013970e+03
3.892503999999999905e+03 -6.933900000000139698e+02
3.906210000000000036e+03 -1.562390000000013970e+03
3.919915999999999713e+03 -1.881390000000013970e+03
3.933621999999999844e+03 -6.873900000000139698e+02
3.947327999999999975e+03 -7.383900000000139698e+02
3.961033999999999651e+03 -1.042390000000013970e+03
3.974739999999999782e+03 -8.683900000000139698e+02
3.988445999999999913e+03 -1.091390000000013970e+03
4.002152000000000044e+03 -1.248390000000013970e+03
4.015857999999999720e+03 -6.093900000000139698e+02
4.029563999999999851e+03 -1.221390000000013970e+03
4.043269999999999982e+03 -1.639000000001396984e+01
4.056975999999999658e+03 -5.303900000000139698e+02
4.070681999999999789e+03 -1.062390000000013970e+03
4.084387999999999920e+03 -1.529390000000013970e+03
4.098094000000000051e+03 -1.528390000000013970e+03
4.111800000000000182e+03 -1.590390000000013970e+03
4.125505999999999403e+03 -1.137390000000013970e+03
4.139211999999999534e+03 -7.233900000000139698e+02
4.152917999999999665e+03 -1.524390000000013970e+03
4.166623999999999796e+03 -1.781390000000013970e+03
4.180329999999999927e+03 -1.582390000000013970e+03
4.194036000000000058e+03 -1.755390000000013970e+03
4.207742000000000189e+03 -1.552390000000013970e+03
4.221447999999999411e+03 -1.425390000000013970e+03
4.235153999999999542e+03 -7.603900000000139698e+02
4.248859999999999673e+03 -1.372390000000013970e+03
4.262565999999999804e+03 -1.413390000000013970e+03
4.276271999999999935e+03 -6.703900000000139698e+02
4.289978000000000065e+03 -1.279390000000013970e+03
4.303684000000000196e+03 -1.794390000000013970e+03
4.317389999999999418e+03 -1.512390000000013970e+03
4.331095999999999549e+03 -1.727390000000013970e+03
4.344801999999999680e+03 -4.039000000001396984e+01
4.358507999999999811e+03 -5.093900000000139698e+02
4.372213999999999942e+03 -1.005390000000013970e+03
4.385920000000000073e+03 -2.183900000000139698e+02
4.399626000000000204e+03 -1.040390000000013970e+03
4.413331999999999425e+03 -1.305390000000013970e+03
4.427037999999999556e+03 -1.719390000000013970e+03
4.440743999999999687e+03 -1.145390000000013970e+03
4.454449999999999818e+03 -8.183900000000139698e+02
4.468155999999999949e+03 -7.923900000000139698e+02
4.481862000000000080e+03 -1.340390000000013970e+03
4.495568000000000211e+03 -1.627390000000013970e+03
4.509273999999999432e+03 -6.913900000000139698e+02
4.522979999999999563e+03 -1.536390000000013970e+03
4.536685999999999694e+03 -3.393900000000139698e+02
4.550391999999999825e+03 2.566099999999860302e+02
4.564097999999999956e+03 -1.075390000000013970e+03
4.577804000000000087e+03 2.426099999999860302e+02
4.591510000000000218e+03 -8.543900000000139698e+02
4.605215999999999440e+03 -9.813900000000139698e+02
4.618921999999999571e+03 -8.443900000000139698e+02
4.632627999999999702e+03 -1.147390000000013970e+03
4.646333999999999833e+03 -1.423390000000013970e+03
4.660039999999999964e+03 -1.023390000000013970e+03
4.673746000000000095e+03 2.160999999998603016e+01
4.687452000000000226e+03 -5.653900000000139698e+02
4.701157999999999447e+03 -1.226390000000013970e+03
4.714863999999999578e+03 -5.703900000000139698e+02
4.728569999999999709e+03 6.099999999860301614e-01
4.742275999999999840e+03 4.036099999999860302e+02
4.755981999999999971e+03 -4.673900000000139698e+02
4.769688000000000102e+03 -1.539000000001396984e+01
4.783394000000000233e+03 5.060999999998603016e+01
4.797099999999999454e+03 -2.683900000000139698e+02
4.810805999999999585e+03 8.496099999999860302e+02
4.824511999999999716e+03 3.796099999999860302e+02
4.838217999999999847e+03 5.536099999999860302e+02
4.851923999999999978e+03 2.037609999999986030e+03
4.865630000000000109e+03 5.396099999999860302e+02
4.879336000000000240e+03 5.116099999999860302e+02
4.893041999999999462e+03 9.636099999999860302e+02
4.906747999999999593e+03 8.556099999999860302e+02
4.920453999999999724e+03 8.560999999998603016e+01
4.934159999999999854e+03 5.726099999999860302e+02
4.947865999999999985e+03 5.736099999999860302e+02
4.961572000000000116e+03 1.896099999999860302e+02
4.975278000000000247e+03 6.126099999999860302e+02
4.988983999999999469e+03 8.346099999999860302e+02
5.002689999999999600e+03 7.666099999999860302e+02
5.016395999999999731e+03 1.366099999999860302e+02
5.030101999999999862e+03 3.816099999999860302e+02
5.043807999999999993e+03 6.876099999999860302e+02
5.057514000000000124e+03 3.809609999999986030e+03
5.071220000000000255e+03 4.609999999986030161e+00
5.084925999999999476e+03 4.166099999999860302e+02
5.098631999999999607e+03 9.446099999999860302e+02
5.112337999999999738e+03 5.586099999999860302e+02
5.126043999999999869e+03 8.256099999999860302e+02
5.139750000000000000e+03 1.116609999999986030e+03
5.153456000000000131e+03 1.123609999999986030e+03
5.167162000000000262e+03 1.447609999999986030e+03
5.180867999999999483e+03 1.626609999999986030e+03
5.194573999999999614e+03 1.011609999999986030e+03
5.208279999999999745e+03 9.056099999999860302e+02
5.221985999999999876e+03 1.336609999999986030e+03
5.235692000000000007e+03 6.666099999999860302e+02
5.249398000000000138e+03 2.566099999999860302e+02
5.263103999999999360e+03 1.909609999999986030e+03
5.276809999999999491e+03 1.957609999999986030e+03
5.290515999999999622e+03 5.606099999999860302e+02
5.304221999999999753e+03 1.020609999999986030e+03
5.317927999999999884e+03 1.371609999999986030e+03
5.331634000000000015e+03 6.396099999999860302e+02
5.345340000000000146e+03 1.039609999999986030e+03
5.359045999999999367e+03 5.956099999999860302e+02
5.372751999999999498e+03 1.685609999999986030e+03
5.386457999999999629e+03 4.696099999999860302e+02
5.400163999999999760e+03 -3.239000000001396984e+01
5.413869999999999891e+03 6.406099999999860302e+02
5.427576000000000022e+03 5.186099999999860302e+02
5.441282000000000153e+03 4.286099999999860302e+02
5.454987999999999374e+03 2.106609999999986030e+03
5.468693999999999505e+03 1.069609999999986030e+03
5.482399999999999636e+03 4.756099999999860302e+02
5.496105999999999767e+03 4.516099999999860302e+02
5.509811999999999898e+03 3.476099999999860302e+02
5.523518000000000029e+03 1.007609999999986030e+03
5.537224000000000160e+03 8.406099999999860302e+02
5.550929999999999382e+03 9.476099999999860302e+02
5.564635999999999513e+03 1.056609999999986030e+03
5.578341999999999643e+03 1.321609999999986030e+03
5.592047999999999774e+03 1.324609999999986030e+03
5.605753999999999905e+03 2.596099999999860302e+02
5.619460000000000036e+03 1.470609999999986030e+03
5.633166000000000167e+03 1.043609999999986030e+03
5.646871999999999389e+03 8.706099999999860302e+02
5.660577999999999520e+03 9.346099999999860302e+02
5.674283999999999651e+03 8.256099999999860302e+02
5.687989999999999782e+03 9.216099999999860302e+02
5.701695999999999913e+03 1.560999999998603016e+01
5.715402000000000044e+03 5.106099999999860302e+02
5.729108000000000175e+03 1.748609999999986030e+03
5.742813999999999396e+03 8.426099999999860302e+02
5.756519999999999527e+03 2.451609999999986030e+03
5.770225999999999658e+03 1.426609999999986030e+03
5.783931999999999789e+03 1.637609999999986030e+03
5.797637999999999920e+03 1.369609999999986030e+03
5.811344000000000051e+03 9.576099999999860302e+02
5.825050000000000182e+03 7.826099999999860302e+02
5.838755999999999403e+03 -5.254390000000013970e+03
5.852461999999999534e+03 -1.186139000000001397e+04
5.866167999999999665e+03 -1.187739000000001397e+04
5.879873999999999796e+03 -1.166539000000001397e+04
5.893579999999999927e+03 -1.183439000000001397e+04
5.907286000000000058e+03 -1.155239000000001397e+04
5.920992000000000189e+03 -1.149639000000001397e+04
5.934697999999999411e+03 -1.185139000000001397e+04
5.948403999999999542e+03 -1.179839000000001397e+04
5.962109999999999673e+03 -1.157339000000001397e+04
5.975815999999999804e+03 -1.186239000000001397e+04
5.989521999999999935e+03 -1.183039000000001397e+04
6.003228000000000065e+03 -1.190439000000001397e+04
6.016934000000000196e+03 -1.162739000000001397e+04
6.030639999999999418e+03 -1.171139000000001397e+04
6.044345999999999549e+03 -1.166439000000001397e+04
6.058051999999999680e+03 -1.176339000000001397e+04
6.071757999999999811e+03 -1.163039000000001397e+04
6.085463999999999942e+03 -1.187039000000001397e+04
6.099170000000000073e+03 -1.169639000000001397e+04
6.112876000000000204e+03 -1.183639000000001397e+04
6.126581999999999425e+03 -1.174839000000001397e+04
6.140287999999999556e+03 -1.175939000000001397e+04
6.153993999999999687e+03 -1.165739000000001397e+04
