-2.796617761732852159e+03 1.265599999999976717e+03
-2.778804909747292641e+03 -5.586400000000023283e+03
-2.760992057761733122e+03 -7.192400000000023283e+03
-2.743179205776173603e+03 -8.031400000000023283e+03
-2.725366353790614085e+03 -8.428400000000023283e+03
-2.707553501805054566e+03 -8.486400000000023283e+03
-2.689740649819495047e+03 -8.922400000000023283e+03
-2.671927797833935074e+03 -9.217400000000023283e+03
-2.654114945848375555e+03 -9.327400000000023283e+03
-2.636302093862816037e+03 -9.494400000000023283e+03
-2.618489241877256518e+03 -9.791400000000023283e+03
-2.600676389891696999e+03 -1.004940000000002328e+04
-2.582863537906137481e+03 -5.002400000000023283e+03
-2.565050685920577962e+03 -5.040000000002328306e+01
-2.547237833935018443e+03 -5.524000000000232831e+02
-2.529424981949458925e+03 -8.404000000000232831e+02
-2.511612129963898951e+03 -1.150400000000023283e+03
-2.493799277978339433e+03 -2.364000000000232831e+02
-2.475986425992779914e+03 -6.584000000000232831e+02
-2.458173574007220395e+03 -8.434000000000232831e+02
-2.440360722021660877e+03 -7.474000000000232831e+02
-2.422547870036101358e+03 -1.236400000000023283e+03
-2.404735018050541839e+03 -7.424000000000232831e+02
-2.386922166064982321e+03 1.492599999999976717e+03
-2.369109314079422802e+03 -1.599400000000023283e+03
-2.351296462093862829e+03 -1.173400000000023283e+03
-2.333483610108303310e+03 -4.034000000000232831e+02
-2.315670758122743791e+03 -2.079400000000023283e+03
-2.297857906137184273e+03 -1.223400000000023283e+03
-2.280045054151624754e+03 -1.330400000000023283e+03
-2.262232202166065235e+03 -1.445400000000023283e+03
-2.244419350180505717e+03 -1.504400000000023283e+03
-2.226606498194946198e+03 -2.054400000000023283e+03
-2.208793646209386679e+03 -2.153400000000023283e+03
-2.190980794223826706e+03 -2.488400000000023283e+03
-2.173167942238267187e+03 -1.744400000000023283e+03
-2.155355090252707669e+03 -1.918400000000023283e+03
-2.137542238267148150e+03 -1.981400000000023283e+03
-2.119729386281588631e+03 -1.026400000000023283e+03
-2.101916534296029113e+03 -2.346400000000023283e+03
-2.084103682310469594e+03 -1.706400000000023283e+03
-2.066290830324910075e+03 -2.130400000000023283e+03
-2.048477978339350557e+03 -1.513400000000023283e+03
-2.030665126353790811e+03 -1.999400000000023283e+03
-2.012852274368231292e+03 -1.863400000000023283e+03
-1.995039422382671546e+03 -1.881400000000023283e+03
-1.977226570397112027e+03 -1.770400000000023283e+03
-1.959413718411552509e+03 -1.987400000000023283e+03
-1.941600866425992990e+03 -2.133400000000023283e+03
-1.923788014440433471e+03 -2.053400000000023283e+03
-1.905975162454873725e+03 -2.141400000000023283e+03
-1.888162310469314207e+03 -2.231400000000023283e+03
-1.870349458483754688e+03 -2.315400000000023283e+03
-1.852536606498195169e+03 -1.224400000000023283e+03
-1.834723754512635651e+03 -1.341400000000023283e+03
-1.816910902527075905e+03 -2.387400000000023283e+03
-1.799098050541516386e+03 -1.878400000000023283e+03
-1.781285198555956867e+03 -2.115400000000023283e+03
-1.763472346570397349e+03 -2.132400000000023283e+03
-1.745659494584837603e+03 -2.598400000000023283e+03
-1.727846642599278084e+03 -2.467400000000023283e+03
-1.710033790613718566e+03 -1.423400000000023283e+03
-1.692220938628159047e+03 -2.273400000000023283e+03
-1.674408086642599528e+03 -1.739400000000023283e+03
-1.656595234657039782e+03 -1.749400000000023283e+03
-1.638782382671480264e+03 -1.249400000000023283e+03
-1.620969530685920745e+03 -2.413400000000023283e+03
-1.603156678700361226e+03 -1.570400000000023283e+03
-1.585343826714801480e+03 -2.376400000000023283e+03
-1.567530974729241962e+03 -2.052400000000023283e+03
-1.549718122743682443e+03 -2.220400000000023283e+03
-1.531905270758122924e+03 -2.514400000000023283e+03
-1.514092418772563406e+03 -2.031400000000023283e+03
-1.496279566787003660e+03 -1.524400000000023283e+03
-1.478466714801444141e+03 -1.587400000000023283e+03
-1.460653862815884622e+03 -2.384400000000023283e+03
-1.442841010830325104e+03 -1.964400000000023283e+03
-1.425028158844765585e+03 -1.631400000000023283e+03
-1.407215306859205839e+03 -2.362400000000023283e+03
-1.389402454873646320e+03 -2.210400000000023283e+03
-1.371589602888086802e+03 -1.663400000000023283e+03
-1.353776750902527283e+03 -2.516400000000023283e+03
-1.335963898916967537e+03 -1.391400000000023283e+03
-1.318151046931408018e+03 -1.900400000000023283e+03
-1.300338194945848500e+03 -2.048400000000023283e+03
-1.282525342960288981e+03 -2.506400000000023283e+03
-1.264712490974729462e+03 -1.933400000000023283e+03
-1.246899638989169716e+03 -2.227400000000023283e+03
-1.229086787003610198e+03 -1.937400000000023283e+03
-1.211273935018050679e+03 -2.436400000000023283e+03
-1.193461083032491160e+03 -2.337400000000023283e+03
-1.175648231046931414e+03 -2.393400000000023283e+03
-1.157835379061371896e+03 -1.901400000000023283e+03
-1.140022527075812377e+03 -1.697400000000023283e+03
-1.122209675090252858e+03 -2.018400000000023283e+03
-1.104396823104693340e+03 -2.147400000000023283e+03
-1.086583971119133594e+03 -1.924400000000023283e+03
-1.068771119133574075e+03 -1.868400000000023283e+03
-1.050958267148014556e+03 -1.045400000000023283e+03
-1.033145415162455038e+03 -1.760400000000023283e+03
-1.015332563176895405e+03 -1.613400000000023283e+03
-9.975197111913357730e+02 -2.322400000000023283e+03
-9.797068592057762544e+02 -1.857400000000023283e+03
-9.618940072202167357e+02 -2.186400000000023283e+03
-9.440811552346571034e+02 -1.648400000000023283e+03
-9.262683032490975847e+02 -1.510400000000023283e+03
-9.084554512635379524e+02 -2.040400000000023283e+03
-8.906425992779784337e+02 -2.248400000000023283e+03
-8.728297472924188014e+02 -2.790400000000023283e+03
-8.550168953068592828e+02 -1.511400000000023283e+03
-8.372040433212997641e+02 -2.324400000000023283e+03
-8.193911913357401318e+02 -2.245400000000023283e+03
-8.015783393501806131e+02 -2.113400000000023283e+03
-7.837654873646209808e+02 -2.763400000000023283e+03
-7.659526353790614621e+02 -2.187400000000023283e+03
-7.481397833935018298e+02 -2.702400000000023283e+03
-7.303269314079423111e+02 -2.528400000000023283e+03
-7.125140794223827925e+02 -2.762400000000023283e+03
-6.947012274368231601e+02 -1.509400000000023283e+03
-6.768883754512636415e+02 -2.446400000000023283e+03
-6.590755234657040091e+02 -2.270400000000023283e+03
-6.412626714801444905e+02 -2.625400000000023283e+03
-6.234498194945848581e+02 -2.243400000000023283e+03
-6.056369675090253395e+02 -2.008400000000023283e+03
-5.878241155234657072e+02 -1.858400000000023283e+03
-5.700112635379061885e+02 -2.107400000000023283e+03
-5.521984115523466699e+02 -1.673400000000023283e+03
-5.343855595667870375e+02 -1.248400000000023283e+03
-5.165727075812275189e+02 -1.335400000000023283e+03
-4.987598555956678865e+02 -1.807400000000023283e+03
-4.809470036101083679e+02 -2.298400000000023283e+03
-4.631341516245487924e+02 -2.348400000000023283e+03
-4.453212996389892169e+02 -2.548400000000023283e+03
-4.275084476534296414e+02 -2.422400000000023283e+03
-4.096955956678700659e+02 -1.468400000000023283e+03
-3.918827436823104904e+02 -2.738400000000023283e+03
-3.740698916967509149e+02 -2.741400000000023283e+03
-3.562570397111913962e+02 -2.075400000000023283e+03
-3.384441877256318207e+02 -1.681400000000023283e+03
-3.206313357400722452e+02 -2.152400000000023283e+03
-3.028184837545126697e+02 -1.526400000000023283e+03
-2.850056317689530943e+02 -7.784000000000232831e+02
-2.671927797833935188e+02 -1.525400000000023283e+03
-2.493799277978339433e+02 -2.269400000000023283e+03
-2.315670758122743962e+02 -2.089400000000023283e+03
-2.137542238267148207e+02 -1.414400000000023283e+03
-1.959413718411552452e+02 -1.853400000000023283e+03
-1.781285198555956981e+02 -1.927400000000023283e+03
-1.603156678700361226e+02 -1.576400000000023283e+03
-1.425028158844765471e+02 -1.006400000000023283e+03
-1.246899638989169716e+02 2.615999999999767169e+02
-1.068771119133574103e+02 9.559999999997671694e+01
-8.906425992779784906e+01 2.616599999999976717e+03
-7.125140794223827356e+01 7.072599999999976717e+03
-5.343855595667870517e+01 1.556959999999997672e+04
-3.562570397111913678e+01 3.240559999999997672e+04
-1.781285198555956839e+01 5.818559999999997672e+04
0.000000000000000000e+00 9.949059999999997672e+04
1.781285198555956839e+01 1.646055999999999767e+05
3.562570397111913678e+01 2.519055999999999767e+05
5.343855595667870517e+01 3.656425999999999767e+05
7.125140794223827356e+01 5.013375999999999767e+05
8.906425992779784906e+01 6.702455999999999767e+05
1.068771119133574103e+02 8.568825999999999767e+05
1.246899638989169716e+02 1.057377600000000093e+06
1.425028158844765471e+02 1.272567600000000093e+06
1.603156678700361226e+02 1.502868600000000093e+06
1.781285198555956981e+02 1.723922600000000093e+06
1.959413718411552452e+02 1.923652600000000093e+06
2.137542238267148207e+02 2.114669600000000093e+06
2.315670758122743962e+02 2.302857600000000093e+06
2.493799277978339433e+02 2.481774600000000093e+06
2.671927797833935188e+02 2.661148600000000093e+06
2.850056317689530943e+02 2.821277600000000093e+06
3.028184837545126697e+02 2.967743600000000093e+06
3.206313357400722452e+02 3.098176600000000093e+06
3.384441877256318207e+02 3.206206600000000093e+06
3.562570397111913962e+02 3.297566600000000093e+06
3.740698916967509149e+02 3.367412600000000093e+06
3.918827436823104904e+02 3.442608600000000093e+06
4.096955956678700659e+02 3.500160600000000093e+06
4.275084476534296414e+02 3.544040600000000093e+06
4.453212996389892169e+02 3.584885600000000093e+06
4.631341516245487924e+02 3.620475600000000093e+06
4.809470036101083679e+02 3.649156600000000093e+06
4.987598555956678865e+02 3.663620600000000093e+06
5.165727075812275189e+02 3.668563600000000093e+06
5.343855595667870375e+02 3.689198600000000093e+06
5.521984115523466699e+02 3.708136600000000093e+06
5.700112635379061885e+02 3.716954600000000093e+06
5.878241155234657072e+02 3.720386600000000093e+06
6.056369675090253395e+02 3.722862600000000093e+06
6.234498194945848581e+02 3.727993600000000093e+06
6.412626714801444905e+02 3.714578600000000093e+06
6.590755234657040091e+02 3.717974600000000093e+06
6.768883754512636415e+02 3.713074600000000093e+06
6.947012274368231601e+02 3.706373600000000093e+06
7.125140794223827925e+02 3.705092600000000093e+06
7.303269314079423111e+02 3.704945600000000093e+06
7.481397833935018298e+02 3.697441600000000093e+06
7.659526353790614621e+02 3.697084600000000093e+06
7.837654873646209808e+02 3.702629600000000093e+06
8.015783393501806131e+02 3.697464600000000093e+06
8.193911913357401318e+02 3.691060600000000093e+06
8.372040433212997641e+02 3.715153600000000093e+06
8.550168953068592828e+02 3.735164600000000093e+06
8.728297472924188014e+02 3.728720600000000093e+06
8.906425992779784337e+02 3.767734600000000093e+06
9.084554512635379524e+02 3.778255600000000093e+06
9.262683032490975847e+02 3.761989600000000093e+06
9.440811552346571034e+02 3.760786600000000093e+06
9.618940072202167357e+02 3.795127600000000093e+06
9.797068592057762544e+02 3.784929600000000093e+06
9.975197111913357730e+02 3.765994600000000093e+06
1.015332563176895405e+03 3.764121600000000093e+06
1.033145415162455038e+03 3.770726600000000093e+06
1.050958267148014556e+03 3.788253600000000093e+06
1.068771119133574075e+03 3.775009600000000093e+06
1.086583971119133594e+03 3.780448600000000093e+06
1.104396823104693340e+03 3.771239600000000093e+06
1.122209675090252858e+03 3.758583600000000093e+06
1.140022527075812377e+03 3.785746600000000093e+06
1.157835379061371896e+03 3.806072600000000093e+06
1.175648231046931414e+03 3.827373600000000093e+06
1.193461083032491160e+03 3.825066600000000093e+06
1.211273935018050679e+03 3.820657600000000093e+06
1.229086787003610198e+03 3.826711600000000093e+06
1.246899638989169716e+03 3.824202600000000093e+06
1.264712490974729462e+03 3.815893600000000093e+06
1.282525342960288981e+03 3.814815600000000093e+06
1.300338194945848500e+03 3.808765600000000093e+06
1.318151046931408018e+03 3.802894600000000093e+06
1.335963898916967537e+03 3.790528600000000093e+06
1.353776750902527283e+03 3.765076600000000093e+06
1.371589602888086802e+03 3.751162600000000093e+06
1.389402454873646320e+03 3.729536600000000093e+06
1.407215306859205839e+03 3.670343600000000093e+06
1.425028158844765585e+03 3.620255600000000093e+06
1.442841010830325104e+03 3.547772600000000093e+06
1.460653862815884622e+03 3.456359600000000093e+06
1.478466714801444141e+03 3.346636600000000093e+06
1.496279566787003660e+03 3.210926600000000093e+06
1.514092418772563406e+03 3.037625600000000093e+06
1.531905270758122924e+03 2.835836600000000093e+06
1.549718122743682443e+03 2.623495600000000093e+06
1.567530974729241962e+03 2.402508600000000093e+06
1.585343826714801480e+03 2.163488600000000093e+06
1.603156678700361226e+03 1.920214600000000093e+06
1.620969530685920745e+03 1.674713600000000093e+06
1.638782382671480264e+03 1.443945600000000093e+06
1.656595234657039782e+03 1.226687600000000093e+06
1.674408086642599528e+03 1.030998599999999977e+06
1.692220938628159047e+03 8.510555999999999767e+05
1.710033790613718566e+03 6.889285999999999767e+05
1.727846642599278084e+03 5.491125999999999767e+05
1.745659494584837603e+03 4.301305999999999767e+05
1.763472346570397349e+03 3.293865999999999767e+05
1.781285198555956867e+03 2.472805999999999767e+05
1.799098050541516386e+03 1.845025999999999767e+05
1.816910902527075905e+03 1.367125999999999767e+05
1.834723754512635651e+03 1.005415999999999767e+05
1.852536606498195169e+03 7.492259999999997672e+04
1.870349458483754688e+03 5.779359999999997672e+04
1.888162310469314207e+03 4.702959999999997672e+04
1.905975162454873725e+03 3.754059999999997672e+04
1.923788014440433471e+03 3.425059999999997672e+04
1.941600866425992990e+03 3.090159999999997672e+04
1.959413718411552509e+03 3.049559999999997672e+04
1.977226570397112027e+03 2.862459999999997672e+04
1.995039422382671546e+03 2.873459999999997672e+04
2.012852274368231292e+03 2.900859999999997672e+04
2.030665126353790811e+03 2.738659999999997672e+04
2.048477978339350557e+03 2.695359999999997672e+04
2.066290830324910075e+03 2.667859999999997672e+04
2.084103682310469594e+03 2.542259999999997672e+04
2.101916534296029113e+03 2.391359999999997672e+04
2.119729386281588631e+03 2.234459999999997672e+04
2.137542238267148150e+03 2.155159999999997672e+04
2.155355090252707669e+03 2.006059999999997672e+04
2.173167942238267187e+03 1.880159999999997672e+04
2.190980794223826706e+03 1.766659999999997672e+04
2.208793646209386679e+03 1.688759999999997672e+04
2.226606498194946198e+03 1.451359999999997672e+04
2.244419350180505717e+03 1.319059999999997672e+04
2.262232202166065235e+03 1.193359999999997672e+04
2.280045054151624754e+03 1.008359999999997672e+04
2.297857906137184273e+03 8.599599999999976717e+03
2.315670758122743791e+03 9.457599999999976717e+03
2.333483610108303310e+03 9.067599999999976717e+03
2.351296462093862829e+03 7.839599999999976717e+03
2.369109314079422802e+03 7.404599999999976717e+03
2.386922166064982321e+03 6.195599999999976717e+03
2.404735018050541839e+03 5.267599999999976717e+03
2.422547870036101358e+03 5.487599999999976717e+03
2.440360722021660877e+03 4.903599999999976717e+03
2.458173574007220395e+03 3.689599999999976717e+03
2.475986425992779914e+03 4.232599999999976717e+03
2.493799277978339433e+03 3.495599999999976717e+03
2.511612129963898951e+03 2.354599999999976717e+03
2.529424981949458925e+03 1.676599999999976717e+03
2.547237833935018443e+03 1.396599999999976717e+03
2.565050685920577962e+03 1.511599999999976717e+03
2.582863537906137481e+03 1.833599999999976717e+03
2.600676389891696999e+03 2.625999999999767169e+02
2.618489241877256518e+03 5.275999999999767169e+02
2.636302093862816037e+03 1.815999999999767169e+02
2.654114945848375555e+03 5.615999999999767169e+02
2.671927797833935074e+03 -4.084000000000232831e+02
2.689740649819495047e+03 -9.854000000000232831e+02
2.707553501805054566e+03 -2.094000000000232831e+02
2.725366353790614085e+03 -4.040000000002328306e+01
2.743179205776173603e+03 -5.394000000000232831e+02
2.760992057761733122e+03 -1.779400000000023283e+03
2.778804909747292641e+03 -1.601400000000023283e+03
2.796617761732852159e+03 -8.564000000000232831e+02
2.814430613718411678e+03 -1.261400000000023283e+03
2.832243465703971196e+03 -9.104000000000232831e+02
2.850056317689531170e+03 -1.431400000000023283e+03
2.867869169675090689e+03 -1.461400000000023283e+03
2.885682021660650207e+03 -1.843400000000023283e+03
2.903494873646209726e+03 1.436599999999976717e+03
2.921307725631769245e+03 -1.827400000000023283e+03
2.939120577617328763e+03 -1.956400000000023283e+03
2.956933429602888282e+03 -2.043400000000023283e+03
2.974746281588447800e+03 -2.179400000000023283e+03
2.992559133574007319e+03 -2.377400000000023283e+03
3.010371985559566838e+03 -8.104000000000232831e+02
3.028184837545126811e+03 5.800599999999976717e+03
3.045997689530686330e+03 -1.809400000000023283e+03
3.063810541516245848e+03 -1.582400000000023283e+03
3.081623393501805367e+03 -1.497400000000023283e+03
3.099436245487364886e+03 -1.293400000000023283e+03
3.117249097472924404e+03 -1.661400000000023283e+03
3.135061949458483923e+03 -6.824000000000232831e+02
3.152874801444043442e+03 -2.076400000000023283e+03
3.170687653429602960e+03 -1.405400000000023283e+03
3.188500505415162934e+03 4.284599999999976717e+03
3.206313357400722452e+03 -1.357400000000023283e+03
3.224126209386281971e+03 -5.134000000000232831e+02
3.241939061371841490e+03 -5.364000000000232831e+02
3.259751913357401008e+03 -1.294400000000023283e+03
3.277564765342960527e+03 -1.316400000000023283e+03
3.295377617328520046e+03 -1.926400000000023283e+03
3.313190469314079564e+03 -1.905400000000023283e+03
3.331003321299639083e+03 -1.358400000000023283e+03
3.348816173285199056e+03 -1.288400000000023283e+03
3.366629025270758575e+03 -8.784000000000232831e+02
3.384441877256318094e+03 -1.486400000000023283e+03
3.402254729241877612e+03 -1.654400000000023283e+03
3.420067581227437131e+03 -1.301400000000023283e+03
3.437880433212996650e+03 -2.361400000000023283e+03
3.455693285198556168e+03 -2.230400000000023283e+03
3.473506137184115687e+03 4.715999999999767169e+02
3.491318989169675206e+03 -1.913400000000023283e+03
3.509131841155235179e+03 -1.169400000000023283e+03
3.526944693140794698e+03 -1.852400000000023283e+03
3.544757545126354216e+03 -2.168400000000023283e+03
3.562570397111913735e+03 -1.872400000000023283e+03
3.580383249097473254e+03 -1.905400000000023283e+03
3.598196101083032772e+03 -2.126400000000023283e+03
3.616008953068592291e+03 -2.348400000000023283e+03
3.633821805054151810e+03 -2.082400000000023283e+03
3.651634657039711328e+03 -1.498400000000023283e+03
3.669447509025271302e+03 -1.209400000000023283e+03
3.687260361010830820e+03 -1.540400000000023283e+03
3.705073212996390339e+03 -2.458400000000023283e+03
3.722886064981949858e+03 -2.070400000000023283e+03
3.740698916967509376e+03 -1.885400000000023283e+03
3.758511768953068895e+03 -1.265400000000023283e+03
3.776324620938628414e+03 -1.353400000000023283e+03
3.794137472924187932e+03 -2.092400000000023283e+03
3.811950324909747451e+03 -1.689400000000023283e+03
3.829763176895307424e+03 -1.672400000000023283e+03
3.847576028880866943e+03 -2.665400000000023283e+03
3.865388880866426462e+03 -1.674400000000023283e+03
3.883201732851985980e+03 -1.556400000000023283e+03
3.901014584837545499e+03 -2.430400000000023283e+03
3.918827436823105018e+03 -2.326400000000023283e+03
3.936640288808664536e+03 -1.868400000000023283e+03
3.954453140794224055e+03 -9.114000000000232831e+02
3.972265992779783573e+03 -1.624400000000023283e+03
3.990078844765343092e+03 -1.883400000000023283e+03
4.007891696750903066e+03 -1.470400000000023283e+03
4.025704548736462584e+03 -2.078400000000023283e+03
4.043517400722022103e+03 -1.103400000000023283e+03
4.061330252707581622e+03 -4.074000000000232831e+02
4.079143104693141140e+03 -1.412400000000023283e+03
4.096955956678701114e+03 -1.029400000000023283e+03
4.114768808664260177e+03 -1.311400000000023283e+03
4.132581660649820151e+03 -1.392400000000023283e+03
4.150394512635379215e+03 -1.325400000000023283e+03
4.168207364620939188e+03 -1.401400000000023283e+03
4.186020216606498252e+03 -1.922400000000023283e+03
4.203833068592058225e+03 -3.314000000000232831e+02
4.221645920577617289e+03 -1.055400000000023283e+03
4.239458772563177263e+03 -1.585400000000023283e+03
4.257271624548737236e+03 -1.653400000000023283e+03
4.275084476534296300e+03 -1.824400000000023283e+03
4.292897328519856273e+03 -1.288400000000023283e+03
4.310710180505415337e+03 -1.321400000000023283e+03
4.328523032490975311e+03 -8.844000000000232831e+02
4.346335884476534375e+03 -7.974000000000232831e+02
4.364148736462094348e+03 -1.717400000000023283e+03
4.381961588447653412e+03 -1.775400000000023283e+03
4.399774440433213385e+03 -1.714400000000023283e+03
4.417587292418773359e+03 -1.328400000000023283e+03
4.435400144404332423e+03 -9.614000000000232831e+02
4.453212996389892396e+03 -7.374000000000232831e+02
4.471025848375451460e+03 -1.351400000000023283e+03
4.488838700361011433e+03 -7.534000000000232831e+02
4.506651552346570497e+03 -3.964000000000232831e+02
4.524464404332130471e+03 -9.164000000000232831e+02
4.542277256317689535e+03 -1.747400000000023283e+03
4.560090108303249508e+03 -9.464000000000232831e+02
4.577902960288809481e+03 -8.764000000000232831e+02
4.595715812274368545e+03 -5.704000000000232831e+02
4.613528664259928519e+03 -6.440000000002328306e+01
4.631341516245487583e+03 -5.334000000000232831e+02
4.649154368231047556e+03 2.625999999999767169e+02
4.666967220216606620e+03 -2.034000000000232831e+02
4.684780072202166593e+03 -8.704000000000232831e+02
4.702592924187725657e+03 -9.664000000000232831e+02
4.720405776173285631e+03 -2.004000000000232831e+02
4.738218628158845604e+03 -5.074000000000232831e+02
4.756031480144404668e+03 -7.774000000000232831e+02
4.773844332129964641e+03 -5.534000000000232831e+02
4.791657184115523705e+03 1.399599999999976717e+03
4.809470036101083679e+03 5.795999999999767169e+02
4.827282888086642743e+03 -6.614000000000232831e+02
4.845095740072202716e+03 -1.604000000000232831e+02
4.862908592057761780e+03 2.605999999999767169e+02
4.880721444043321753e+03 -6.294000000000232831e+02
4.898534296028881727e+03 7.865999999999767169e+02
4.916347148014440791e+03 -1.954000000000232831e+02
4.934160000000000764e+03 -4.440000000002328306e+01
4.951972851985559828e+03 -3.854000000000232831e+02
4.969785703971119801e+03 -7.324000000000232831e+02
4.987598555956678865e+03 -1.425400000000023283e+03
5.005411407942238839e+03 -9.404000000000232831e+02
5.023224259927797902e+03 -2.424000000000232831e+02
5.041037111913357876e+03 -4.894000000000232831e+02
5.058849963898917849e+03 -6.544000000000232831e+02
5.076662815884476913e+03 -4.434000000000232831e+02
5.094475667870036887e+03 1.735999999999767169e+02
5.112288519855595951e+03 5.615999999999767169e+02
5.130101371841155924e+03 -4.174000000000232831e+02
5.147914223826714988e+03 -1.224000000000232831e+02
5.165727075812274961e+03 1.055999999999767169e+02
5.183539927797834025e+03 -5.974000000000232831e+02
5.201352779783393999e+03 -1.864000000000232831e+02
5.219165631768953972e+03 -6.424000000000232831e+02
5.236978483754513036e+03 -7.094000000000232831e+02
5.254791335740073009e+03 9.565999999999767169e+02
5.272604187725632073e+03 2.105999999999767169e+02
5.290417039711192047e+03 3.775999999999767169e+02
5.308229891696751110e+03 4.805999999999767169e+02
5.326042743682311084e+03 8.345999999999767169e+02
5.343855595667870148e+03 8.125999999999767169e+02
5.361668447653430121e+03 6.645999999999767169e+02
5.379481299638990095e+03 6.755999999999767169e+02
5.397294151624549158e+03 8.385999999999767169e+02
5.415107003610109132e+03 5.125999999999767169e+02
5.432919855595668196e+03 3.255999999999767169e+02
5.450732707581228169e+03 6.485999999999767169e+02
5.468545559566787233e+03 5.535999999999767169e+02
5.486358411552347206e+03 7.085999999999767169e+02
5.504171263537906270e+03 4.205999999999767169e+02
5.521984115523466244e+03 3.397599999999976717e+03
5.539796967509026217e+03 -2.564000000000232831e+02
5.557609819494585281e+03 1.000599999999976717e+03
5.575422671480145254e+03 4.925999999999767169e+02
5.593235523465704318e+03 4.625999999999767169e+02
5.611048375451264292e+03 -1.044000000000232831e+02
5.628861227436823356e+03 4.945999999999767169e+02
5.646674079422383329e+03 4.205999999999767169e+02
5.664486931407942393e+03 1.169599999999976717e+03
5.682299783393502366e+03 5.535999999999767169e+02
5.700112635379062340e+03 1.050599999999976717e+03
5.717925487364621404e+03 -1.740000000002328306e+01
5.735738339350181377e+03 3.885999999999767169e+02
5.753551191335740441e+03 1.805999999999767169e+02
5.771364043321300414e+03 -4.864000000000232831e+02
5.789176895306859478e+03 1.335599999999976717e+03
5.806989747292419452e+03 1.187599999999976717e+03
5.824802599277978516e+03 7.259999999997671694e+01
5.842615451263538489e+03 4.905999999999767169e+02
5.860428303249097553e+03 8.575999999999767169e+02
5.878241155234657526e+03 1.165999999999767169e+02
5.896054007220217500e+03 1.200599999999976717e+03
5.913866859205776564e+03 2.965999999999767169e+02
5.931679711191336537e+03 1.683599999999976717e+03
5.949492563176895601e+03 6.925999999999767169e+02
5.967305415162455574e+03 -2.334000000000232831e+02
5.985118267148014638e+03 -6.400000000023283064e+00
6.002931119133574612e+03 4.535999999999767169e+02
6.020743971119133676e+03 5.115999999999767169e+02
6.038556823104693649e+03 1.082599999999976717e+03
6.056369675090253622e+03 9.359999999997671694e+01
6.074182527075812686e+03 -3.354000000000232831e+02
6.091995379061372660e+03 4.325999999999767169e+02
6.109808231046931724e+03 5.975999999999767169e+02
6.127621083032491697e+03 1.610599999999976717e+03
6.145433935018050761e+03 1.065999999999767169e+02
6.163246787003610734e+03 4.685999999999767169e+02
6.181059638989169798e+03 3.459999999997671694e+01
6.198872490974729772e+03 3.755999999999767169e+02
6.216685342960289745e+03 3.685999999999767169e+02
6.234498194945848809e+03 -5.384000000000232831e+02
6.252311046931408782e+03 1.961259999999997672e+04
6.270123898916967846e+03 2.049599999999976717e+03
6.287936750902527820e+03 7.845999999999767169e+02
6.305749602888086883e+03 6.675999999999767169e+02
6.323562454873646857e+03 5.305999999999767169e+02
6.341375306859205921e+03 1.133599999999976717e+03
6.359188158844765894e+03 -2.404000000000232831e+02
6.377001010830325868e+03 8.859999999997671694e+01
6.394813862815884931e+03 1.241599999999976717e+03
6.412626714801444905e+03 5.715999999999767169e+02
6.430439566787003969e+03 1.447599999999976717e+03
6.448252418772563942e+03 3.595999999999767169e+02
6.466065270758123006e+03 9.875999999999767169e+02
6.483878122743682979e+03 6.995999999999767169e+02
6.501690974729242043e+03 8.745999999999767169e+02
6.519503826714802017e+03 3.455999999999767169e+02
6.537316678700361990e+03 -5.225400000000023283e+03
6.555129530685921054e+03 -1.148740000000002328e+04
6.572942382671481028e+03 -1.179240000000002328e+04
6.590755234657040091e+03 -1.177440000000002328e+04
6.608568086642600065e+03 -1.187840000000002328e+04
6.626380938628159129e+03 -1.174740000000002328e+04
6.644193790613719102e+03 -1.172740000000002328e+04
6.662006642599278166e+03 -1.172740000000002328e+04
6.679819494584838139e+03 -1.173440000000002328e+04
6.697632346570398113e+03 -1.183340000000002328e+04
6.715445198555957177e+03 -1.176840000000002328e+04
6.733258050541517150e+03 -1.164240000000002328e+04
6.751070902527076214e+03 -1.188740000000002328e+04
6.768883754512636187e+03 -1.183240000000002328e+04
6.786696606498195251e+03 -1.169040000000002328e+04
6.804509458483755225e+03 -1.180240000000002328e+04
6.822322310469314289e+03 -1.190340000000002328e+04
6.840135162454874262e+03 -1.185440000000002328e+04
6.857948014440434235e+03 -1.174740000000002328e+04
6.875760866425993299e+03 -1.188840000000002328e+04
6.893573718411553273e+03 -1.173140000000002328e+04
6.911386570397112337e+03 -1.181840000000002328e+04
6.929199422382672310e+03 -1.183940000000002328e+04
6.947012274368231374e+03 -1.176640000000002328e+04
