-2.049513691756272692e+03 -8.713699999999953434e+02
-2.035758566308243871e+03 -6.641369999999995343e+03
-2.022003440860215278e+03 -7.608369999999995343e+03
-2.008248315412186457e+03 -8.237369999999995343e+03
-1.994493189964157864e+03 -8.770369999999995343e+03
-1.980738064516129270e+03 -9.139369999999995343e+03
-1.966982939068100450e+03 -9.383369999999995343e+03
-1.953227813620071856e+03 -9.489369999999995343e+03
-1.939472688172043263e+03 -9.989369999999995343e+03
-1.925717562724014442e+03 -9.864369999999995343e+03
-1.911962437275985849e+03 -1.045936999999999534e+04
-1.898207311827957255e+03 -1.041936999999999534e+04
-1.884452186379928435e+03 -5.569369999999995343e+03
-1.870697060931899841e+03 7.630000000004656613e+00
-1.856941935483871248e+03 -5.233699999999953434e+02
-1.843186810035842427e+03 -6.883699999999953434e+02
-1.829431684587813834e+03 -8.223699999999953434e+02
-1.815676559139785013e+03 8.063000000000465661e+01
-1.801921433691756420e+03 -5.083699999999953434e+02
-1.788166308243727826e+03 -8.913699999999953434e+02
-1.774411182795699006e+03 -1.244369999999995343e+03
-1.760656057347670412e+03 -1.352369999999995343e+03
-1.746900931899641819e+03 -9.923699999999953434e+02
-1.733145806451612998e+03 1.395630000000004657e+03
-1.719390681003584405e+03 -1.648369999999995343e+03
-1.705635555555555811e+03 -1.254369999999995343e+03
-1.691880430107526990e+03 -8.693699999999953434e+02
-1.678125304659498397e+03 -1.857369999999995343e+03
-1.664370179211469576e+03 -9.863699999999953434e+02
-1.650615053763440983e+03 -1.601369999999995343e+03
-1.636859928315412390e+03 -1.342369999999995343e+03
-1.623104802867383569e+03 -1.396369999999995343e+03
-1.609349677419354975e+03 -2.299369999999995343e+03
-1.595594551971326382e+03 -2.011369999999995343e+03
-1.581839426523297561e+03 -2.258369999999995343e+03
-1.568084301075268968e+03 -1.673369999999995343e+03
-1.554329175627240375e+03 -1.350369999999995343e+03
-1.540574050179211554e+03 -1.593369999999995343e+03
-1.526818924731182960e+03 -6.383699999999953434e+02
-1.513063799283154367e+03 -2.326369999999995343e+03
-1.499308673835125546e+03 -1.261369999999995343e+03
-1.485553548387096953e+03 -1.815369999999995343e+03
-1.471798422939068132e+03 -1.218369999999995343e+03
-1.458043297491039539e+03 2.136630000000004657e+03
-1.444288172043010945e+03 9.386300000000046566e+02
-1.430533046594982125e+03 -1.813369999999995343e+03
-1.416777921146953531e+03 -1.225369999999995343e+03
-1.403022795698924938e+03 -5.023699999999953434e+02
-1.389267670250896117e+03 -1.488369999999995343e+03
-1.375512544802867524e+03 -1.779369999999995343e+03
-1.361757419354838930e+03 -2.151369999999995343e+03
-1.348002293906810110e+03 -2.170369999999995343e+03
-1.334247168458781516e+03 -2.021369999999995343e+03
-1.320492043010752695e+03 -1.161369999999995343e+03
-1.306736917562724102e+03 -7.313699999999953434e+02
-1.292981792114695509e+03 -1.831369999999995343e+03
-1.279226666666666688e+03 -1.500369999999995343e+03
-1.265471541218638095e+03 -1.786369999999995343e+03
-1.251716415770609501e+03 -1.936369999999995343e+03
-1.237961290322580680e+03 -2.379369999999995343e+03
-1.224206164874552087e+03 -2.652369999999995343e+03
-1.210451039426523494e+03 -1.255369999999995343e+03
-1.196695913978494673e+03 -1.919369999999995343e+03
-1.182940788530466079e+03 -1.928369999999995343e+03
-1.169185663082437486e+03 -1.945369999999995343e+03
-1.155430537634408665e+03 -1.257369999999995343e+03
-1.141675412186380072e+03 -2.331369999999995343e+03
-1.127920286738351251e+03 -1.628369999999995343e+03
-1.114165161290322658e+03 -2.071369999999995343e+03
-1.100410035842294064e+03 -1.712369999999995343e+03
-1.086654910394265244e+03 -1.993369999999995343e+03
-1.072899784946236650e+03 -2.359369999999995343e+03
-1.059144659498208057e+03 -1.256369999999995343e+03
-1.045389534050179236e+03 -1.156369999999995343e+03
-1.031634408602150643e+03 -1.645369999999995343e+03
-1.017879283154121936e+03 -2.027369999999995343e+03
-1.004124157706093229e+03 -1.972369999999995343e+03
-9.903690322580646352e+02 -1.785369999999995343e+03
-9.766139068100359282e+02 -1.865369999999995343e+03
-9.628587813620072211e+02 -1.945369999999995343e+03
-9.491036559139786277e+02 -1.883369999999995343e+03
-9.353485304659499207e+02 -2.308369999999995343e+03
-9.215934050179212136e+02 -1.741369999999995343e+03
-9.078382795698925065e+02 -1.615369999999995343e+03
-8.940831541218639131e+02 -1.753369999999995343e+03
-8.803280286738352061e+02 -2.206369999999995343e+03
-8.665729032258064990e+02 -1.714369999999995343e+03
-8.528177777777779056e+02 -1.971369999999995343e+03
-8.390626523297491985e+02 -1.309369999999995343e+03
-8.253075268817204915e+02 -2.061369999999995343e+03
-8.115524014336917844e+02 -2.095369999999995343e+03
-7.977972759856631910e+02 -2.199369999999995343e+03
-7.840421505376344840e+02 -2.068369999999995343e+03
-7.702870250896057769e+02 -1.911369999999995343e+03
-7.565318996415771835e+02 -2.144369999999995343e+03
-7.427767741935484764e+02 -1.767369999999995343e+03
-7.290216487455197694e+02 -2.040369999999995343e+03
-7.152665232974910623e+02 -1.948369999999995343e+03
-7.015113978494624689e+02 -1.281369999999995343e+03
-6.877562724014337618e+02 -2.142369999999995343e+03
-6.740011469534050548e+02 -1.730369999999995343e+03
-6.602460215053763477e+02 -2.424369999999995343e+03
-6.464908960573477543e+02 -1.736369999999995343e+03
-6.327357706093190473e+02 -2.039369999999995343e+03
-6.189806451612903402e+02 -1.869369999999995343e+03
-6.052255197132617468e+02 -1.712369999999995343e+03
-5.914703942652330397e+02 -2.362369999999995343e+03
-5.777152688172043327e+02 -1.979369999999995343e+03
-5.639601433691756256e+02 -2.426369999999995343e+03
-5.502050179211470322e+02 -2.137369999999995343e+03
-5.364498924731183251e+02 -2.591369999999995343e+03
-5.226947670250896181e+02 -2.879369999999995343e+03
-5.089396415770609678e+02 -1.816369999999995343e+03
-4.951845161290323176e+02 -3.055369999999995343e+03
-4.814293906810036106e+02 -2.241369999999995343e+03
-4.676742652329749603e+02 -2.669369999999995343e+03
-4.539191397849462533e+02 -3.234369999999995343e+03
-4.401640143369176030e+02 -3.436369999999995343e+03
-4.264088888888889528e+02 -1.764369999999995343e+03
-4.126537634408602457e+02 -2.498369999999995343e+03
-3.988986379928315955e+02 -2.381369999999995343e+03
-3.851435125448028884e+02 -2.639369999999995343e+03
-3.713883870967742382e+02 -2.373369999999995343e+03
-3.576332616487455311e+02 -2.755369999999995343e+03
-3.438781362007168809e+02 -2.180369999999995343e+03
-3.301230107526881739e+02 -2.438369999999995343e+03
-3.163678853046595236e+02 -2.107369999999995343e+03
-3.026127598566308734e+02 -2.438369999999995343e+03
-2.888576344086021663e+02 -2.084369999999995343e+03
-2.751025089605735161e+02 -1.972369999999995343e+03
-2.613473835125448090e+02 -2.651369999999995343e+03
-2.475922580645161588e+02 -2.521369999999995343e+03
-2.338371326164874802e+02 -2.676369999999995343e+03
-2.200820071684588015e+02 -2.850369999999995343e+03
-2.063268817204301229e+02 -2.008369999999995343e+03
-1.925717562724014442e+02 -2.273369999999995343e+03
-1.788166308243727656e+02 -2.601369999999995343e+03
-1.650615053763440869e+02 -1.963369999999995343e+03
-1.513063799283154367e+02 -1.936369999999995343e+03
-1.375512544802867581e+02 -2.038369999999995343e+03
-1.237961290322580794e+02 -1.354369999999995343e+03
-1.100410035842294008e+02 -1.048369999999995343e+03
-9.628587813620072211e+01 -6.393699999999953434e+02
-8.253075268817204346e+01 -6.233699999999953434e+02
-6.877562724014337903e+01 1.058630000000004657e+03
-5.502050179211470038e+01 4.074630000000004657e+03
-4.126537634408602173e+01 8.834630000000004657e+03
-2.751025089605735019e+01 1.769163000000000466e+04
-1.375512544802867509e+01 3.467363000000000466e+04
0.000000000000000000e+00 7.348863000000000466e+04
1.375512544802867509e+01 9.573163000000000466e+04
2.751025089605735019e+01 1.295246300000000047e+05
4.126537634408602173e+01 1.868086300000000047e+05
5.502050179211470038e+01 2.576216300000000047e+05
6.877562724014337903e+01 3.374716300000000047e+05
8.253075268817204346e+01 4.261006300000000047e+05
9.628587813620072211e+01 5.374146300000000047e+05
1.100410035842294008e+02 6.566056300000000047e+05
1.237961290322580794e+02 7.789676300000000047e+05
1.375512544802867581e+02 9.171786300000000047e+05
1.513063799283154367e+02 1.055933629999999888e+06
1.650615053763440869e+02 1.188591629999999888e+06
1.788166308243727656e+02 1.338765629999999888e+06
1.925717562724014442e+02 1.486352629999999888e+06
2.063268817204301229e+02 1.611427629999999888e+06
2.200820071684588015e+02 1.727492629999999888e+06
2.338371326164874802e+02 1.842920629999999888e+06
2.475922580645161588e+02 1.958540629999999888e+06
2.613473835125448090e+02 2.054357629999999888e+06
2.751025089605735161e+02 2.129509629999999888e+06
2.888576344086021663e+02 2.196783629999999888e+06
3.026127598566308734e+02 2.246741629999999888e+06
3.163678853046595236e+02 2.290037629999999888e+06
3.301230107526881739e+02 2.321652629999999888e+06
3.438781362007168809e+02 2.340820629999999888e+06
3.576332616487455311e+02 2.358789629999999888e+06
3.713883870967742382e+02 2.365222629999999888e+06
3.851435125448028884e+02 2.363636629999999888e+06
3.988986379928315955e+02 2.364166629999999888e+06
4.126537634408602457e+02 2.371253629999999888e+06
4.264088888888889528e+02 2.380177629999999888e+06
4.401640143369176030e+02 2.376677629999999888e+06
4.539191397849462533e+02 2.385041629999999888e+06
4.676742652329749603e+02 2.387680629999999888e+06
4.814293906810036106e+02 2.390466629999999888e+06
4.951845161290323176e+02 2.383987629999999888e+06
5.089396415770609678e+02 2.370125629999999888e+06
5.226947670250896181e+02 2.378311629999999888e+06
5.364498924731183251e+02 2.382381629999999888e+06
5.502050179211470322e+02 2.383019629999999888e+06
5.639601433691756256e+02 2.374072629999999888e+06
5.777152688172043327e+02 2.365096629999999888e+06
5.914703942652330397e+02 2.361359629999999888e+06
6.052255197132617468e+02 2.357152629999999888e+06
6.189806451612903402e+02 2.366571629999999888e+06
6.327357706093190473e+02 2.364036629999999888e+06
6.464908960573477543e+02 2.372988629999999888e+06
6.602460215053763477e+02 2.387038629999999888e+06
6.740011469534050548e+02 2.394441629999999888e+06
6.877562724014337618e+02 2.414321629999999888e+06
7.015113978494624689e+02 2.410356629999999888e+06
7.152665232974910623e+02 2.425247629999999888e+06
7.290216487455197694e+02 2.438586629999999888e+06
7.427767741935484764e+02 2.440484629999999888e+06
7.565318996415771835e+02 2.449038629999999888e+06
7.702870250896057769e+02 2.467322629999999888e+06
7.840421505376344840e+02 2.460259629999999888e+06
7.977972759856631910e+02 2.472182629999999888e+06
8.115524014336917844e+02 2.478628629999999888e+06
8.253075268817204915e+02 2.468741629999999888e+06
8.390626523297491985e+02 2.458727629999999888e+06
8.528177777777779056e+02 2.481614629999999888e+06
8.665729032258064990e+02 2.492137629999999888e+06
8.803280286738352061e+02 2.485919629999999888e+06
8.940831541218639131e+02 2.476695629999999888e+06
9.078382795698925065e+02 2.468703629999999888e+06
9.215934050179212136e+02 2.479061629999999888e+06
9.353485304659499207e+02 2.472105629999999888e+06
9.491036559139786277e+02 2.472421629999999888e+06
9.628587813620072211e+02 2.484140629999999888e+06
9.766139068100359282e+02 2.489362629999999888e+06
9.903690322580646352e+02 2.497767629999999888e+06
1.004124157706093229e+03 2.504734629999999888e+06
1.017879283154121936e+03 2.512002629999999888e+06
1.031634408602150643e+03 2.508945629999999888e+06
1.045389534050179236e+03 2.509243629999999888e+06
1.059144659498208057e+03 2.516070629999999888e+06
1.072899784946236650e+03 2.514196629999999888e+06
1.086654910394265244e+03 2.516684629999999888e+06
1.100410035842294064e+03 2.520057629999999888e+06
1.114165161290322658e+03 2.516957629999999888e+06
1.127920286738351251e+03 2.520416629999999888e+06
1.141675412186380072e+03 2.531307629999999888e+06
1.155430537634408665e+03 2.534290629999999888e+06
1.169185663082437486e+03 2.540798629999999888e+06
1.182940788530466079e+03 2.538752629999999888e+06
1.196695913978494673e+03 2.549192629999999888e+06
1.210451039426523494e+03 2.565465629999999888e+06
1.224206164874552087e+03 2.571343629999999888e+06
1.237961290322580680e+03 2.570702629999999888e+06
1.251716415770609501e+03 2.567188629999999888e+06
1.265471541218638095e+03 2.570739629999999888e+06
1.279226666666666688e+03 2.561048629999999888e+06
1.292981792114695509e+03 2.561035629999999888e+06
1.306736917562724102e+03 2.551555629999999888e+06
1.320492043010752695e+03 2.541372629999999888e+06
1.334247168458781516e+03 2.533588629999999888e+06
1.348002293906810110e+03 2.502989629999999888e+06
1.361757419354838930e+03 2.470745629999999888e+06
1.375512544802867524e+03 2.442538629999999888e+06
1.389267670250896117e+03 2.402198629999999888e+06
1.403022795698924938e+03 2.346586629999999888e+06
1.416777921146953531e+03 2.268058629999999888e+06
1.430533046594982125e+03 2.168391629999999888e+06
1.444288172043010945e+03 2.058274629999999888e+06
1.458043297491039539e+03 1.931321629999999888e+06
1.471798422939068132e+03 1.789211629999999888e+06
1.485553548387096953e+03 1.631637629999999888e+06
1.499308673835125546e+03 1.472475629999999888e+06
1.513063799283154367e+03 1.321647629999999888e+06
1.526818924731182960e+03 1.153534629999999888e+06
1.540574050179211554e+03 9.847646300000000047e+05
1.554329175627240375e+03 8.302476300000000047e+05
1.568084301075268968e+03 6.967166300000000047e+05
1.581839426523297561e+03 5.763206300000000047e+05
1.595594551971326382e+03 4.644216300000000047e+05
1.609349677419354975e+03 3.691396300000000047e+05
1.623104802867383569e+03 2.854486300000000047e+05
1.636859928315412390e+03 2.176856300000000047e+05
1.650615053763440983e+03 1.622936300000000047e+05
1.664370179211469576e+03 1.203186300000000047e+05
1.678125304659498397e+03 8.722863000000000466e+04
1.691880430107526990e+03 6.412163000000000466e+04
1.705635555555555811e+03 4.921163000000000466e+04
1.719390681003584405e+03 3.729063000000000466e+04
1.733145806451612998e+03 3.079763000000000466e+04
1.746900931899641819e+03 2.421363000000000466e+04
1.760656057347670412e+03 2.059563000000000466e+04
1.774411182795699006e+03 1.984463000000000466e+04
1.788166308243727826e+03 1.950763000000000466e+04
1.801921433691756420e+03 1.934463000000000466e+04
1.815676559139785013e+03 1.859463000000000466e+04
1.829431684587813834e+03 1.602063000000000466e+04
1.843186810035842427e+03 1.538663000000000466e+04
1.856941935483871248e+03 1.555163000000000466e+04
1.870697060931899841e+03 1.545563000000000466e+04
1.884452186379928435e+03 1.561563000000000466e+04
1.898207311827957255e+03 1.475963000000000466e+04
1.911962437275985849e+03 1.455163000000000466e+04
1.925717562724014442e+03 1.359463000000000466e+04
1.939472688172043263e+03 1.348763000000000466e+04
1.953227813620071856e+03 1.162963000000000466e+04
1.966982939068100450e+03 1.107263000000000466e+04
1.980738064516129270e+03 1.019463000000000466e+04
1.994493189964157864e+03 9.727630000000004657e+03
2.008248315412186457e+03 8.805630000000004657e+03
2.022003440860215278e+03 8.463630000000004657e+03
2.035758566308243871e+03 8.183630000000004657e+03
2.049513691756272692e+03 7.426630000000004657e+03
2.063268817204301286e+03 6.460630000000004657e+03
2.077023942652329879e+03 5.517630000000004657e+03
2.090779068100358472e+03 5.176630000000004657e+03
2.104534193548387066e+03 3.817630000000004657e+03
2.118289318996416114e+03 4.519630000000004657e+03
2.132044444444444707e+03 4.160630000000004657e+03
2.145799569892473301e+03 3.282630000000004657e+03
2.159554695340501894e+03 2.992630000000004657e+03
2.173309820788530487e+03 1.546630000000004657e+03
2.187064946236559535e+03 1.209630000000004657e+03
2.200820071684588129e+03 1.770630000000004657e+03
2.214575197132616722e+03 1.938630000000004657e+03
2.228330322580645316e+03 7.396300000000046566e+02
2.242085448028673909e+03 1.206300000000046566e+02
2.255840573476702502e+03 2.463000000000465661e+01
2.269595698924731551e+03 7.356300000000046566e+02
2.283350824372760144e+03 5.406300000000046566e+02
2.297105949820788737e+03 2.756300000000046566e+02
2.310861075268817331e+03 -5.573699999999953434e+02
2.324616200716845924e+03 -1.148369999999995343e+03
2.338371326164874972e+03 -1.179369999999995343e+03
2.352126451612903566e+03 -1.116369999999995343e+03
2.365881577060932159e+03 -1.737369999999995343e+03
2.379636702508960752e+03 -1.112369999999995343e+03
2.393391827956989346e+03 -1.641369999999995343e+03
2.407146953405017939e+03 -1.846369999999995343e+03
2.420902078853046987e+03 -2.191369999999995343e+03
2.434657204301075581e+03 -1.662369999999995343e+03
2.448412329749104174e+03 -2.003369999999995343e+03
2.462167455197132767e+03 -2.349369999999995343e+03
2.475922580645161361e+03 -1.477369999999995343e+03
2.489677706093190409e+03 -1.620369999999995343e+03
2.503432831541219002e+03 -1.735369999999995343e+03
2.517187956989247596e+03 -2.275369999999995343e+03
2.530943082437276189e+03 -1.688369999999995343e+03
2.544698207885304782e+03 -1.693369999999995343e+03
2.558453333333333376e+03 -1.202369999999995343e+03
2.572208458781362424e+03 7.630000000004656613e+00
2.585963584229391017e+03 -1.361369999999995343e+03
2.599718709677419611e+03 -7.963699999999953434e+02
2.613473835125448204e+03 -6.143699999999953434e+02
2.627228960573476797e+03 -1.848369999999995343e+03
2.640984086021505391e+03 -1.392369999999995343e+03
2.654739211469534439e+03 -1.515369999999995343e+03
2.668494336917563032e+03 -1.941369999999995343e+03
2.682249462365591626e+03 -1.136369999999995343e+03
2.696004587813620219e+03 -1.885369999999995343e+03
2.709759713261648812e+03 -9.833699999999953434e+02
2.723514838709677861e+03 -2.027369999999995343e+03
2.737269964157706454e+03 -1.711369999999995343e+03
2.751025089605735047e+03 -1.618369999999995343e+03
2.764780215053763641e+03 -2.183369999999995343e+03
2.778535340501792234e+03 -2.616369999999995343e+03
2.792290465949820828e+03 -1.231369999999995343e+03
2.806045591397849876e+03 -2.133369999999995343e+03
2.819800716845878469e+03 -1.658369999999995343e+03
2.833555842293907062e+03 -2.270369999999995343e+03
2.847310967741935656e+03 -1.621369999999995343e+03
2.861066093189964249e+03 -1.630369999999995343e+03
2.874821218637993297e+03 -2.290369999999995343e+03
2.888576344086021891e+03 -2.175369999999995343e+03
2.902331469534050484e+03 -2.942369999999995343e+03
2.916086594982079077e+03 -2.227369999999995343e+03
2.929841720430107671e+03 -2.035369999999995343e+03
2.943596845878136264e+03 -1.328369999999995343e+03
2.957351971326165312e+03 -2.092369999999995343e+03
2.971107096774193906e+03 -2.591369999999995343e+03
2.984862222222222499e+03 -2.431369999999995343e+03
2.998617347670251092e+03 -2.105369999999995343e+03
3.012372473118279686e+03 -1.394369999999995343e+03
3.026127598566308734e+03 -1.312369999999995343e+03
3.039882724014337327e+03 -1.990369999999995343e+03
3.053637849462365921e+03 -1.524369999999995343e+03
3.067392974910394514e+03 -1.541369999999995343e+03
3.081148100358423108e+03 -2.392369999999995343e+03
3.094903225806451701e+03 -1.351369999999995343e+03
3.108658351254480749e+03 -1.110369999999995343e+03
3.122413476702509342e+03 -2.290369999999995343e+03
3.136168602150537936e+03 -2.147369999999995343e+03
3.149923727598566529e+03 -1.900369999999995343e+03
3.163678853046595123e+03 -1.392369999999995343e+03
3.177433978494624171e+03 -1.255369999999995343e+03
3.191189103942652764e+03 -2.066369999999995343e+03
3.204944229390681357e+03 -1.573369999999995343e+03
3.218699354838709951e+03 -1.940369999999995343e+03
3.232454480286738544e+03 -1.940369999999995343e+03
3.246209605734767138e+03 -1.667369999999995343e+03
3.259964731182796186e+03 -1.317369999999995343e+03
3.273719856630824779e+03 -8.023699999999953434e+02
3.287474982078853373e+03 -1.009369999999995343e+03
3.301230107526881966e+03 -1.220369999999995343e+03
3.314985232974910559e+03 -9.053699999999953434e+02
3.328740358422939153e+03 -1.256369999999995343e+03
3.342495483870968201e+03 -1.896369999999995343e+03
3.356250609318996794e+03 -9.043699999999953434e+02
3.370005734767025388e+03 -1.827369999999995343e+03
3.383760860215053981e+03 -1.429369999999995343e+03
3.397515985663082574e+03 -1.591369999999995343e+03
3.411271111111111622e+03 -1.194369999999995343e+03
3.425026236559140216e+03 -1.479369999999995343e+03
3.438781362007168809e+03 -1.050369999999995343e+03
3.452536487455197403e+03 -8.743699999999953434e+02
3.466291612903225996e+03 -1.793369999999995343e+03
3.480046738351254589e+03 -2.139369999999995343e+03
3.493801863799283637e+03 -1.933369999999995343e+03
3.507556989247312231e+03 -1.346369999999995343e+03
3.521312114695340824e+03 -1.289369999999995343e+03
3.535067240143369418e+03 -6.553699999999953434e+02
3.548822365591398011e+03 -1.037369999999995343e+03
3.562577491039427059e+03 -1.271369999999995343e+03
3.576332616487455653e+03 -1.208369999999995343e+03
3.590087741935484246e+03 -7.163699999999953434e+02
3.603842867383512839e+03 -1.077369999999995343e+03
3.617597992831541433e+03 -1.535369999999995343e+03
3.631353118279570026e+03 -1.218369999999995343e+03
3.645108243727599074e+03 -2.061369999999995343e+03
3.658863369175627668e+03 -7.283699999999953434e+02
3.672618494623656261e+03 -1.513699999999953434e+02
3.686373620071684854e+03 -9.793699999999953434e+02
3.700128745519713448e+03 -1.293699999999953434e+02
3.713883870967742496e+03 -8.583699999999953434e+02
3.727638996415771089e+03 -1.426369999999995343e+03
3.741394121863799683e+03 -6.873699999999953434e+02
3.755149247311828276e+03 -1.023699999999953434e+02
3.768904372759856869e+03 -8.203699999999953434e+02
3.782659498207885463e+03 -9.813699999999953434e+02
3.796414623655914511e+03 -8.153699999999953434e+02
3.810169749103943104e+03 -7.383699999999953434e+02
3.823924874551971698e+03 -3.643699999999953434e+02
3.837680000000000291e+03 -1.382369999999995343e+03
3.851435125448028884e+03 -5.203699999999953434e+02
3.865190250896057478e+03 1.966300000000046566e+02
3.878945376344086526e+03 -8.223699999999953434e+02
3.892700501792115119e+03 8.663000000000465661e+01
3.906455627240143713e+03 -3.373699999999953434e+02
3.920210752688172306e+03 -8.633699999999953434e+02
3.933965878136200899e+03 -6.113699999999953434e+02
3.947721003584229948e+03 -8.253699999999953434e+02
3.961476129032258541e+03 -6.543699999999953434e+02
3.975231254480287134e+03 -4.853699999999953434e+02
3.988986379928315728e+03 -1.369999999995343387e+00
4.002741505376344321e+03 -3.463699999999953434e+02
4.016496630824372915e+03 -8.453699999999953434e+02
4.030251756272401963e+03 -8.823699999999953434e+02
4.044006881720430556e+03 1.906300000000046566e+02
4.057762007168459149e+03 4.336300000000046566e+02
4.071517132616487743e+03 -3.673699999999953434e+02
4.085272258064516336e+03 2.106300000000046566e+02
4.099027383512545384e+03 -2.313699999999953434e+02
4.112782508960573978e+03 -9.233699999999953434e+02
4.126537634408602571e+03 -2.993699999999953434e+02
4.140292759856631164e+03 -7.993699999999953434e+02
4.154047885304659758e+03 1.866300000000046566e+02
4.167803010752688351e+03 1.664630000000004657e+03
4.181558136200716945e+03 1.306630000000004657e+03
4.195313261648745538e+03 9.456300000000046566e+02
4.209068387096774131e+03 1.184630000000004657e+03
4.222823512544803634e+03 1.287630000000004657e+03
4.236578637992832228e+03 5.636300000000046566e+02
4.250333763440860821e+03 2.963000000000465661e+01
4.264088888888889414e+03 2.056300000000046566e+02
4.277844014336918008e+03 9.216300000000046566e+02
4.291599139784946601e+03 3.796300000000046566e+02
4.305354265232975195e+03 6.776300000000046566e+02
4.319109390681003788e+03 4.586300000000046566e+02
4.332864516129032381e+03 -6.536999999999534339e+01
4.346619641577060975e+03 7.086300000000046566e+02
4.360374767025089568e+03 1.174630000000004657e+03
4.374129892473119071e+03 3.240630000000004657e+03
4.387885017921147664e+03 -5.936999999999534339e+01
4.401640143369176258e+03 5.166300000000046566e+02
4.415395268817204851e+03 4.866300000000046566e+02
4.429150394265233444e+03 2.086300000000046566e+02
4.442905519713262038e+03 -2.143699999999953434e+02
4.456660645161290631e+03 7.716300000000046566e+02
4.470415770609319225e+03 7.386300000000046566e+02
4.484170896057347818e+03 9.776300000000046566e+02
4.497926021505376411e+03 3.096300000000046566e+02
4.511681146953405005e+03 1.279630000000004657e+03
4.525436272401434508e+03 6.706300000000046566e+02
4.539191397849463101e+03 1.036630000000004657e+03
4.552946523297491694e+03 7.536300000000046566e+02
4.566701648745520288e+03 7.476300000000046566e+02
4.580456774193548881e+03 2.044630000000004657e+03
4.594211899641577475e+03 1.640630000000004657e+03
4.607967025089606068e+03 6.706300000000046566e+02
4.621722150537634661e+03 1.120630000000004657e+03
4.635477275985663255e+03 1.691630000000004657e+03
4.649232401433691848e+03 7.056300000000046566e+02
4.662987526881720441e+03 8.816300000000046566e+02
4.676742652329749944e+03 7.456300000000046566e+02
4.690497777777778538e+03 2.184630000000004657e+03
4.704252903225807131e+03 6.386300000000046566e+02
4.718008028673835724e+03 7.363000000000465661e+01
4.731763154121864318e+03 5.306300000000046566e+02
4.745518279569892911e+03 7.246300000000046566e+02
4.759273405017921505e+03 3.366300000000046566e+02
4.773028530465950098e+03 1.083630000000004657e+03
4.786783655913978691e+03 6.136300000000046566e+02
4.800538781362007285e+03 -1.113699999999953434e+02
4.814293906810035878e+03 3.506300000000046566e+02
4.828049032258065381e+03 1.196300000000046566e+02
4.841804157706093974e+03 1.024630000000004657e+03
4.855559283154122568e+03 6.463000000000465661e+01
4.869314408602151161e+03 8.763000000000465661e+01
4.883069534050179755e+03 2.226300000000046566e+02
4.896824659498208348e+03 1.236630000000004657e+03
4.910579784946236941e+03 6.336300000000046566e+02
4.924334910394265535e+03 -4.643699999999953434e+02
4.938090035842294128e+03 6.516300000000046566e+02
4.951845161290322721e+03 3.916300000000046566e+02
4.965600286738351315e+03 1.008630000000004657e+03
4.979355412186380818e+03 8.366300000000046566e+02
4.993110537634409411e+03 1.696300000000046566e+02
5.006865663082438004e+03 6.726300000000046566e+02
5.020620788530466598e+03 -2.093699999999953434e+02
5.034375913978495191e+03 1.456300000000046566e+02
5.048131039426523785e+03 1.075630000000004657e+03
5.061886164874552378e+03 6.286300000000046566e+02
5.075641290322580971e+03 1.214630000000004657e+03
5.089396415770609565e+03 5.936300000000046566e+02
5.103151541218638158e+03 1.133630000000004657e+03
5.116906666666666752e+03 6.896300000000046566e+02
5.130661792114696254e+03 8.963000000000465661e+01
5.144416917562724848e+03 3.216300000000046566e+02
5.158172043010753441e+03 -5.462369999999995343e+03
5.171927168458782035e+03 -1.192936999999999534e+04
5.185682293906810628e+03 -1.238036999999999534e+04
5.199437419354839221e+03 -1.210736999999999534e+04
5.213192544802867815e+03 -1.224636999999999534e+04
5.226947670250896408e+03 -1.219736999999999534e+04
5.240702795698925001e+03 -1.211736999999999534e+04
5.254457921146953595e+03 -1.202236999999999534e+04
5.268213046594982188e+03 -1.209836999999999534e+04
5.281968172043010782e+03 -1.207536999999999534e+04
5.295723297491040285e+03 -1.225536999999999534e+04
5.309478422939068878e+03 -1.210036999999999534e+04
5.323233548387097471e+03 -1.211036999999999534e+04
5.336988673835126065e+03 -1.198136999999999534e+04
5.350743799283154658e+03 -1.191736999999999534e+04
5.364498924731183251e+03 -1.189536999999999534e+04
5.378254050179211845e+03 -1.233736999999999534e+04
5.392009175627240438e+03 -1.206936999999999534e+04
5.405764301075269032e+03 -1.219936999999999534e+04
5.419519426523297625e+03 -1.203436999999999534e+04
5.433274551971326218e+03 -1.207536999999999534e+04
5.447029677419355721e+03 -1.223736999999999534e+04
5.460784802867384315e+03 -1.222336999999999534e+04
5.474539928315412908e+03 -1.213736999999999534e+04
