-2.001667625899280665e+03 -8.910900000000256114e+02
-1.987863021582733836e+03 -6.578090000000025611e+03
-1.974058417266187234e+03 -7.890090000000025611e+03
-1.960253812949640405e+03 -8.488090000000025611e+03
-1.946449208633093576e+03 -8.684090000000025611e+03
-1.932644604316546975e+03 -9.038090000000025611e+03
-1.918840000000000146e+03 -9.404090000000025611e+03
-1.905035395683453316e+03 -9.587090000000025611e+03
-1.891230791366906487e+03 -9.865090000000025611e+03
-1.877426187050359886e+03 -9.998090000000025611e+03
-1.863621582733813057e+03 -1.018009000000002561e+04
-1.849816978417266228e+03 -1.023309000000002561e+04
-1.836012374100719626e+03 -5.228090000000025611e+03
-1.822207769784172797e+03 3.799099999999743886e+02
-1.808403165467625968e+03 -2.190900000000256114e+02
-1.794598561151079139e+03 -7.380900000000256114e+02
-1.780793956834532537e+03 -6.210900000000256114e+02
-1.766989352517985708e+03 1.939099999999743886e+02
-1.753184748201438879e+03 -1.043090000000025611e+03
-1.739380143884892277e+03 -9.500900000000256114e+02
-1.725575539568345448e+03 -9.530900000000256114e+02
-1.711770935251798619e+03 -1.231090000000025611e+03
-1.697966330935251790e+03 -1.102090000000025611e+03
-1.684161726618705188e+03 1.311909999999974389e+03
-1.670357122302158359e+03 -1.834090000000025611e+03
-1.656552517985611530e+03 -1.107090000000025611e+03
-1.642747913669064928e+03 -5.340900000000256114e+02
-1.628943309352518099e+03 -2.434090000000025611e+03
-1.615138705035971270e+03 -1.045090000000025611e+03
-1.601334100719424441e+03 -6.970900000000256114e+02
-1.587529496402877840e+03 -1.384090000000025611e+03
-1.573724892086331010e+03 -1.817090000000025611e+03
-1.559920287769784181e+03 -1.946090000000025611e+03
-1.546115683453237580e+03 -2.155090000000025611e+03
-1.532311079136690751e+03 -2.043090000000025611e+03
-1.518506474820143922e+03 -2.120090000000025611e+03
-1.504701870503597092e+03 -1.912090000000025611e+03
-1.490897266187050491e+03 -1.803090000000025611e+03
-1.477092661870503662e+03 -1.004090000000025611e+03
-1.463288057553956833e+03 -2.300090000000025611e+03
-1.449483453237410231e+03 -1.316090000000025611e+03
-1.435678848920863402e+03 -2.036090000000025611e+03
-1.421874244604316573e+03 -1.109090000000025611e+03
-1.408069640287769971e+03 -1.535090000000025611e+03
-1.394265035971223142e+03 -1.672090000000025611e+03
-1.380460431654676313e+03 -1.573090000000025611e+03
-1.366655827338129484e+03 -1.732090000000025611e+03
-1.352851223021582882e+03 -7.380900000000256114e+02
-1.339046618705036053e+03 -1.924090000000025611e+03
-1.325242014388489224e+03 -1.711090000000025611e+03
-1.311437410071942622e+03 -2.057090000000025611e+03
-1.297632805755395793e+03 -2.034090000000025611e+03
-1.283828201438848964e+03 -1.927090000000025611e+03
-1.270023597122302135e+03 -1.035090000000025611e+03
-1.256218992805755533e+03 -1.247090000000025611e+03
-1.242414388489208704e+03 -2.506090000000025611e+03
-1.228609784172661875e+03 -1.781090000000025611e+03
-1.214805179856115274e+03 -2.153090000000025611e+03
-1.201000575539568445e+03 -1.858090000000025611e+03
-1.187195971223021616e+03 -2.378090000000025611e+03
-1.173391366906474786e+03 -2.125090000000025611e+03
-1.159586762589928185e+03 -1.467090000000025611e+03
-1.145782158273381356e+03 -1.939090000000025611e+03
-1.131977553956834527e+03 -1.202090000000025611e+03
-1.118172949640287925e+03 -1.565090000000025611e+03
-1.104368345323741096e+03 -9.410900000000256114e+02
-1.090563741007194267e+03 -2.062090000000025611e+03
-1.076759136690647438e+03 -1.132090000000025611e+03
-1.062954532374100836e+03 -1.830090000000025611e+03
-1.049149928057554007e+03 -1.205090000000025611e+03
-1.035345323741007178e+03 -1.551090000000025611e+03
-1.021540719424460463e+03 -2.322090000000025611e+03
-1.007736115107913747e+03 -1.261090000000025611e+03
-9.939315107913669181e+02 -1.081090000000025611e+03
-9.801269064748202027e+02 -1.681090000000025611e+03
-9.663223021582734873e+02 -2.508090000000025611e+03
-9.525176978417266582e+02 -1.514090000000025611e+03
-9.387130935251799428e+02 -1.683090000000025611e+03
-9.249084892086331138e+02 -1.565090000000025611e+03
-9.111038848920863984e+02 -1.852090000000025611e+03
-8.972992805755395693e+02 -2.117090000000025611e+03
-8.834946762589928539e+02 -2.557090000000025611e+03
-8.696900719424461386e+02 -1.782090000000025611e+03
-8.558854676258993095e+02 -1.828090000000025611e+03
-8.420808633093525941e+02 -1.882090000000025611e+03
-8.282762589928057650e+02 -2.116090000000025611e+03
-8.144716546762590497e+02 -1.851090000000025611e+03
-8.006670503597122206e+02 -1.857090000000025611e+03
-7.868624460431655052e+02 -1.614090000000025611e+03
-7.730578417266187898e+02 -1.752090000000025611e+03
-7.592532374100719608e+02 -1.333090000000025611e+03
-7.454486330935252454e+02 -2.206090000000025611e+03
-7.316440287769784163e+02 -1.605090000000025611e+03
-7.178394244604317009e+02 -2.015090000000025611e+03
-7.040348201438849856e+02 -1.970090000000025611e+03
-6.902302158273381565e+02 -2.153090000000025611e+03
-6.764256115107914411e+02 -2.120090000000025611e+03
-6.626210071942446120e+02 -1.630090000000025611e+03
-6.488164028776978967e+02 -1.194090000000025611e+03
-6.350117985611510676e+02 -1.563090000000025611e+03
-6.212071942446043522e+02 -1.778090000000025611e+03
-6.074025899280576368e+02 -2.452090000000025611e+03
-5.935979856115108078e+02 -1.535090000000025611e+03
-5.797933812949640924e+02 -1.625090000000025611e+03
-5.659887769784172633e+02 -1.585090000000025611e+03
-5.521841726618705479e+02 -1.479090000000025611e+03
-5.383795683453237189e+02 -1.974090000000025611e+03
-5.245749640287770035e+02 -1.816090000000025611e+03
-5.107703597122302313e+02 -2.346090000000025611e+03
-4.969657553956834590e+02 -1.038090000000025611e+03
-4.831611510791367436e+02 -1.894090000000025611e+03
-4.693565467625899714e+02 -2.052090000000025611e+03
-4.555519424460431992e+02 -1.332090000000025611e+03
-4.417473381294964270e+02 -2.359090000000025611e+03
-4.279427338129496547e+02 -2.017090000000025611e+03
-4.141381294964028825e+02 -2.267090000000025611e+03
-4.003335251798561103e+02 -2.588090000000025611e+03
-3.865289208633093949e+02 -2.949090000000025611e+03
-3.727243165467626227e+02 -1.887090000000025611e+03
-3.589197122302158505e+02 -2.624090000000025611e+03
-3.451151079136690782e+02 -2.088090000000025611e+03
-3.313105035971223060e+02 -2.508090000000025611e+03
-3.175058992805755338e+02 -1.664090000000025611e+03
-3.037012949640288184e+02 -2.230090000000025611e+03
-2.898966906474820462e+02 -1.634090000000025611e+03
-2.760920863309352740e+02 -2.098090000000025611e+03
-2.622874820143885017e+02 -1.563090000000025611e+03
-2.484828776978417295e+02 -1.709090000000025611e+03
-2.346782733812949857e+02 -1.549090000000025611e+03
-2.208736690647482135e+02 -1.979090000000025611e+03
-2.070690647482014413e+02 -2.071090000000025611e+03
-1.932644604316546975e+02 -2.290090000000025611e+03
-1.794598561151079252e+02 -2.143090000000025611e+03
-1.656552517985611530e+02 -1.965090000000025611e+03
-1.518506474820144092e+02 -1.185090000000025611e+03
-1.380460431654676370e+02 -1.547090000000025611e+03
-1.242414388489208648e+02 -1.953090000000025611e+03
-1.104368345323741067e+02 -1.600090000000025611e+03
-9.663223021582734873e+01 -3.900900000000256114e+02
-8.282762589928057650e+01 2.149099999999743886e+02
-6.902302158273381849e+01 2.502909999999974389e+03
-5.521841726618705337e+01 8.126909999999974389e+03
-4.141381294964028825e+01 1.689090999999997439e+04
-2.760920863309352669e+01 3.404990999999997439e+04
-1.380460431654676334e+01 6.550790999999997439e+04
0.000000000000000000e+00 1.117169099999999744e+05
1.380460431654676334e+01 1.772939099999999744e+05
2.760920863309352669e+01 2.711139099999999744e+05
4.141381294964028825e+01 3.869249099999999744e+05
5.521841726618705337e+01 5.133949099999999744e+05
6.902302158273381849e+01 6.645769099999999162e+05
8.282762589928057650e+01 8.352889099999999162e+05
9.663223021582734873e+01 1.010843909999999916e+06
1.104368345323741067e+02 1.205185909999999916e+06
1.242414388489208648e+02 1.397373909999999916e+06
1.380460431654676370e+02 1.597653909999999916e+06
1.518506474820144092e+02 1.796240909999999916e+06
1.656552517985611530e+02 1.984718909999999916e+06
1.794598561151079252e+02 2.171126910000000149e+06
1.932644604316546975e+02 2.353538910000000149e+06
2.070690647482014413e+02 2.527949910000000149e+06
2.208736690647482135e+02 2.697860910000000149e+06
2.346782733812949857e+02 2.850506910000000149e+06
2.484828776978417295e+02 2.979661910000000149e+06
2.622874820143885017e+02 3.108381910000000149e+06
2.760920863309352740e+02 3.217828910000000149e+06
2.898966906474820462e+02 3.306834910000000149e+06
3.037012949640288184e+02 3.375806910000000149e+06
3.175058992805755338e+02 3.417215910000000149e+06
3.313105035971223060e+02 3.446215910000000149e+06
3.451151079136690782e+02 3.486118910000000149e+06
3.589197122302158505e+02 3.490862910000000149e+06
3.727243165467626227e+02 3.505825910000000149e+06
3.865289208633093949e+02 3.532444910000000149e+06
4.003335251798561103e+02 3.541443910000000149e+06
4.141381294964028825e+02 3.547140910000000149e+06
4.279427338129496547e+02 3.545092910000000149e+06
4.417473381294964270e+02 3.554472910000000149e+06
4.555519424460431992e+02 3.585808910000000149e+06
4.693565467625899714e+02 3.609166910000000149e+06
4.831611510791367436e+02 3.623731910000000149e+06
4.969657553956834590e+02 3.624687910000000149e+06
5.107703597122302313e+02 3.626041910000000149e+06
5.245749640287770035e+02 3.625909910000000149e+06
5.383795683453237189e+02 3.629653910000000149e+06
5.521841726618705479e+02 3.619556910000000149e+06
5.659887769784172633e+02 3.607766910000000149e+06
5.797933812949640924e+02 3.596468910000000149e+06
5.935979856115108078e+02 3.595797910000000149e+06
6.074025899280576368e+02 3.596586910000000149e+06
6.212071942446043522e+02 3.577853910000000149e+06
6.350117985611510676e+02 3.579321910000000149e+06
6.488164028776978967e+02 3.579829910000000149e+06
6.626210071942446120e+02 3.561683910000000149e+06
6.764256115107914411e+02 3.560327910000000149e+06
6.902302158273381565e+02 3.557614910000000149e+06
7.040348201438849856e+02 3.529296910000000149e+06
7.178394244604317009e+02 3.534191910000000149e+06
7.316440287769784163e+02 3.552995910000000149e+06
7.454486330935252454e+02 3.530551910000000149e+06
7.592532374100719608e+02 3.519161910000000149e+06
7.730578417266187898e+02 3.517996910000000149e+06
7.868624460431655052e+02 3.507882910000000149e+06
8.006670503597122206e+02 3.516135910000000149e+06
8.144716546762590497e+02 3.537477910000000149e+06
8.282762589928057650e+02 3.538999910000000149e+06
8.420808633093525941e+02 3.518188910000000149e+06
8.558854676258993095e+02 3.514369910000000149e+06
8.696900719424461386e+02 3.495004910000000149e+06
8.834946762589928539e+02 3.494543910000000149e+06
8.972992805755395693e+02 3.476676910000000149e+06
9.111038848920863984e+02 3.484863910000000149e+06
9.249084892086331138e+02 3.464243910000000149e+06
9.387130935251799428e+02 3.446575910000000149e+06
9.525176978417266582e+02 3.445461910000000149e+06
9.663223021582734873e+02 3.436027910000000149e+06
9.801269064748202027e+02 3.430200910000000149e+06
9.939315107913669181e+02 3.445765910000000149e+06
1.007736115107913747e+03 3.438296910000000149e+06
1.021540719424460463e+03 3.413385910000000149e+06
1.035345323741007178e+03 3.414450910000000149e+06
1.049149928057554007e+03 3.408062910000000149e+06
1.062954532374100836e+03 3.377113910000000149e+06
1.076759136690647438e+03 3.366213910000000149e+06
1.090563741007194267e+03 3.345234910000000149e+06
1.104368345323741096e+03 3.264710910000000149e+06
1.118172949640287925e+03 3.196141910000000149e+06
1.131977553956834527e+03 3.099608910000000149e+06
1.145782158273381356e+03 2.978558910000000149e+06
1.159586762589928185e+03 2.857737910000000149e+06
1.173391366906474786e+03 2.715692910000000149e+06
1.187195971223021616e+03 2.549698910000000149e+06
1.201000575539568445e+03 2.356837910000000149e+06
1.214805179856115274e+03 2.149769910000000149e+06
1.228609784172661875e+03 1.944889909999999916e+06
1.242414388489208704e+03 1.720947909999999916e+06
1.256218992805755533e+03 1.504266909999999916e+06
1.270023597122302135e+03 1.302185909999999916e+06
1.283828201438848964e+03 1.098353909999999916e+06
1.297632805755395793e+03 9.102949099999999162e+05
1.311437410071942622e+03 7.430679099999999162e+05
1.325242014388489224e+03 5.971489099999999162e+05
1.339046618705036053e+03 4.735049099999999744e+05
1.352851223021582882e+03 3.721039099999999744e+05
1.366655827338129484e+03 2.880059099999999744e+05
1.380460431654676313e+03 2.145519099999999744e+05
1.394265035971223142e+03 1.534459099999999744e+05
1.408069640287769971e+03 1.095659099999999744e+05
1.421874244604316573e+03 8.060790999999997439e+04
1.435678848920863402e+03 5.954190999999997439e+04
1.449483453237410231e+03 4.700690999999997439e+04
1.463288057553956833e+03 4.103790999999997439e+04
1.477092661870503662e+03 3.504590999999997439e+04
1.490897266187050491e+03 3.014890999999997439e+04
1.504701870503597092e+03 2.818290999999997439e+04
1.518506474820143922e+03 2.796990999999997439e+04
1.532311079136690751e+03 2.742390999999997439e+04
1.546115683453237580e+03 2.413090999999997439e+04
1.559920287769784181e+03 2.397790999999997439e+04
1.573724892086331010e+03 2.267990999999997439e+04
1.587529496402877840e+03 2.239790999999997439e+04
1.601334100719424441e+03 2.224290999999997439e+04
1.615138705035971270e+03 2.119290999999997439e+04
1.628943309352518099e+03 2.123990999999997439e+04
1.642747913669064928e+03 1.891390999999997439e+04
1.656552517985611530e+03 1.716790999999997439e+04
1.670357122302158359e+03 1.535090999999997439e+04
1.684161726618705188e+03 1.605390999999997439e+04
1.697966330935251790e+03 1.425290999999997439e+04
1.711770935251798619e+03 1.297790999999997439e+04
1.725575539568345448e+03 1.291190999999997439e+04
1.739380143884892277e+03 1.184590999999997439e+04
1.753184748201438879e+03 1.174290999999997439e+04
1.766989352517985708e+03 1.050890999999997439e+04
1.780793956834532537e+03 9.213909999999974389e+03
1.794598561151079139e+03 9.000909999999974389e+03
1.808403165467625968e+03 7.563909999999974389e+03
1.822207769784172797e+03 6.089909999999974389e+03
1.836012374100719626e+03 6.744909999999974389e+03
1.849816978417266228e+03 6.759909999999974389e+03
1.863621582733813057e+03 4.710909999999974389e+03
1.877426187050359886e+03 4.305909999999974389e+03
1.891230791366906487e+03 3.570909999999974389e+03
1.905035395683453316e+03 3.302909999999974389e+03
1.918840000000000146e+03 3.060909999999974389e+03
1.932644604316546975e+03 3.151909999999974389e+03
1.946449208633093576e+03 1.829909999999974389e+03
1.960253812949640405e+03 2.052909999999974389e+03
1.974058417266187234e+03 1.586909999999974389e+03
1.987863021582733836e+03 7.939099999999743886e+02
2.001667625899280665e+03 1.094909999999974389e+03
2.015472230215827494e+03 8.729099999999743886e+02
2.029276834532374323e+03 1.098909999999974389e+03
2.043081438848920925e+03 8.119099999999743886e+02
2.056886043165467527e+03 -5.109000000002561137e+01
2.070690647482014356e+03 -5.880900000000256114e+02
2.084495251798561185e+03 4.509099999999743886e+02
2.098299856115108014e+03 2.090999999997438863e+01
2.112104460431654843e+03 -7.600900000000256114e+02
2.125909064748201672e+03 -1.577090000000025611e+03
2.139713669064748501e+03 -1.586090000000025611e+03
2.153518273381294875e+03 -8.130900000000256114e+02
2.167322877697841705e+03 -1.143090000000025611e+03
2.181127482014388534e+03 -9.760900000000256114e+02
2.194932086330935363e+03 -1.537090000000025611e+03
2.208736690647482192e+03 -1.863090000000025611e+03
2.222541294964029021e+03 -8.380900000000256114e+02
2.236345899280575850e+03 -1.272090000000025611e+03
2.250150503597122224e+03 -1.505090000000025611e+03
2.263955107913669053e+03 -6.410900000000256114e+02
2.277759712230215882e+03 -3.770900000000256114e+02
2.291564316546762711e+03 -4.550900000000256114e+02
2.305368920863309540e+03 -1.482090000000025611e+03
2.319173525179856370e+03 -1.606090000000025611e+03
2.332978129496403199e+03 -7.110900000000256114e+02
2.346782733812949573e+03 -1.333090000000025611e+03
2.360587338129496402e+03 -1.218090000000025611e+03
2.374391942446043231e+03 -1.188090000000025611e+03
2.388196546762590060e+03 -1.638090000000025611e+03
2.402001151079136889e+03 -1.319090000000025611e+03
2.415805755395683718e+03 -1.076090000000025611e+03
2.429610359712230547e+03 -2.209090000000025611e+03
2.443414964028776922e+03 -1.604090000000025611e+03
2.457219568345323751e+03 -1.459090000000025611e+03
2.471024172661870580e+03 -1.819090000000025611e+03
2.484828776978417409e+03 -2.342090000000025611e+03
2.498633381294964238e+03 -1.103090000000025611e+03
2.512437985611511067e+03 -1.546090000000025611e+03
2.526242589928057896e+03 -2.222090000000025611e+03
2.540047194244604270e+03 -1.853090000000025611e+03
2.553851798561151099e+03 -1.541090000000025611e+03
2.567656402877697928e+03 -1.397090000000025611e+03
2.581461007194244758e+03 -2.248090000000025611e+03
2.595265611510791587e+03 -1.367090000000025611e+03
2.609070215827338416e+03 -2.488090000000025611e+03
2.622874820143885245e+03 -1.581090000000025611e+03
2.636679424460431619e+03 4.814909999999974389e+03
2.650484028776978448e+03 -8.480900000000256114e+02
2.664288633093525277e+03 -9.909000000002561137e+01
2.678093237410072106e+03 -5.870900000000256114e+02
2.691897841726618935e+03 -2.028090000000025611e+03
2.705702446043165764e+03 -1.792090000000025611e+03
2.719507050359712593e+03 -2.111090000000025611e+03
2.733311654676258968e+03 -2.255090000000025611e+03
2.747116258992805797e+03 -1.347090000000025611e+03
2.760920863309352626e+03 -2.349090000000025611e+03
2.774725467625899455e+03 -1.150090000000025611e+03
2.788530071942446284e+03 -1.526090000000025611e+03
2.802334676258993113e+03 -1.722090000000025611e+03
2.816139280575539942e+03 -2.354090000000025611e+03
2.829943884892086317e+03 -2.113090000000025611e+03
2.843748489208633146e+03 -2.079090000000025611e+03
2.857553093525179975e+03 -1.536090000000025611e+03
2.871357697841726804e+03 -1.828090000000025611e+03
2.885162302158273633e+03 -1.250090000000025611e+03
2.898966906474820462e+03 -2.063090000000025611e+03
2.912771510791367291e+03 -2.307090000000025611e+03
2.926576115107913665e+03 -1.480090000000025611e+03
2.940380719424460494e+03 -2.063090000000025611e+03
2.954185323741007323e+03 -2.261090000000025611e+03
2.967989928057554152e+03 -2.271090000000025611e+03
2.981794532374100982e+03 -1.656090000000025611e+03
2.995599136690647811e+03 -1.649090000000025611e+03
3.009403741007194185e+03 -6.340900000000256114e+02
3.023208345323741014e+03 -2.421090000000025611e+03
3.037012949640287843e+03 -2.197090000000025611e+03
3.050817553956834672e+03 -1.708090000000025611e+03
3.064622158273381501e+03 -1.542090000000025611e+03
3.078426762589928330e+03 -6.550900000000256114e+02
3.092231366906475159e+03 -9.330900000000256114e+02
3.106035971223021534e+03 -1.469090000000025611e+03
3.119840575539568363e+03 -1.396090000000025611e+03
3.133645179856115192e+03 -1.993090000000025611e+03
3.147449784172662021e+03 -2.228090000000025611e+03
3.161254388489208850e+03 -1.558090000000025611e+03
3.175058992805755679e+03 -1.056090000000025611e+03
3.188863597122302508e+03 -1.864090000000025611e+03
3.202668201438848882e+03 -2.026090000000025611e+03
3.216472805755395711e+03 -1.545090000000025611e+03
3.230277410071942541e+03 -1.598090000000025611e+03
3.244082014388489370e+03 -1.739090000000025611e+03
3.257886618705036199e+03 -2.438090000000025611e+03
3.271691223021583028e+03 -2.117090000000025611e+03
3.285495827338129857e+03 -2.181090000000025611e+03
3.299300431654676231e+03 -1.898090000000025611e+03
3.313105035971223060e+03 -1.110090000000025611e+03
3.326909640287769889e+03 -1.326090000000025611e+03
3.340714244604316718e+03 -1.180090000000025611e+03
3.354518848920863547e+03 -1.344090000000025611e+03
3.368323453237410376e+03 -9.930900000000256114e+02
3.382128057553957206e+03 -1.100090000000025611e+03
3.395932661870503580e+03 -1.527090000000025611e+03
3.409737266187050409e+03 -1.642090000000025611e+03
3.423541870503597238e+03 -9.490900000000256114e+02
3.437346474820144067e+03 -1.198090000000025611e+03
3.451151079136690896e+03 -1.332090000000025611e+03
3.464955683453237725e+03 -1.993090000000025611e+03
3.478760287769784554e+03 -1.936090000000025611e+03
3.492564892086330929e+03 -1.818090000000025611e+03
3.506369496402877758e+03 -9.420900000000256114e+02
3.520174100719424587e+03 -2.530900000000256114e+02
3.533978705035971416e+03 -6.610900000000256114e+02
3.547783309352518245e+03 -1.071090000000025611e+03
3.561587913669065074e+03 -1.281090000000025611e+03
3.575392517985611903e+03 -1.580090000000025611e+03
3.589197122302158277e+03 -8.330900000000256114e+02
3.603001726618705106e+03 -1.099090000000025611e+03
3.616806330935251935e+03 -2.860900000000256114e+02
3.630610935251798765e+03 -8.220900000000256114e+02
3.644415539568345594e+03 -1.100090000000025611e+03
3.658220143884892423e+03 -5.210900000000256114e+02
3.672024748201439252e+03 -8.970900000000256114e+02
3.685829352517985626e+03 -5.760900000000256114e+02
3.699633956834532455e+03 -8.590900000000256114e+02
3.713438561151079284e+03 -4.870900000000256114e+02
3.727243165467626113e+03 9.990999999997438863e+01
3.741047769784172942e+03 -9.009000000002561137e+01
3.754852374100719771e+03 -4.150900000000256114e+02
3.768656978417266600e+03 3.969099999999743886e+02
3.782461582733812975e+03 -8.060900000000256114e+02
3.796266187050359804e+03 -9.660900000000256114e+02
3.810070791366906633e+03 -7.190900000000256114e+02
3.823875395683453462e+03 4.990999999997438863e+01
3.837680000000000291e+03 -7.790900000000256114e+02
3.851484604316547120e+03 -7.320900000000256114e+02
3.865289208633093949e+03 -7.370900000000256114e+02
3.879093812949640323e+03 -9.320900000000256114e+02
3.892898417266187153e+03 -6.509000000002561137e+01
3.906703021582733982e+03 -1.023090000000025611e+03
3.920507625899280811e+03 -4.300900000000256114e+02
3.934312230215827640e+03 -2.960900000000256114e+02
3.948116834532374469e+03 -7.320900000000256114e+02
3.961921438848921298e+03 2.569099999999743886e+02
3.975726043165467672e+03 -4.300900000000256114e+02
3.989530647482014501e+03 -4.209000000002561137e+01
4.003335251798561330e+03 -3.360900000000256114e+02
4.017139856115108159e+03 -3.260900000000256114e+02
4.030944460431654988e+03 -9.890900000000256114e+02
4.044749064748201818e+03 -5.760900000000256114e+02
4.058553669064748647e+03 1.859099999999743886e+02
4.072358273381295021e+03 1.619099999999743886e+02
4.086162877697841850e+03 -4.850900000000256114e+02
4.099967482014389134e+03 -6.560900000000256114e+02
4.113772086330935053e+03 1.189099999999743886e+02
4.127576690647481882e+03 1.190909999999974389e+03
4.141381294964028712e+03 3.489099999999743886e+02
4.155185899280575541e+03 2.390999999997438863e+01
4.168990503597122370e+03 -2.240900000000256114e+02
4.182795107913669199e+03 -3.500900000000256114e+02
4.196599712230216028e+03 1.469099999999743886e+02
4.210404316546762857e+03 -3.980900000000256114e+02
4.224208920863309686e+03 -1.860900000000256114e+02
4.238013525179856515e+03 9.829099999999743886e+02
4.251818129496403344e+03 -2.609000000002561137e+01
4.265622733812950173e+03 8.499099999999743886e+02
4.279427338129497002e+03 7.449099999999743886e+02
4.293231942446043831e+03 5.759099999999743886e+02
4.307036546762589751e+03 -2.350900000000256114e+02
4.320841151079136580e+03 -6.720900000000256114e+02
4.334645755395683409e+03 -5.630900000000256114e+02
4.348450359712230238e+03 -2.770900000000256114e+02
4.362254964028777067e+03 2.419099999999743886e+02
4.376059568345323896e+03 1.239099999999743886e+02
4.389864172661870725e+03 -1.680900000000256114e+02
4.403668776978417554e+03 -3.960900000000256114e+02
4.417473381294964383e+03 4.169099999999743886e+02
4.431277985611511212e+03 6.790999999997438863e+01
4.445082589928058042e+03 3.689909999999974389e+03
4.458887194244604871e+03 -2.920900000000256114e+02
4.472691798561151700e+03 -3.709000000002561137e+01
4.486496402877698529e+03 3.919099999999743886e+02
4.500301007194244448e+03 -3.380900000000256114e+02
4.514105611510791277e+03 -3.610900000000256114e+02
4.527910215827338106e+03 1.689099999999743886e+02
4.541714820143884936e+03 1.669099999999743886e+02
4.555519424460431765e+03 4.739099999999743886e+02
4.569324028776978594e+03 6.359099999999743886e+02
4.583128633093525423e+03 9.269099999999743886e+02
4.596933237410072252e+03 5.129099999999743886e+02
4.610737841726619081e+03 8.629099999999743886e+02
4.624542446043165910e+03 9.909999999974388629e+00
4.638347050359712739e+03 -3.370900000000256114e+02
4.652151654676259568e+03 8.689099999999743886e+02
4.665956258992806397e+03 1.154909999999974389e+03
4.679760863309353226e+03 4.219099999999743886e+02
4.693565467625899146e+03 1.205909999999974389e+03
4.707370071942445975e+03 1.618909999999974389e+03
4.721174676258992804e+03 1.003909999999974389e+03
4.734979280575539633e+03 1.462909999999974389e+03
4.748783884892086462e+03 8.429099999999743886e+02
4.762588489208633291e+03 1.936909999999974389e+03
4.776393093525180120e+03 8.390999999997438863e+01
4.790197697841726949e+03 7.590999999997438863e+01
4.804002302158273778e+03 7.899099999999743886e+02
4.817806906474820607e+03 5.629099999999743886e+02
4.831611510791367436e+03 2.089099999999743886e+02
4.845416115107914266e+03 1.547909999999974389e+03
4.859220719424461095e+03 4.259099999999743886e+02
4.873025323741007014e+03 -2.010900000000256114e+02
4.886829928057553843e+03 9.159099999999743886e+02
4.900634532374100672e+03 -1.090000000025611371e+00
4.914439136690647501e+03 1.343909999999974389e+03
4.928243741007194330e+03 1.669099999999743886e+02
4.942048345323741160e+03 2.729099999999743886e+02
4.955852949640287989e+03 -1.720900000000256114e+02
4.969657553956834818e+03 5.159099999999743886e+02
4.983462158273381647e+03 3.739099999999743886e+02
4.997266762589928476e+03 3.590999999997438863e+01
5.011071366906475305e+03 1.561909999999974389e+03
5.024875971223022134e+03 1.118909999999974389e+03
5.038680575539568963e+03 8.239099999999743886e+02
5.052485179856115792e+03 5.509099999999743886e+02
5.066289784172661712e+03 7.469099999999743886e+02
5.080094388489208541e+03 8.179099999999743886e+02
5.093898992805755370e+03 2.869099999999743886e+02
5.107703597122302199e+03 1.909999999974388629e+00
5.121508201438849028e+03 7.929099999999743886e+02
5.135312805755395857e+03 2.719099999999743886e+02
5.149117410071942686e+03 1.704909999999974389e+03
5.162922014388489515e+03 1.072909999999974389e+03
5.176726618705036344e+03 1.847909999999974389e+03
5.190531223021583173e+03 7.899099999999743886e+02
5.204335827338130002e+03 3.759099999999743886e+02
5.218140431654676831e+03 1.219099999999743886e+02
5.231945035971223660e+03 -5.729090000000025611e+03
5.245749640287770490e+03 -1.229009000000002561e+04
5.259554244604316409e+03 -1.210309000000002561e+04
5.273358848920863238e+03 -1.207909000000002561e+04
5.287163453237410067e+03 -1.223909000000002561e+04
5.300968057553956896e+03 -1.207009000000002561e+04
5.314772661870503725e+03 -1.207109000000002561e+04
5.328577266187050554e+03 -1.224109000000002561e+04
5.342381870503597384e+03 -1.188609000000002561e+04
5.356186474820144213e+03 -1.214709000000002561e+04
5.369991079136691042e+03 -1.199209000000002561e+04
5.383795683453237871e+03 -1.202009000000002561e+04
5.397600287769784700e+03 -1.206509000000002561e+04
5.411404892086331529e+03 -1.228609000000002561e+04
5.425209496402878358e+03 -1.233509000000002561e+04
5.439014100719425187e+03 -1.219309000000002561e+04
5.452818705035971107e+03 -1.229209000000002561e+04
5.466623309352517936e+03 -1.207709000000002561e+04
5.480427913669064765e+03 -1.209209000000002561e+04
5.494232517985611594e+03 -1.228209000000002561e+04
5.508037122302158423e+03 -1.219309000000002561e+04
5.521841726618705252e+03 -1.207709000000002561e+04
5.535646330935252081e+03 -1.200709000000002561e+04
5.549450935251798910e+03 -1.205509000000002561e+04
