-2.329618064516129380e+03 1.488989999999990687e+03
-2.315148387096774513e+03 -6.028010000000009313e+03
-2.300678709677419647e+03 -7.150010000000009313e+03
-2.286209032258064781e+03 -7.814010000000009313e+03
-2.271739354838709914e+03 -8.292010000000009313e+03
-2.257269677419355048e+03 -8.584010000000009313e+03
-2.242800000000000182e+03 -9.096010000000009313e+03
-2.228330322580645316e+03 -9.315010000000009313e+03
-2.213860645161290449e+03 -9.589010000000009313e+03
-2.199390967741935583e+03 -9.699010000000009313e+03
-2.184921290322580717e+03 -9.938010000000009313e+03
-2.170451612903225850e+03 -1.000301000000000931e+04
-2.155981935483870984e+03 -5.486010000000009313e+03
-2.141512258064516118e+03 -3.760100000000093132e+02
-2.127042580645161252e+03 -7.310100000000093132e+02
-2.112572903225806385e+03 -6.670100000000093132e+02
-2.098103225806451974e+03 -5.320100000000093132e+02
-2.083633548387097107e+03 -1.901000000000931323e+01
-2.069163870967742241e+03 -5.700100000000093132e+02
-2.054694193548387375e+03 -1.008010000000009313e+03
-2.040224516129032281e+03 -1.172010000000009313e+03
-2.025754838709677642e+03 -1.186010000000009313e+03
-2.011285161290322776e+03 -1.245010000000009313e+03
-1.996815483870967910e+03 1.307989999999990687e+03
-1.982345806451613043e+03 -1.976010000000009313e+03
-1.967876129032258177e+03 -1.133010000000009313e+03
-1.953406451612903311e+03 -4.930100000000093132e+02
-1.938936774193548445e+03 -2.003010000000009313e+03
-1.924467096774193578e+03 -1.274010000000009313e+03
-1.909997419354838939e+03 -1.405010000000009313e+03
-1.895527741935484073e+03 -1.791010000000009313e+03
-1.881058064516129207e+03 -1.993010000000009313e+03
-1.866588387096774341e+03 -2.025010000000009313e+03
-1.852118709677419474e+03 -1.916010000000009313e+03
-1.837649032258064608e+03 -2.262010000000009313e+03
-1.823179354838709742e+03 -1.777010000000009313e+03
-1.808709677419354875e+03 -1.778010000000009313e+03
-1.794240000000000009e+03 -1.812010000000009313e+03
-1.779770322580645370e+03 -7.080100000000093132e+02
-1.765300645161290504e+03 -2.234010000000009313e+03
-1.750830967741935638e+03 -1.738010000000009313e+03
-1.736361290322580771e+03 -2.064010000000009313e+03
-1.721891612903225905e+03 -1.153010000000009313e+03
-1.707421935483871039e+03 -1.685010000000009313e+03
-1.692952258064516172e+03 -1.887010000000009313e+03
-1.678482580645161306e+03 -1.595010000000009313e+03
-1.664012903225806667e+03 -1.813010000000009313e+03
-1.649543225806451801e+03 -1.585010000000009313e+03
-1.635073548387096935e+03 -2.221010000000009313e+03
-1.620603870967742068e+03 -1.895010000000009313e+03
-1.606134193548387202e+03 -2.039010000000009313e+03
-1.591664516129032336e+03 -2.173010000000009313e+03
-1.577194838709677470e+03 -2.056010000000009313e+03
-1.562725161290322603e+03 -1.227010000000009313e+03
-1.548255483870967737e+03 -1.321010000000009313e+03
-1.533785806451613098e+03 -1.820010000000009313e+03
-1.519316129032258232e+03 -1.778010000000009313e+03
-1.504846451612903365e+03 -1.857010000000009313e+03
-1.490376774193548499e+03 -1.843010000000009313e+03
-1.475907096774193633e+03 -2.327010000000009313e+03
-1.461437419354838767e+03 -2.088010000000009313e+03
-1.446967741935483900e+03 -1.424010000000009313e+03
-1.432498064516129034e+03 -2.557010000000009313e+03
-1.418028387096774395e+03 -2.079010000000009313e+03
-1.403558709677419529e+03 -1.872010000000009313e+03
-1.389089032258064663e+03 -1.234010000000009313e+03
-1.374619354838709796e+03 -2.404010000000009313e+03
-1.360149677419354930e+03 -1.450010000000009313e+03
-1.345680000000000064e+03 -2.605010000000009313e+03
-1.331210322580645197e+03 -1.856010000000009313e+03
-1.316740645161290331e+03 -2.044010000000009313e+03
-1.302270967741935465e+03 -2.729010000000009313e+03
-1.287801290322580826e+03 -2.029010000000009313e+03
-1.273331612903225960e+03 -1.548010000000009313e+03
-1.258861935483871093e+03 -1.948010000000009313e+03
-1.244392258064516227e+03 -2.824010000000009313e+03
-1.229922580645161361e+03 -1.605010000000009313e+03
-1.215452903225806494e+03 -1.281010000000009313e+03
-1.200983225806451628e+03 -1.803010000000009313e+03
-1.186513548387096762e+03 -2.197010000000009313e+03
-1.172043870967742123e+03 -2.078010000000009313e+03
-1.157574193548387257e+03 -2.342010000000009313e+03
-1.143104516129032390e+03 -2.135010000000009313e+03
-1.128634838709677524e+03 -2.448010000000009313e+03
-1.114165161290322658e+03 -2.236010000000009313e+03
-1.099695483870967792e+03 -2.402010000000009313e+03
-1.085225806451612925e+03 -2.249010000000009313e+03
-1.070756129032258059e+03 -2.323010000000009313e+03
-1.056286451612903193e+03 -2.240010000000009313e+03
-1.041816774193548554e+03 -2.282010000000009313e+03
-1.027347096774193687e+03 -2.133010000000009313e+03
-1.012877419354838821e+03 -2.095010000000009313e+03
-9.984077419354839549e+02 -1.878010000000009313e+03
-9.839380645161290886e+02 -1.622010000000009313e+03
-9.694683870967742223e+02 -2.361010000000009313e+03
-9.549987096774194697e+02 -2.318010000000009313e+03
-9.405290322580646034e+02 -2.009010000000009313e+03
-9.260593548387097371e+02 -2.288010000000009313e+03
-9.115896774193548708e+02 -1.398010000000009313e+03
-8.971200000000000045e+02 -2.011010000000009313e+03
-8.826503225806452519e+02 -1.744010000000009313e+03
-8.681806451612903857e+02 -2.602010000000009313e+03
-8.537109677419355194e+02 -1.480010000000009313e+03
-8.392412903225806531e+02 -1.873010000000009313e+03
-8.247716129032259005e+02 -1.613010000000009313e+03
-8.103019354838710342e+02 -1.813010000000009313e+03
-7.958322580645161679e+02 -2.487010000000009313e+03
-7.813625806451613016e+02 -1.857010000000009313e+03
-7.668929032258065490e+02 -2.635010000000009313e+03
-7.524232258064516827e+02 -2.042010000000009313e+03
-7.379535483870968164e+02 -2.903010000000009313e+03
-7.234838709677419502e+02 -2.523010000000009313e+03
-7.090141935483871976e+02 -1.836010000000009313e+03
-6.945445161290323313e+02 -3.106010000000009313e+03
-6.800748387096774650e+02 -2.307010000000009313e+03
-6.656051612903225987e+02 -2.765010000000009313e+03
-6.511354838709677324e+02 -3.015010000000009313e+03
-6.366658064516129798e+02 -2.953010000000009313e+03
-6.221961290322581135e+02 -1.938010000000009313e+03
-6.077264516129032472e+02 -2.887010000000009313e+03
-5.932567741935483809e+02 -2.373010000000009313e+03
-5.787870967741936283e+02 -1.489010000000009313e+03
-5.643174193548387620e+02 -2.476010000000009313e+03
-5.498477419354838958e+02 -2.418010000000009313e+03
-5.353780645161290295e+02 -1.834010000000009313e+03
-5.209083870967742769e+02 -2.199010000000009313e+03
-5.064387096774194106e+02 -1.656010000000009313e+03
-4.919690322580645443e+02 -1.940010000000009313e+03
-4.774993548387097348e+02 -1.801010000000009313e+03
-4.630296774193548686e+02 -2.335010000000009313e+03
-4.485600000000000023e+02 -2.783010000000009313e+03
-4.340903225806451928e+02 -2.167010000000009313e+03
-4.196206451612903265e+02 -2.401010000000009313e+03
-4.051509677419355171e+02 -1.791010000000009313e+03
-3.906812903225806508e+02 -1.270010000000009313e+03
-3.762116129032258414e+02 -2.248010000000009313e+03
-3.617419354838709751e+02 -2.845010000000009313e+03
-3.472722580645161656e+02 -2.097010000000009313e+03
-3.328025806451612993e+02 -2.012010000000009313e+03
-3.183329032258064899e+02 -2.781010000000009313e+03
-3.038632258064516236e+02 -2.329010000000009313e+03
-2.893935483870968142e+02 -1.489010000000009313e+03
-2.749238709677419479e+02 -1.596010000000009313e+03
-2.604541935483871384e+02 -1.933010000000009313e+03
-2.459845161290322721e+02 -2.743010000000009313e+03
-2.315148387096774343e+02 -1.587010000000009313e+03
-2.170451612903225964e+02 -1.979010000000009313e+03
-2.025754838709677585e+02 -1.771010000000009313e+03
-1.881058064516129207e+02 -1.920010000000009313e+03
-1.736361290322580828e+02 -1.240010000000009313e+03
-1.591664516129032449e+02 -3.340100000000093132e+02
-1.446967741935484071e+02 -1.536010000000009313e+03
-1.302270967741935692e+02 -9.400100000000093132e+02
-1.157574193548387171e+02 -1.127010000000009313e+03
-1.012877419354838793e+02 -6.700100000000093132e+02
-8.681806451612904141e+01 8.929899999999906868e+02
-7.234838709677420354e+01 3.622989999999990687e+03
-5.787870967741935857e+01 9.711989999999990687e+03
-4.340903225806452070e+01 2.033998999999999069e+04
-2.893935483870967929e+01 4.027998999999999069e+04
-1.446967741935483964e+01 7.266098999999999069e+04
0.000000000000000000e+00 1.311759899999999907e+05
1.446967741935483964e+01 2.124499899999999907e+05
2.893935483870967929e+01 3.197149899999999907e+05
4.340903225806452070e+01 4.573719899999999907e+05
5.787870967741935857e+01 6.098549899999999907e+05
7.234838709677420354e+01 7.858669899999999907e+05
8.681806451612904141e+01 9.766909899999999907e+05
1.012877419354838793e+02 1.176710989999999991e+06
1.157574193548387171e+02 1.383957989999999991e+06
1.302270967741935692e+02 1.592450989999999991e+06
1.446967741935484071e+02 1.799877989999999991e+06
1.591664516129032449e+02 1.996542989999999991e+06
1.736361290322580828e+02 2.190805990000000224e+06
1.881058064516129207e+02 2.380662990000000224e+06
2.025754838709677585e+02 2.561812990000000224e+06
2.170451612903225964e+02 2.721715990000000224e+06
2.315148387096774343e+02 2.875839990000000224e+06
2.459845161290322721e+02 3.009080990000000224e+06
2.604541935483871384e+02 3.110634990000000224e+06
2.749238709677419479e+02 3.215936990000000224e+06
2.893935483870968142e+02 3.316518990000000224e+06
3.038632258064516236e+02 3.422078990000000224e+06
3.183329032258064899e+02 3.497891990000000224e+06
3.328025806451612993e+02 3.557060990000000224e+06
3.472722580645161656e+02 3.594338990000000224e+06
3.617419354838709751e+02 3.616559990000000224e+06
3.762116129032258414e+02 3.635821990000000224e+06
3.906812903225806508e+02 3.656444990000000224e+06
4.051509677419355171e+02 3.663813990000000224e+06
4.196206451612903265e+02 3.681610990000000224e+06
4.340903225806451928e+02 3.672116990000000224e+06
4.485600000000000023e+02 3.689513990000000224e+06
4.630296774193548686e+02 3.707749990000000224e+06
4.774993548387097348e+02 3.720549990000000224e+06
4.919690322580645443e+02 3.709285990000000224e+06
5.064387096774194106e+02 3.699478990000000224e+06
5.209083870967742769e+02 3.707702990000000224e+06
5.353780645161290295e+02 3.711825990000000224e+06
5.498477419354838958e+02 3.723623990000000224e+06
5.643174193548387620e+02 3.713993990000000224e+06
5.787870967741936283e+02 3.713350990000000224e+06
5.932567741935483809e+02 3.715384990000000224e+06
6.077264516129032472e+02 3.718656990000000224e+06
6.221961290322581135e+02 3.733969990000000224e+06
6.366658064516129798e+02 3.756372990000000224e+06
6.511354838709677324e+02 3.754014990000000224e+06
6.656051612903225987e+02 3.759175990000000224e+06
6.800748387096774650e+02 3.746325990000000224e+06
6.945445161290323313e+02 3.754405990000000224e+06
7.090141935483871976e+02 3.755046990000000224e+06
7.234838709677419502e+02 3.781803990000000224e+06
7.379535483870968164e+02 3.788870990000000224e+06
7.524232258064516827e+02 3.754872990000000224e+06
7.668929032258065490e+02 3.755811990000000224e+06
7.813625806451613016e+02 3.778079990000000224e+06
7.958322580645161679e+02 3.779539990000000224e+06
8.103019354838710342e+02 3.766116990000000224e+06
8.247716129032259005e+02 3.763104990000000224e+06
8.392412903225806531e+02 3.779658990000000224e+06
8.537109677419355194e+02 3.792178990000000224e+06
8.681806451612903857e+02 3.781134990000000224e+06
8.826503225806452519e+02 3.775579990000000224e+06
8.971200000000000045e+02 3.770374990000000224e+06
9.115896774193548708e+02 3.763979990000000224e+06
9.260593548387097371e+02 3.758865990000000224e+06
9.405290322580646034e+02 3.749390990000000224e+06
9.549987096774194697e+02 3.755683990000000224e+06
9.694683870967742223e+02 3.757007990000000224e+06
9.839380645161290886e+02 3.744607990000000224e+06
9.984077419354839549e+02 3.759440990000000224e+06
1.012877419354838821e+03 3.779181990000000224e+06
1.027347096774193687e+03 3.798162990000000224e+06
1.041816774193548554e+03 3.790987990000000224e+06
1.056286451612903193e+03 3.806011990000000224e+06
1.070756129032258059e+03 3.806816990000000224e+06
1.085225806451612925e+03 3.791317990000000224e+06
1.099695483870967792e+03 3.778756990000000224e+06
1.114165161290322658e+03 3.764161990000000224e+06
1.128634838709677524e+03 3.722546990000000224e+06
1.143104516129032390e+03 3.677411990000000224e+06
1.157574193548387257e+03 3.641504990000000224e+06
1.172043870967742123e+03 3.569119990000000224e+06
1.186513548387096762e+03 3.449193990000000224e+06
1.200983225806451628e+03 3.309926990000000224e+06
1.215452903225806494e+03 3.165134990000000224e+06
1.229922580645161361e+03 2.985332990000000224e+06
1.244392258064516227e+03 2.790984990000000224e+06
1.258861935483871093e+03 2.571724990000000224e+06
1.273331612903225960e+03 2.340082990000000224e+06
1.287801290322580826e+03 2.089282989999999991e+06
1.302270967741935465e+03 1.837954989999999991e+06
1.316740645161290331e+03 1.605909989999999991e+06
1.331210322580645197e+03 1.376190989999999991e+06
1.345680000000000064e+03 1.165028989999999991e+06
1.360149677419354930e+03 9.685409899999999907e+05
1.374619354838709796e+03 7.871279899999999907e+05
1.389089032258064663e+03 6.363489899999999907e+05
1.403558709677419529e+03 5.048669899999999907e+05
1.418028387096774395e+03 3.928699899999999907e+05
1.432498064516129034e+03 2.999079899999999907e+05
1.446967741935483900e+03 2.247079899999999907e+05
1.461437419354838767e+03 1.654299899999999907e+05
1.475907096774193633e+03 1.241669899999999907e+05
1.490376774193548499e+03 9.115698999999999069e+04
1.504846451612903365e+03 6.723498999999999069e+04
1.519316129032258232e+03 5.180698999999999069e+04
1.533785806451613098e+03 4.455098999999999069e+04
1.548255483870967737e+03 3.741498999999999069e+04
1.562725161290322603e+03 3.340098999999999069e+04
1.577194838709677470e+03 3.261598999999999069e+04
1.591664516129032336e+03 3.017398999999999069e+04
1.606134193548387202e+03 2.857098999999999069e+04
1.620603870967742068e+03 2.658198999999999069e+04
1.635073548387096935e+03 2.530998999999999069e+04
1.649543225806451801e+03 2.617498999999999069e+04
1.664012903225806667e+03 2.633598999999999069e+04
1.678482580645161306e+03 2.423098999999999069e+04
1.692952258064516172e+03 2.314598999999999069e+04
1.707421935483871039e+03 2.317598999999999069e+04
1.721891612903225905e+03 2.188898999999999069e+04
1.736361290322580771e+03 2.056298999999999069e+04
1.750830967741935638e+03 2.001798999999999069e+04
1.765300645161290504e+03 1.835098999999999069e+04
1.779770322580645370e+03 1.776898999999999069e+04
1.794240000000000009e+03 1.708998999999999069e+04
1.808709677419354875e+03 1.418898999999999069e+04
1.823179354838709742e+03 1.367198999999999069e+04
1.837649032258064608e+03 1.338798999999999069e+04
1.852118709677419474e+03 1.171198999999999069e+04
1.866588387096774341e+03 1.147898999999999069e+04
1.881058064516129207e+03 1.038998999999999069e+04
1.895527741935484073e+03 9.343989999999990687e+03
1.909997419354838939e+03 8.650989999999990687e+03
1.924467096774193578e+03 6.797989999999990687e+03
1.938936774193548445e+03 5.458989999999990687e+03
1.953406451612903311e+03 5.907989999999990687e+03
1.967876129032258177e+03 4.992989999999990687e+03
1.982345806451613043e+03 4.392989999999990687e+03
1.996815483870967910e+03 3.129989999999990687e+03
2.011285161290322776e+03 2.482989999999990687e+03
2.025754838709677642e+03 2.634989999999990687e+03
2.040224516129032281e+03 1.419989999999990687e+03
2.054694193548387375e+03 2.154989999999990687e+03
2.069163870967742241e+03 1.091989999999990687e+03
2.083633548387097107e+03 1.233989999999990687e+03
2.098103225806451974e+03 2.081989999999990687e+03
2.112572903225806385e+03 8.239899999999906868e+02
2.127042580645161252e+03 1.829899999999906868e+02
2.141512258064516118e+03 3.809899999999906868e+02
2.155981935483870984e+03 2.599899999999906868e+02
2.170451612903225850e+03 -6.820100000000093132e+02
2.184921290322580717e+03 -1.114010000000009313e+03
2.199390967741935583e+03 -7.160100000000093132e+02
2.213860645161290449e+03 -3.960100000000093132e+02
2.228330322580645316e+03 -1.126010000000009313e+03
2.242800000000000182e+03 -9.340100000000093132e+02
2.257269677419355048e+03 -1.275010000000009313e+03
2.271739354838709914e+03 -1.042010000000009313e+03
2.286209032258064781e+03 -1.657010000000009313e+03
2.300678709677419647e+03 -1.621010000000009313e+03
2.315148387096774513e+03 -1.731010000000009313e+03
2.329618064516129380e+03 -1.457010000000009313e+03
2.344087741935484246e+03 -1.131010000000009313e+03
2.358557419354838657e+03 -8.690100000000093132e+02
2.373027096774193524e+03 -1.657010000000009313e+03
2.387496774193548390e+03 -1.455010000000009313e+03
2.401966451612903256e+03 -1.314010000000009313e+03
2.416436129032258123e+03 -1.559010000000009313e+03
2.430905806451612989e+03 -8.150100000000093132e+02
2.445375483870967855e+03 -5.440100000000093132e+02
2.459845161290322721e+03 -1.227010000000009313e+03
2.474314838709677588e+03 -1.900010000000009313e+03
2.488784516129032454e+03 -2.910100000000093132e+02
2.503254193548387320e+03 -2.070010000000009313e+03
2.517723870967742187e+03 -9.280100000000093132e+02
2.532193548387097053e+03 4.991989999999990687e+03
2.546663225806451919e+03 -1.150010000000009313e+03
2.561132903225806785e+03 -3.940100000000093132e+02
2.575602580645161652e+03 4.198999999999068677e+01
2.590072258064516518e+03 -1.528010000000009313e+03
2.604541935483870930e+03 -1.543010000000009313e+03
2.619011612903225796e+03 -1.674010000000009313e+03
2.633481290322580662e+03 -2.153010000000009313e+03
2.647950967741935528e+03 -1.564010000000009313e+03
2.662420645161290395e+03 -1.834010000000009313e+03
2.676890322580645261e+03 -7.340100000000093132e+02
2.691360000000000127e+03 -1.626010000000009313e+03
2.705829677419354994e+03 -1.761010000000009313e+03
2.720299354838709860e+03 -1.158010000000009313e+03
2.734769032258064726e+03 -2.352010000000009313e+03
2.749238709677419592e+03 -1.576010000000009313e+03
2.763708387096774459e+03 -2.490100000000093132e+02
2.778178064516129325e+03 -2.003010000000009313e+03
2.792647741935484191e+03 -1.489010000000009313e+03
2.807117419354839058e+03 -1.655010000000009313e+03
2.821587096774193924e+03 -1.543010000000009313e+03
2.836056774193548790e+03 -1.451010000000009313e+03
2.850526451612903202e+03 -1.786010000000009313e+03
2.864996129032258068e+03 -2.379010000000009313e+03
2.879465806451612934e+03 -2.449010000000009313e+03
2.893935483870967801e+03 -2.346010000000009313e+03
2.908405161290322667e+03 -1.610010000000009313e+03
2.922874838709677533e+03 -1.023010000000009313e+03
2.937344516129032399e+03 -1.762010000000009313e+03
2.951814193548387266e+03 -2.226010000000009313e+03
2.966283870967742132e+03 -1.979010000000009313e+03
2.980753548387096998e+03 -1.655010000000009313e+03
2.995223225806451865e+03 -1.234010000000009313e+03
3.009692903225806731e+03 -8.400100000000093132e+02
3.024162580645161597e+03 -1.503010000000009313e+03
3.038632258064516463e+03 -1.852010000000009313e+03
3.053101935483871330e+03 -1.515010000000009313e+03
3.067571612903226196e+03 -2.068010000000009313e+03
3.082041290322581062e+03 -9.850100000000093132e+02
3.096510967741935474e+03 -1.673010000000009313e+03
3.110980645161290340e+03 -2.313010000000009313e+03
3.125450322580645206e+03 -2.029010000000009313e+03
3.139920000000000073e+03 -1.289010000000009313e+03
3.154389677419354939e+03 -1.200010000000009313e+03
3.168859354838709805e+03 -1.834010000000009313e+03
3.183329032258064672e+03 -1.800010000000009313e+03
3.197798709677419538e+03 -1.699010000000009313e+03
3.212268387096774404e+03 -1.901010000000009313e+03
3.226738064516129270e+03 -1.808010000000009313e+03
3.241207741935484137e+03 -1.345010000000009313e+03
3.255677419354839003e+03 -2.003010000000009313e+03
3.270147096774193869e+03 -1.562010000000009313e+03
3.284616774193548736e+03 -1.380010000000009313e+03
3.299086451612903602e+03 -1.577010000000009313e+03
3.313556129032258468e+03 -1.476010000000009313e+03
3.328025806451613335e+03 -1.677010000000009313e+03
3.342495483870967746e+03 -1.882010000000009313e+03
3.356965161290322612e+03 -7.030100000000093132e+02
3.371434838709677479e+03 -1.012010000000009313e+03
3.385904516129032345e+03 -1.144010000000009313e+03
3.400374193548387211e+03 -1.412010000000009313e+03
3.414843870967742077e+03 -9.500100000000093132e+02
3.429313548387096944e+03 -1.115010000000009313e+03
3.443783225806451810e+03 -1.569010000000009313e+03
3.458252903225806676e+03 -1.107010000000009313e+03
3.472722580645161543e+03 -1.623010000000009313e+03
3.487192258064516409e+03 -7.730100000000093132e+02
3.501661935483871275e+03 -1.144010000000009313e+03
3.516131612903226141e+03 -1.615010000000009313e+03
3.530601290322581008e+03 -1.325010000000009313e+03
3.545070967741935874e+03 -1.262010000000009313e+03
3.559540645161290740e+03 -4.750100000000093132e+02
3.574010322580645607e+03 -1.773010000000009313e+03
3.588480000000000018e+03 -1.380010000000009313e+03
3.602949677419354884e+03 -1.086010000000009313e+03
3.617419354838709751e+03 -1.219010000000009313e+03
3.631889032258064617e+03 -9.620100000000093132e+02
3.646358709677419483e+03 -1.013010000000009313e+03
3.660828387096774350e+03 -8.550100000000093132e+02
3.675298064516129216e+03 -2.260100000000093132e+02
3.689767741935484082e+03 -3.660100000000093132e+02
3.704237419354838948e+03 -1.470010000000009313e+03
3.718707096774193815e+03 -6.120100000000093132e+02
3.733176774193548681e+03 -7.370100000000093132e+02
3.747646451612903547e+03 -9.820100000000093132e+02
3.762116129032258414e+03 -5.270100000000093132e+02
3.776585806451613280e+03 2.698999999999068677e+01
3.791055483870968146e+03 -3.060100000000093132e+02
3.805525161290323013e+03 -4.300100000000093132e+02
3.819994838709677879e+03 -7.110100000000093132e+02
3.834464516129032290e+03 -1.467010000000009313e+03
3.848934193548387157e+03 -6.110100000000093132e+02
3.863403870967742023e+03 -1.085010000000009313e+03
3.877873548387096889e+03 2.429899999999906868e+02
3.892343225806451755e+03 3.819899999999906868e+02
3.906812903225806622e+03 -5.790100000000093132e+02
3.921282580645161488e+03 1.110989999999990687e+03
3.935752258064516354e+03 -3.310100000000093132e+02
3.950221935483871221e+03 -2.340100000000093132e+02
3.964691612903226087e+03 -7.030100000000093132e+02
3.979161290322580953e+03 -1.631010000000009313e+03
3.993630967741935820e+03 -1.157010000000009313e+03
4.008100645161290686e+03 -2.430100000000093132e+02
4.022570322580645552e+03 9.439899999999906868e+02
4.037040000000000418e+03 2.549899999999906868e+02
4.051509677419355285e+03 -2.380100000000093132e+02
4.065979354838710151e+03 -4.480100000000093132e+02
4.080449032258064562e+03 -8.801000000000931323e+01
4.094918709677419429e+03 1.829899999999906868e+02
4.109388387096774750e+03 -6.220100000000093132e+02
4.123858064516129161e+03 3.598999999999068677e+01
4.138327741935484482e+03 4.039899999999906868e+02
4.152797419354838894e+03 -3.250100000000093132e+02
4.167267096774194215e+03 6.209899999999906868e+02
4.181736774193548626e+03 1.769899999999906868e+02
4.196206451612903948e+03 -4.101000000000931323e+01
4.210676129032258359e+03 1.402989999999990687e+03
4.225145806451612771e+03 9.899999999906867743e-01
4.239615483870968092e+03 3.179899999999906868e+02
4.254085161290322503e+03 4.319899999999906868e+02
4.268554838709677824e+03 4.379899999999906868e+02
4.283024516129032236e+03 -1.670100000000093132e+02
4.297494193548387557e+03 3.989899999999906868e+02
4.311963870967741968e+03 2.259899999999906868e+02
4.326433548387097289e+03 8.989999999990686774e+00
4.340903225806451701e+03 1.869899999999906868e+02
4.355372903225807022e+03 5.209899999999906868e+02
4.369842580645161433e+03 8.099899999999906868e+02
4.384312258064516755e+03 4.359899999999906868e+02
4.398781935483871166e+03 7.429899999999906868e+02
4.413251612903226487e+03 7.119899999999906868e+02
4.427721290322580899e+03 3.763989999999990687e+03
4.442190967741936220e+03 2.119899999999906868e+02
4.456660645161290631e+03 8.319899999999906868e+02
4.471130322580645043e+03 6.589899999999906868e+02
4.485600000000000364e+03 3.249899999999906868e+02
4.500069677419354775e+03 -1.880100000000093132e+02
4.514539354838710096e+03 1.122989999999990687e+03
4.529009032258064508e+03 7.409899999999906868e+02
4.543478709677419829e+03 7.359899999999906868e+02
4.557948387096774240e+03 8.109899999999906868e+02
4.572418064516129562e+03 1.852989999999990687e+03
4.586887741935483973e+03 6.669899999999906868e+02
4.601357419354839294e+03 5.409899999999906868e+02
4.615827096774193706e+03 4.309899999999906868e+02
4.630296774193549027e+03 3.819899999999906868e+02
4.644766451612903438e+03 1.071989999999990687e+03
4.659236129032258759e+03 4.019899999999906868e+02
4.673705806451613171e+03 -3.540100000000093132e+02
4.688175483870968492e+03 5.459899999999906868e+02
4.702645161290322903e+03 8.089899999999906868e+02
4.717114838709677315e+03 3.649899999999906868e+02
4.731584516129032636e+03 1.117989999999990687e+03
4.746054193548387047e+03 5.259899999999906868e+02
4.760523870967742369e+03 1.351989999999990687e+03
4.774993548387096780e+03 4.439899999999906868e+02
4.789463225806452101e+03 1.039899999999906868e+02
4.803932903225806513e+03 2.899899999999906868e+02
4.818402580645161834e+03 1.709899999999906868e+02
4.832872258064516245e+03 5.839899999999906868e+02
4.847341935483871566e+03 1.525989999999990687e+03
4.861811612903225978e+03 6.329899999999906868e+02
4.876281290322581299e+03 -4.001000000000931323e+01
4.890750967741935710e+03 4.949899999999906868e+02
4.905220645161291031e+03 2.359899999999906868e+02
4.919690322580645443e+03 1.414989999999990687e+03
4.934160000000000764e+03 5.899899999999906868e+02
4.948629677419355176e+03 3.919899999999906868e+02
4.963099354838709587e+03 7.909899999999906868e+02
4.977569032258064908e+03 1.037989999999990687e+03
4.992038709677419320e+03 7.859899999999906868e+02
5.006508387096774641e+03 -8.320100000000093132e+02
5.020978064516129052e+03 8.739899999999906868e+02
5.035447741935484373e+03 3.549899999999906868e+02
5.049917419354838785e+03 4.599899999999906868e+02
5.064387096774194106e+03 3.529899999999906868e+02
5.078856774193548517e+03 6.709899999999906868e+02
5.093326451612903838e+03 9.719899999999906868e+02
5.107796129032258250e+03 -3.790100000000093132e+02
5.122265806451613571e+03 -2.410100000000093132e+02
5.136735483870967983e+03 1.003989999999990687e+03
5.151205161290323304e+03 -3.390100000000093132e+02
5.165674838709677715e+03 1.290989999999990687e+03
5.180144516129033036e+03 7.069899999999906868e+02
5.194614193548387448e+03 1.234989999999990687e+03
5.209083870967741859e+03 7.939899999999906868e+02
5.223553548387097180e+03 3.069899999999906868e+02
5.238023225806451592e+03 4.139899999999906868e+02
5.252492903225806913e+03 -5.180010000000009313e+03
5.266962580645161324e+03 -1.182401000000000931e+04
5.281432258064516645e+03 -1.180901000000000931e+04
5.295901935483871057e+03 -1.187501000000000931e+04
5.310371612903226378e+03 -1.179301000000000931e+04
5.324841290322580790e+03 -1.190901000000000931e+04
5.339310967741936111e+03 -1.196501000000000931e+04
5.353780645161290522e+03 -1.200301000000000931e+04
5.368250322580645843e+03 -1.193101000000000931e+04
5.382720000000000255e+03 -1.181901000000000931e+04
5.397189677419355576e+03 -1.191501000000000931e+04
5.411659354838709987e+03 -1.163001000000000931e+04
5.426129032258065308e+03 -1.189901000000000931e+04
5.440598709677419720e+03 -1.174101000000000931e+04
5.455068387096774131e+03 -1.184301000000000931e+04
5.469538064516129452e+03 -1.180301000000000931e+04
5.484007741935483864e+03 -1.173201000000000931e+04
5.498477419354839185e+03 -1.208801000000000931e+04
5.512947096774193597e+03 -1.186301000000000931e+04
5.527416774193548918e+03 -1.204301000000000931e+04
5.541886451612903329e+03 -1.175901000000000931e+04
5.556356129032258650e+03 -1.176901000000000931e+04
5.570825806451613062e+03 -1.190801000000000931e+04
5.585295483870968383e+03 -1.190801000000000931e+04
