-2.043081438848920925e+03 -1.246929999999993015e+03
-2.029276834532374323e+03 -6.555929999999993015e+03
-2.015472230215827494e+03 -7.761929999999993015e+03
-2.001667625899280665e+03 -8.229929999999993015e+03
-1.987863021582733836e+03 -9.014929999999993015e+03
-1.974058417266187234e+03 -9.181929999999993015e+03
-1.960253812949640405e+03 -9.296929999999993015e+03
-1.946449208633093576e+03 -9.462929999999993015e+03
-1.932644604316546975e+03 -9.738929999999993015e+03
-1.918840000000000146e+03 -1.001892999999999302e+04
-1.905035395683453316e+03 -1.018792999999999302e+04
-1.891230791366906487e+03 -1.037792999999999302e+04
-1.877426187050359886e+03 -5.556929999999993015e+03
-1.863621582733813057e+03 -4.369299999999930151e+02
-1.849816978417266228e+03 -2.939299999999930151e+02
-1.836012374100719626e+03 -6.699299999999930151e+02
-1.822207769784172797e+03 -8.249299999999930151e+02
-1.808403165467625968e+03 -1.869299999999930151e+02
-1.794598561151079139e+03 -9.409299999999930151e+02
-1.780793956834532537e+03 -1.049929999999993015e+03
-1.766989352517985708e+03 -1.091929999999993015e+03
-1.753184748201438879e+03 -6.809299999999930151e+02
-1.739380143884892277e+03 -1.014929999999993015e+03
-1.725575539568345448e+03 1.418070000000006985e+03
-1.711770935251798619e+03 -1.601929999999993015e+03
-1.697966330935251790e+03 -1.113929999999993015e+03
-1.684161726618705188e+03 -6.839299999999930151e+02
-1.670357122302158359e+03 -1.935929999999993015e+03
-1.656552517985611530e+03 -9.329299999999930151e+02
-1.642747913669064928e+03 -1.395929999999993015e+03
-1.628943309352518099e+03 -1.438929999999993015e+03
-1.615138705035971270e+03 -1.617929999999993015e+03
-1.601334100719424441e+03 -1.630929999999993015e+03
-1.587529496402877840e+03 -1.696929999999993015e+03
-1.573724892086331010e+03 -1.986929999999993015e+03
-1.559920287769784181e+03 -1.588929999999993015e+03
-1.546115683453237580e+03 -1.684929999999993015e+03
-1.532311079136690751e+03 -1.446929999999993015e+03
-1.518506474820143922e+03 -4.209299999999930151e+02
-1.504701870503597092e+03 -2.072929999999993015e+03
-1.490897266187050491e+03 -1.299929999999993015e+03
-1.477092661870503662e+03 -2.375929999999993015e+03
-1.463288057553956833e+03 3.390700000000069849e+02
-1.449483453237410231e+03 -1.726929999999993015e+03
-1.435678848920863402e+03 -1.731929999999993015e+03
-1.421874244604316573e+03 -1.789929999999993015e+03
-1.408069640287769971e+03 -9.149299999999930151e+02
-1.394265035971223142e+03 2.020700000000069849e+02
-1.380460431654676313e+03 -1.900929999999993015e+03
-1.366655827338129484e+03 -1.620929999999993015e+03
-1.352851223021582882e+03 -2.129929999999993015e+03
-1.339046618705036053e+03 -1.840929999999993015e+03
-1.325242014388489224e+03 -1.949929999999993015e+03
-1.311437410071942622e+03 -1.142929999999993015e+03
-1.297632805755395793e+03 -1.148929999999993015e+03
-1.283828201438848964e+03 -2.406929999999993015e+03
-1.270023597122302135e+03 -1.938929999999993015e+03
-1.256218992805755533e+03 -1.933929999999993015e+03
-1.242414388489208704e+03 -2.274929999999993015e+03
-1.228609784172661875e+03 -2.088929999999993015e+03
-1.214805179856115274e+03 -1.576929999999993015e+03
-1.201000575539568445e+03 -1.390929999999993015e+03
-1.187195971223021616e+03 -2.042929999999993015e+03
-1.173391366906474786e+03 5.140700000000069849e+02
-1.159586762589928185e+03 6.207000000000698492e+01
-1.145782158273381356e+03 -1.082929999999993015e+03
-1.131977553956834527e+03 -2.137929999999993015e+03
-1.118172949640287925e+03 -1.681929999999993015e+03
-1.104368345323741096e+03 -1.957929999999993015e+03
-1.090563741007194267e+03 -1.472929999999993015e+03
-1.076759136690647438e+03 -1.945929999999993015e+03
-1.062954532374100836e+03 -2.331929999999993015e+03
-1.049149928057554007e+03 -1.411929999999993015e+03
-1.035345323741007178e+03 -9.779299999999930151e+02
-1.021540719424460463e+03 -1.725929999999993015e+03
-1.007736115107913747e+03 -1.887929999999993015e+03
-9.939315107913669181e+02 -1.500929999999993015e+03
-9.801269064748202027e+02 -1.165929999999993015e+03
-9.663223021582734873e+02 -1.691929999999993015e+03
-9.525176978417266582e+02 -1.268929999999993015e+03
-9.387130935251799428e+02 -1.631929999999993015e+03
-9.249084892086331138e+02 -2.323929999999993015e+03
-9.111038848920863984e+02 -1.536929999999993015e+03
-8.972992805755395693e+02 -1.772929999999993015e+03
-8.834946762589928539e+02 -1.591929999999993015e+03
-8.696900719424461386e+02 -1.929929999999993015e+03
-8.558854676258993095e+02 -1.933929999999993015e+03
-8.420808633093525941e+02 -1.742929999999993015e+03
-8.282762589928057650e+02 -1.493929999999993015e+03
-8.144716546762590497e+02 -1.896929999999993015e+03
-8.006670503597122206e+02 -1.320929999999993015e+03
-7.868624460431655052e+02 -1.486929999999993015e+03
-7.730578417266187898e+02 -2.058929999999993015e+03
-7.592532374100719608e+02 -1.807929999999993015e+03
-7.454486330935252454e+02 -2.197929999999993015e+03
-7.316440287769784163e+02 -1.978929999999993015e+03
-7.178394244604317009e+02 -1.635929999999993015e+03
-7.040348201438849856e+02 -1.755929999999993015e+03
-6.902302158273381565e+02 -1.163929999999993015e+03
-6.764256115107914411e+02 -1.575929999999993015e+03
-6.626210071942446120e+02 -1.509929999999993015e+03
-6.488164028776978967e+02 -2.721929999999993015e+03
-6.350117985611510676e+02 -1.524929999999993015e+03
-6.212071942446043522e+02 -1.816929999999993015e+03
-6.074025899280576368e+02 -1.519929999999993015e+03
-5.935979856115108078e+02 -1.402929999999993015e+03
-5.797933812949640924e+02 -1.971929999999993015e+03
-5.659887769784172633e+02 -2.222929999999993015e+03
-5.521841726618705479e+02 -2.225929999999993015e+03
-5.383795683453237189e+02 -1.657929999999993015e+03
-5.245749640287770035e+02 -2.279929999999993015e+03
-5.107703597122302313e+02 -2.356929999999993015e+03
-4.969657553956834590e+02 -1.822929999999993015e+03
-4.831611510791367436e+02 -2.632929999999993015e+03
-4.693565467625899714e+02 -2.109929999999993015e+03
-4.555519424460431992e+02 -2.186929999999993015e+03
-4.417473381294964270e+02 -2.301929999999993015e+03
-4.279427338129496547e+02 -2.741929999999993015e+03
-4.141381294964028825e+02 -1.284929999999993015e+03
-4.003335251798561103e+02 -2.430929999999993015e+03
-3.865289208633093949e+02 -2.361929999999993015e+03
-3.727243165467626227e+02 -2.956929999999993015e+03
-3.589197122302158505e+02 -2.380929999999993015e+03
-3.451151079136690782e+02 -2.285929999999993015e+03
-3.313105035971223060e+02 -1.983929999999993015e+03
-3.175058992805755338e+02 -2.025929999999993015e+03
-3.037012949640288184e+02 -1.909929999999993015e+03
-2.898966906474820462e+02 -1.936929999999993015e+03
-2.760920863309352740e+02 -1.824929999999993015e+03
-2.622874820143885017e+02 -2.127929999999993015e+03
-2.484828776978417295e+02 -2.265929999999993015e+03
-2.346782733812949857e+02 -2.389929999999993015e+03
-2.208736690647482135e+02 -2.403929999999993015e+03
-2.070690647482014413e+02 -2.321929999999993015e+03
-1.932644604316546975e+02 -1.645929999999993015e+03
-1.794598561151079252e+02 -2.057929999999993015e+03
-1.656552517985611530e+02 -2.194929999999993015e+03
-1.518506474820144092e+02 -1.562929999999993015e+03
-1.380460431654676370e+02 -1.719929999999993015e+03
-1.242414388489208648e+02 -2.215929999999993015e+03
-1.104368345323741067e+02 -1.635929999999993015e+03
-9.663223021582734873e+01 -8.709299999999930151e+02
-8.282762589928057650e+01 2.420700000000069849e+02
-6.902302158273381849e+01 1.600070000000006985e+03
-5.521841726618705337e+01 6.750070000000006985e+03
-4.141381294964028825e+01 1.645007000000000698e+04
-2.760920863309352669e+01 3.225107000000000698e+04
-1.380460431654676334e+01 6.390107000000000698e+04
0.000000000000000000e+00 1.109620700000000070e+05
1.380460431654676334e+01 1.774870700000000070e+05
2.760920863309352669e+01 2.687580700000000070e+05
4.141381294964028825e+01 3.860030700000000070e+05
5.521841726618705337e+01 5.323980700000000652e+05
6.902302158273381849e+01 7.040840700000000652e+05
8.282762589928057650e+01 8.983770700000000652e+05
9.663223021582734873e+01 1.106374070000000065e+06
1.104368345323741067e+02 1.341719070000000065e+06
1.242414388489208648e+02 1.570260070000000065e+06
1.380460431654676370e+02 1.804744070000000065e+06
1.518506474820144092e+02 2.051512070000000065e+06
1.656552517985611530e+02 2.294708069999999832e+06
1.794598561151079252e+02 2.528678069999999832e+06
1.932644604316546975e+02 2.756629069999999832e+06
2.070690647482014413e+02 2.970263069999999832e+06
2.208736690647482135e+02 3.164137069999999832e+06
2.346782733812949857e+02 3.355134069999999832e+06
2.484828776978417295e+02 3.520677069999999832e+06
2.622874820143885017e+02 3.653378069999999832e+06
2.760920863309352740e+02 3.767974069999999832e+06
2.898966906474820462e+02 3.868730069999999832e+06
3.037012949640288184e+02 3.972287069999999832e+06
3.175058992805755338e+02 4.048831069999999832e+06
3.313105035971223060e+02 4.103026069999999832e+06
3.451151079136690782e+02 4.133649069999999832e+06
3.589197122302158505e+02 4.162469069999999832e+06
3.727243165467626227e+02 4.180849069999999832e+06
3.865289208633093949e+02 4.173934069999999832e+06
4.003335251798561103e+02 4.183942069999999832e+06
4.141381294964028825e+02 4.164697069999999832e+06
4.279427338129496547e+02 4.153357069999999832e+06
4.417473381294964270e+02 4.155142069999999832e+06
4.555519424460431992e+02 4.132250069999999832e+06
4.693565467625899714e+02 4.118495069999999832e+06
4.831611510791367436e+02 4.114340069999999832e+06
4.969657553956834590e+02 4.110019069999999832e+06
5.107703597122302313e+02 4.088551069999999832e+06
5.245749640287770035e+02 4.093403069999999832e+06
5.383795683453237189e+02 4.079886069999999832e+06
5.521841726618705479e+02 4.079694069999999832e+06
5.659887769784172633e+02 4.062188069999999832e+06
5.797933812949640924e+02 4.049634069999999832e+06
5.935979856115108078e+02 4.027526069999999832e+06
6.074025899280576368e+02 4.033051069999999832e+06
6.212071942446043522e+02 4.046317069999999832e+06
6.350117985611510676e+02 4.027755069999999832e+06
6.488164028776978967e+02 4.002230069999999832e+06
6.626210071942446120e+02 3.956538069999999832e+06
6.764256115107914411e+02 3.898741069999999832e+06
6.902302158273381565e+02 3.832008069999999832e+06
7.040348201438849856e+02 3.717110069999999832e+06
7.178394244604317009e+02 3.592447069999999832e+06
7.316440287769784163e+02 3.437962069999999832e+06
7.454486330935252454e+02 3.255431069999999832e+06
7.592532374100719608e+02 3.057265069999999832e+06
7.730578417266187898e+02 2.814897069999999832e+06
7.868624460431655052e+02 2.558142069999999832e+06
8.006670503597122206e+02 2.279947069999999832e+06
8.144716546762590497e+02 2.003993070000000065e+06
8.282762589928057650e+02 1.736680070000000065e+06
8.420808633093525941e+02 1.480133070000000065e+06
8.558854676258993095e+02 1.255507070000000065e+06
8.696900719424461386e+02 1.056210070000000065e+06
8.834946762589928539e+02 8.627790700000000652e+05
8.972992805755395693e+02 6.882080700000000652e+05
9.111038848920863984e+02 5.355610700000000652e+05
9.249084892086331138e+02 4.052400700000000070e+05
9.387130935251799428e+02 2.999810700000000070e+05
9.525176978417266582e+02 2.145820700000000070e+05
9.663223021582734873e+02 1.499840700000000070e+05
9.801269064748202027e+02 1.047320700000000070e+05
9.939315107913669181e+02 7.556307000000000698e+04
1.007736115107913747e+03 5.651607000000000698e+04
1.021540719424460463e+03 4.447507000000000698e+04
1.035345323741007178e+03 3.896307000000000698e+04
1.049149928057554007e+03 3.615607000000000698e+04
1.062954532374100836e+03 3.543107000000000698e+04
1.076759136690647438e+03 3.443307000000000698e+04
1.090563741007194267e+03 3.259107000000000698e+04
1.104368345323741096e+03 3.074507000000000698e+04
1.118172949640287925e+03 3.129407000000000698e+04
1.131977553956834527e+03 3.022907000000000698e+04
1.145782158273381356e+03 2.876907000000000698e+04
1.159586762589928185e+03 2.664007000000000698e+04
1.173391366906474786e+03 2.783007000000000698e+04
1.187195971223021616e+03 2.681607000000000698e+04
1.201000575539568445e+03 2.452407000000000698e+04
1.214805179856115274e+03 2.324507000000000698e+04
1.228609784172661875e+03 2.210507000000000698e+04
1.242414388489208704e+03 2.133907000000000698e+04
1.256218992805755533e+03 1.876807000000000698e+04
1.270023597122302135e+03 1.935107000000000698e+04
1.283828201438848964e+03 1.829607000000000698e+04
1.297632805755395793e+03 1.672707000000000698e+04
1.311437410071942622e+03 1.494707000000000698e+04
1.325242014388489224e+03 1.305507000000000698e+04
1.339046618705036053e+03 1.121707000000000698e+04
1.352851223021582882e+03 9.596070000000006985e+03
1.366655827338129484e+03 1.016607000000000698e+04
1.380460431654676313e+03 1.012007000000000698e+04
1.394265035971223142e+03 6.883070000000006985e+03
1.408069640287769971e+03 7.129070000000006985e+03
1.421874244604316573e+03 7.032070000000006985e+03
1.435678848920863402e+03 6.526070000000006985e+03
1.449483453237410231e+03 5.737070000000006985e+03
1.463288057553956833e+03 4.664070000000006985e+03
1.477092661870503662e+03 4.713070000000006985e+03
1.490897266187050491e+03 5.997070000000006985e+03
1.504701870503597092e+03 4.238070000000006985e+03
1.518506474820143922e+03 2.969070000000006985e+03
1.532311079136690751e+03 2.093070000000006985e+03
1.546115683453237580e+03 1.450070000000006985e+03
1.559920287769784181e+03 1.374070000000006985e+03
1.573724892086331010e+03 1.251070000000006985e+03
1.587529496402877840e+03 1.675070000000006985e+03
1.601334100719424441e+03 1.250700000000069849e+02
1.615138705035971270e+03 -4.139299999999930151e+02
1.628943309352518099e+03 -7.229299999999930151e+02
1.642747913669064928e+03 -8.569299999999930151e+02
1.656552517985611530e+03 -6.089299999999930151e+02
1.670357122302158359e+03 -6.059299999999930151e+02
1.684161726618705188e+03 -5.999299999999930151e+02
1.697966330935251790e+03 -8.759299999999930151e+02
1.711770935251798619e+03 -9.179299999999930151e+02
1.725575539568345448e+03 -1.110929999999993015e+03
1.739380143884892277e+03 -1.017929999999993015e+03
1.753184748201438879e+03 -1.257929999999993015e+03
1.766989352517985708e+03 -1.297929999999993015e+03
1.780793956834532537e+03 -1.755929999999993015e+03
1.794598561151079139e+03 -1.186929999999993015e+03
1.808403165467625968e+03 -1.185929999999993015e+03
1.822207769784172797e+03 -1.293929999999993015e+03
1.836012374100719626e+03 -4.949299999999930151e+02
1.849816978417266228e+03 -9.179299999999930151e+02
1.863621582733813057e+03 -1.213929999999993015e+03
1.877426187050359886e+03 -1.299929999999993015e+03
1.891230791366906487e+03 -7.109299999999930151e+02
1.905035395683453316e+03 -1.321929999999993015e+03
1.918840000000000146e+03 -1.653929999999993015e+03
1.932644604316546975e+03 -1.977929999999993015e+03
1.946449208633093576e+03 -2.302929999999993015e+03
1.960253812949640405e+03 -9.689299999999930151e+02
1.974058417266187234e+03 -1.189929999999993015e+03
1.987863021582733836e+03 -1.319929999999993015e+03
2.001667625899280665e+03 -1.499929999999993015e+03
2.015472230215827494e+03 -1.874929999999993015e+03
2.029276834532374323e+03 -2.106929999999993015e+03
2.043081438848920925e+03 -1.349929999999993015e+03
2.056886043165467527e+03 -1.534929999999993015e+03
2.070690647482014356e+03 -1.697929999999993015e+03
2.084495251798561185e+03 -1.723929999999993015e+03
2.098299856115108014e+03 -2.040929999999993015e+03
2.112104460431654843e+03 -1.266929999999993015e+03
2.125909064748201672e+03 -2.449929999999993015e+03
2.139713669064748501e+03 -2.139929999999993015e+03
2.153518273381294875e+03 -2.061929999999993015e+03
2.167322877697841705e+03 -1.638929999999993015e+03
2.181127482014388534e+03 -1.146929999999993015e+03
2.194932086330935363e+03 -2.238929999999993015e+03
2.208736690647482192e+03 -2.597929999999993015e+03
2.222541294964029021e+03 -1.692929999999993015e+03
2.236345899280575850e+03 -1.482929999999993015e+03
2.250150503597122224e+03 -1.826929999999993015e+03
2.263955107913669053e+03 -2.664929999999993015e+03
2.277759712230215882e+03 -2.483929999999993015e+03
2.291564316546762711e+03 -1.466929999999993015e+03
2.305368920863309540e+03 -2.097929999999993015e+03
2.319173525179856370e+03 -1.943929999999993015e+03
2.332978129496403199e+03 -1.940929999999993015e+03
2.346782733812949573e+03 -2.190929999999993015e+03
2.360587338129496402e+03 -2.243929999999993015e+03
2.374391942446043231e+03 -1.869929999999993015e+03
2.388196546762590060e+03 9.263070000000006985e+03
2.402001151079136889e+03 6.397070000000006985e+03
2.415805755395683718e+03 -2.502929999999993015e+03
2.429610359712230547e+03 -2.260929999999993015e+03
2.443414964028776922e+03 -2.448929999999993015e+03
2.457219568345323751e+03 -2.045929999999993015e+03
2.471024172661870580e+03 -2.219929999999993015e+03
2.484828776978417409e+03 -1.643929999999993015e+03
2.498633381294964238e+03 -1.959929999999993015e+03
2.512437985611511067e+03 -1.862929999999993015e+03
2.526242589928057896e+03 -1.818929999999993015e+03
2.540047194244604270e+03 -2.770929999999993015e+03
2.553851798561151099e+03 -1.470929999999993015e+03
2.567656402877697928e+03 -2.413929999999993015e+03
2.581461007194244758e+03 -1.901929999999993015e+03
2.595265611510791587e+03 3.943070000000006985e+03
2.609070215827338416e+03 -1.869929999999993015e+03
2.622874820143885245e+03 -1.203929999999993015e+03
2.636679424460431619e+03 -1.318929999999993015e+03
2.650484028776978448e+03 -2.323929999999993015e+03
2.664288633093525277e+03 -2.093929999999993015e+03
2.678093237410072106e+03 -1.873929999999993015e+03
2.691897841726618935e+03 -2.029929999999993015e+03
2.705702446043165764e+03 -2.181929999999993015e+03
2.719507050359712593e+03 -2.254929999999993015e+03
2.733311654676258968e+03 -9.879299999999930151e+02
2.747116258992805797e+03 -2.630929999999993015e+03
2.760920863309352626e+03 -2.574929999999993015e+03
2.774725467625899455e+03 -2.376929999999993015e+03
2.788530071942446284e+03 -2.271929999999993015e+03
2.802334676258993113e+03 -1.849929999999993015e+03
2.816139280575539942e+03 -1.832929999999993015e+03
2.829943884892086317e+03 -2.240929999999993015e+03
2.843748489208633146e+03 -1.928929999999993015e+03
2.857553093525179975e+03 -2.089929999999993015e+03
2.871357697841726804e+03 -1.902929999999993015e+03
2.885162302158273633e+03 -1.448929999999993015e+03
2.898966906474820462e+03 -2.179929999999993015e+03
2.912771510791367291e+03 -2.826929999999993015e+03
2.926576115107913665e+03 -2.618929999999993015e+03
2.940380719424460494e+03 -1.532929999999993015e+03
2.954185323741007323e+03 -1.396929999999993015e+03
2.967989928057554152e+03 -1.795929999999993015e+03
2.981794532374100982e+03 -1.714929999999993015e+03
2.995599136690647811e+03 -2.647929999999993015e+03
3.009403741007194185e+03 -2.382929999999993015e+03
3.023208345323741014e+03 -1.192929999999993015e+03
3.037012949640287843e+03 -1.442929999999993015e+03
3.050817553956834672e+03 -1.807929999999993015e+03
3.064622158273381501e+03 -2.220929999999993015e+03
3.078426762589928330e+03 -2.232929999999993015e+03
3.092231366906475159e+03 -2.470929999999993015e+03
3.106035971223021534e+03 -2.935929999999993015e+03
3.119840575539568363e+03 -1.809929999999993015e+03
3.133645179856115192e+03 -1.512929999999993015e+03
3.147449784172662021e+03 -2.079929999999993015e+03
3.161254388489208850e+03 -2.348929999999993015e+03
3.175058992805755679e+03 -1.778929999999993015e+03
3.188863597122302508e+03 -1.874929999999993015e+03
3.202668201438848882e+03 -2.492929999999993015e+03
3.216472805755395711e+03 -2.377929999999993015e+03
3.230277410071942541e+03 -1.838929999999993015e+03
3.244082014388489370e+03 -2.078929999999993015e+03
3.257886618705036199e+03 -1.321929999999993015e+03
3.271691223021583028e+03 -1.127929999999993015e+03
3.285495827338129857e+03 -1.570929999999993015e+03
3.299300431654676231e+03 -1.435929999999993015e+03
3.313105035971223060e+03 -1.145929999999993015e+03
3.326909640287769889e+03 -1.303929999999993015e+03
3.340714244604316718e+03 -1.465929999999993015e+03
3.354518848920863547e+03 -1.417929999999993015e+03
3.368323453237410376e+03 -1.824929999999993015e+03
3.382128057553957206e+03 -6.309299999999930151e+02
3.395932661870503580e+03 -1.939929999999993015e+03
3.409737266187050409e+03 -1.738929999999993015e+03
3.423541870503597238e+03 -1.378929999999993015e+03
3.437346474820144067e+03 -1.368929999999993015e+03
3.451151079136690896e+03 -1.574929999999993015e+03
3.464955683453237725e+03 -1.251929999999993015e+03
3.478760287769784554e+03 -1.380929999999993015e+03
3.492564892086330929e+03 -1.546929999999993015e+03
3.506369496402877758e+03 -1.381929999999993015e+03
3.520174100719424587e+03 -1.363929999999993015e+03
3.533978705035971416e+03 -1.883929999999993015e+03
3.547783309352518245e+03 -1.562929999999993015e+03
3.561587913669065074e+03 -9.039299999999930151e+02
3.575392517985611903e+03 -3.479299999999930151e+02
3.589197122302158277e+03 -1.217929999999993015e+03
3.603001726618705106e+03 -1.123929999999993015e+03
3.616806330935251935e+03 -9.549299999999930151e+02
3.630610935251798765e+03 -1.451929999999993015e+03
3.644415539568345594e+03 -1.653929999999993015e+03
3.658220143884892423e+03 -1.135929999999993015e+03
3.672024748201439252e+03 -1.047929999999993015e+03
3.685829352517985626e+03 9.310700000000069849e+02
3.699633956834532455e+03 8.480700000000069849e+02
3.713438561151079284e+03 1.610070000000006985e+03
3.727243165467626113e+03 3.710700000000069849e+02
3.741047769784172942e+03 -3.229299999999930151e+02
3.754852374100719771e+03 -1.357929999999993015e+03
3.768656978417266600e+03 -1.031929999999993015e+03
3.782461582733812975e+03 -1.659299999999930151e+02
3.796266187050359804e+03 -7.629299999999930151e+02
3.810070791366906633e+03 -1.799299999999930151e+02
3.823875395683453462e+03 -5.509299999999930151e+02
3.837680000000000291e+03 -1.160929999999993015e+03
3.851484604316547120e+03 -6.259299999999930151e+02
3.865289208633093949e+03 -1.305929999999993015e+03
3.879093812949640323e+03 -1.929299999999930151e+02
3.892898417266187153e+03 -5.692999999999301508e+01
3.906703021582733982e+03 -5.419299999999930151e+02
3.920507625899280811e+03 6.240700000000069849e+02
3.934312230215827640e+03 -1.699299999999930151e+02
3.948116834532374469e+03 -7.639299999999930151e+02
3.961921438848921298e+03 -4.849299999999930151e+02
3.975726043165467672e+03 -1.470929999999993015e+03
3.989530647482014501e+03 -6.659299999999930151e+02
4.003335251798561330e+03 -3.369299999999930151e+02
4.017139856115108159e+03 -6.292999999999301508e+01
4.030944460431654988e+03 -6.669299999999930151e+02
4.044749064748201818e+03 -9.309299999999930151e+02
4.058553669064748647e+03 -7.249299999999930151e+02
4.072358273381295021e+03 -2.789299999999930151e+02
4.086162877697841850e+03 -4.692999999999301508e+01
4.099967482014389134e+03 -6.299299999999930151e+02
4.113772086330935053e+03 -3.529299999999930151e+02
4.127576690647481882e+03 -9.092999999999301508e+01
4.141381294964028712e+03 -6.349299999999930151e+02
4.155185899280575541e+03 4.380700000000069849e+02
4.168990503597122370e+03 3.610700000000069849e+02
4.182795107913669199e+03 5.280700000000069849e+02
4.196599712230216028e+03 1.298070000000006985e+03
4.210404316546762857e+03 1.407000000000698492e+01
4.224208920863309686e+03 5.440700000000069849e+02
4.238013525179856515e+03 -2.559299999999930151e+02
4.251818129496403344e+03 -2.092999999999301508e+01
4.265622733812950173e+03 -1.739299999999930151e+02
4.279427338129497002e+03 4.110700000000069849e+02
4.293231942446043831e+03 1.970700000000069849e+02
4.307036546762589751e+03 1.010700000000069849e+02
4.320841151079136580e+03 1.150700000000069849e+02
4.334645755395683409e+03 8.530700000000069849e+02
4.348450359712230238e+03 4.300700000000069849e+02
4.362254964028777067e+03 2.120700000000069849e+02
4.376059568345323896e+03 3.890700000000069849e+02
4.389864172661870725e+03 5.810700000000069849e+02
4.403668776978417554e+03 2.937070000000006985e+03
4.417473381294964383e+03 2.900700000000069849e+02
4.431277985611511212e+03 1.810700000000069849e+02
4.445082589928058042e+03 -9.592999999999301508e+01
4.458887194244604871e+03 9.407000000000698492e+01
4.472691798561151700e+03 1.530700000000069849e+02
4.486496402877698529e+03 1.014070000000006985e+03
4.500301007194244448e+03 8.020700000000069849e+02
4.514105611510791277e+03 1.049070000000006985e+03
4.527910215827338106e+03 1.357070000000006985e+03
4.541714820143884936e+03 1.780070000000006985e+03
4.555519424460431765e+03 4.170700000000069849e+02
4.569324028776978594e+03 5.000700000000069849e+02
4.583128633093525423e+03 1.750700000000069849e+02
4.596933237410072252e+03 1.830700000000069849e+02
4.610737841726619081e+03 1.643070000000006985e+03
4.624542446043165910e+03 1.470070000000006985e+03
4.638347050359712739e+03 1.550700000000069849e+02
4.652151654676259568e+03 9.660700000000069849e+02
4.665956258992806397e+03 1.650070000000006985e+03
4.679760863309353226e+03 5.440700000000069849e+02
4.693565467625899146e+03 1.025070000000006985e+03
4.707370071942445975e+03 6.390700000000069849e+02
4.721174676258992804e+03 1.550070000000006985e+03
4.734979280575539633e+03 8.507000000000698492e+01
4.748783884892086462e+03 5.707000000000698492e+01
4.762588489208633291e+03 5.890700000000069849e+02
4.776393093525180120e+03 5.640700000000069849e+02
4.790197697841726949e+03 6.060700000000069849e+02
4.804002302158273778e+03 1.770070000000006985e+03
4.817806906474820607e+03 3.970700000000069849e+02
4.831611510791367436e+03 1.260700000000069849e+02
4.845416115107914266e+03 4.480700000000069849e+02
4.859220719424461095e+03 1.960700000000069849e+02
4.873025323741007014e+03 1.501070000000006985e+03
4.886829928057553843e+03 1.650700000000069849e+02
4.900634532374100672e+03 9.407000000000698492e+01
4.914439136690647501e+03 2.960700000000069849e+02
4.928243741007194330e+03 1.078070000000006985e+03
4.942048345323741160e+03 1.085070000000006985e+03
4.955852949640287989e+03 2.260700000000069849e+02
4.969657553956834818e+03 8.990700000000069849e+02
4.983462158273381647e+03 1.131070000000006985e+03
4.997266762589928476e+03 1.336070000000006985e+03
5.011071366906475305e+03 9.070700000000069849e+02
5.024875971223022134e+03 1.032070000000006985e+03
5.038680575539568963e+03 4.810700000000069849e+02
5.052485179856115792e+03 3.350700000000069849e+02
5.066289784172661712e+03 2.810700000000069849e+02
5.080094388489208541e+03 1.570070000000006985e+03
5.093898992805755370e+03 5.120700000000069849e+02
5.107703597122302199e+03 1.809070000000006985e+03
5.121508201438849028e+03 1.109070000000006985e+03
5.135312805755395857e+03 1.353070000000006985e+03
5.149117410071942686e+03 1.288070000000006985e+03
5.162922014388489515e+03 5.520700000000069849e+02
5.176726618705036344e+03 5.780700000000069849e+02
5.190531223021583173e+03 -5.309929999999993015e+03
5.204335827338130002e+03 -1.211792999999999302e+04
5.218140431654676831e+03 -1.173592999999999302e+04
5.231945035971223660e+03 -1.191992999999999302e+04
5.245749640287770490e+03 -1.198692999999999302e+04
5.259554244604316409e+03 -1.210492999999999302e+04
5.273358848920863238e+03 -1.195892999999999302e+04
5.287163453237410067e+03 -1.213692999999999302e+04
5.300968057553956896e+03 -1.212492999999999302e+04
5.314772661870503725e+03 -1.204192999999999302e+04
5.328577266187050554e+03 -1.189092999999999302e+04
5.342381870503597384e+03 -1.173892999999999302e+04
5.356186474820144213e+03 -1.222792999999999302e+04
5.369991079136691042e+03 -1.196192999999999302e+04
5.383795683453237871e+03 -1.197392999999999302e+04
5.397600287769784700e+03 -1.204192999999999302e+04
5.411404892086331529e+03 -1.207492999999999302e+04
5.425209496402878358e+03 -1.214292999999999302e+04
5.439014100719425187e+03 -1.212692999999999302e+04
5.452818705035971107e+03 -1.198092999999999302e+04
5.466623309352517936e+03 -1.195292999999999302e+04
5.480427913669064765e+03 -1.212792999999999302e+04
5.494232517985611594e+03 -1.208092999999999302e+04
5.508037122302158423e+03 -1.203492999999999302e+04
