-1.774411182795699006e+03 -1.338900000000023283e+03
-1.760656057347670412e+03 -6.902900000000023283e+03
-1.746900931899641819e+03 -8.284900000000023283e+03
-1.733145806451612998e+03 -8.878900000000023283e+03
-1.719390681003584405e+03 -9.257900000000023283e+03
-1.705635555555555811e+03 -9.538900000000023283e+03
-1.691880430107526990e+03 -9.738900000000023283e+03
-1.678125304659498397e+03 -9.907900000000023283e+03
-1.664370179211469576e+03 -1.034290000000002328e+04
-1.650615053763440983e+03 -1.027690000000002328e+04
-1.636859928315412390e+03 -1.060690000000002328e+04
-1.623104802867383569e+03 -1.080490000000002328e+04
-1.609349677419354975e+03 -5.331900000000023283e+03
-1.595594551971326382e+03 4.250999999999767169e+02
-1.581839426523297561e+03 -3.319000000000232831e+02
-1.568084301075268968e+03 -7.949000000000232831e+02
-1.554329175627240375e+03 -8.829000000000232831e+02
-1.540574050179211554e+03 -4.690000000002328306e+01
-1.526818924731182960e+03 -1.083900000000023283e+03
-1.513063799283154367e+03 -7.499000000000232831e+02
-1.499308673835125546e+03 -1.146900000000023283e+03
-1.485553548387096953e+03 -8.889000000000232831e+02
-1.471798422939068132e+03 -9.609000000000232831e+02
-1.458043297491039539e+03 1.608099999999976717e+03
-1.444288172043010945e+03 -1.631900000000023283e+03
-1.430533046594982125e+03 -1.305900000000023283e+03
-1.416777921146953531e+03 -5.979000000000232831e+02
-1.403022795698924938e+03 -2.175900000000023283e+03
-1.389267670250896117e+03 -1.422900000000023283e+03
-1.375512544802867524e+03 -1.449900000000023283e+03
-1.361757419354838930e+03 -1.450900000000023283e+03
-1.348002293906810110e+03 -1.656900000000023283e+03
-1.334247168458781516e+03 -2.091900000000023283e+03
-1.320492043010752695e+03 -2.399900000000023283e+03
-1.306736917562724102e+03 -2.355900000000023283e+03
-1.292981792114695509e+03 -1.729900000000023283e+03
-1.279226666666666688e+03 -1.579900000000023283e+03
-1.265471541218638095e+03 -1.710900000000023283e+03
-1.251716415770609501e+03 -8.779000000000232831e+02
-1.237961290322580680e+03 -2.362900000000023283e+03
-1.224206164874552087e+03 -1.570900000000023283e+03
-1.210451039426523494e+03 -2.014900000000023283e+03
-1.196695913978494673e+03 -9.139000000000232831e+02
-1.182940788530466079e+03 -1.406900000000023283e+03
-1.169185663082437486e+03 -1.808900000000023283e+03
-1.155430537634408665e+03 -1.775900000000023283e+03
-1.141675412186380072e+03 -1.595900000000023283e+03
-1.127920286738351251e+03 -1.222900000000023283e+03
-1.114165161290322658e+03 -1.651900000000023283e+03
-1.100410035842294064e+03 -1.954900000000023283e+03
-1.086654910394265244e+03 -2.333900000000023283e+03
-1.072899784946236650e+03 -2.389900000000023283e+03
-1.059144659498208057e+03 -1.783900000000023283e+03
-1.045389534050179236e+03 -5.079000000000232831e+02
-1.031634408602150643e+03 6.390999999999767169e+02
-1.017879283154121936e+03 -1.624900000000023283e+03
-1.004124157706093229e+03 -2.160900000000023283e+03
-9.903690322580646352e+02 -2.143900000000023283e+03
-9.766139068100359282e+02 -2.006900000000023283e+03
-9.628587813620072211e+02 -2.056900000000023283e+03
-9.491036559139786277e+02 -1.763900000000023283e+03
-9.353485304659499207e+02 -1.214900000000023283e+03
-9.215934050179212136e+02 -2.294900000000023283e+03
-9.078382795698925065e+02 -1.761900000000023283e+03
-8.940831541218639131e+02 -1.882900000000023283e+03
-8.803280286738352061e+02 -1.321900000000023283e+03
-8.665729032258064990e+02 -2.067900000000023283e+03
-8.528177777777779056e+02 -1.639900000000023283e+03
-8.390626523297491985e+02 -1.097900000000023283e+03
-8.253075268817204915e+02 -2.060900000000023283e+03
-8.115524014336917844e+02 -2.149900000000023283e+03
-7.977972759856631910e+02 -2.331900000000023283e+03
-7.840421505376344840e+02 -1.223900000000023283e+03
-7.702870250896057769e+02 -1.369900000000023283e+03
-7.565318996415771835e+02 -2.242900000000023283e+03
-7.427767741935484764e+02 -2.341900000000023283e+03
-7.290216487455197694e+02 -1.617900000000023283e+03
-7.152665232974910623e+02 -1.207900000000023283e+03
-7.015113978494624689e+02 -2.101900000000023283e+03
-6.877562724014337618e+02 -2.314900000000023283e+03
-6.740011469534050548e+02 -1.700900000000023283e+03
-6.602460215053763477e+02 -2.851900000000023283e+03
-6.464908960573477543e+02 -2.059900000000023283e+03
-6.327357706093190473e+02 -2.379900000000023283e+03
-6.189806451612903402e+02 -1.976900000000023283e+03
-6.052255197132617468e+02 -2.040900000000023283e+03
-5.914703942652330397e+02 -2.159900000000023283e+03
-5.777152688172043327e+02 -2.105900000000023283e+03
-5.639601433691756256e+02 -2.146900000000023283e+03
-5.502050179211470322e+02 -2.173900000000023283e+03
-5.364498924731183251e+02 -1.620900000000023283e+03
-5.226947670250896181e+02 -1.662900000000023283e+03
-5.089396415770609678e+02 -1.908900000000023283e+03
-4.951845161290323176e+02 -1.687900000000023283e+03
-4.814293906810036106e+02 -2.130900000000023283e+03
-4.676742652329749603e+02 -1.837900000000023283e+03
-4.539191397849462533e+02 -1.842900000000023283e+03
-4.401640143369176030e+02 -1.691900000000023283e+03
-4.264088888888889528e+02 -1.225900000000023283e+03
-4.126537634408602457e+02 -1.532900000000023283e+03
-3.988986379928315955e+02 -1.969000000000232831e+02
-3.851435125448028884e+02 -3.090000000002328306e+01
-3.713883870967742382e+02 2.788099999999976717e+03
-3.576332616487455311e+02 4.120099999999976717e+03
-3.438781362007168809e+02 6.795099999999976717e+03
-3.301230107526881739e+02 9.546099999999976717e+03
-3.163678853046595236e+02 1.357709999999997672e+04
-3.026127598566308734e+02 1.603309999999997672e+04
-2.888576344086021663e+02 1.899409999999997672e+04
-2.751025089605735161e+02 2.403509999999997672e+04
-2.613473835125448090e+02 2.816709999999997672e+04
-2.475922580645161588e+02 3.127609999999997672e+04
-2.338371326164874802e+02 3.621609999999997672e+04
-2.200820071684588015e+02 3.887109999999997672e+04
-2.063268817204301229e+02 4.374709999999997672e+04
-1.925717562724014442e+02 4.738309999999997672e+04
-1.788166308243727656e+02 5.013309999999997672e+04
-1.650615053763440869e+02 5.224909999999997672e+04
-1.513063799283154367e+02 5.626609999999997672e+04
-1.375512544802867581e+02 5.872909999999997672e+04
-1.237961290322580794e+02 6.022109999999997672e+04
-1.100410035842294008e+02 6.154809999999997672e+04
-9.628587813620072211e+01 6.436909999999997672e+04
-8.253075268817204346e+01 6.658609999999997672e+04
-6.877562724014337903e+01 6.838509999999997672e+04
-5.502050179211470038e+01 6.862109999999997672e+04
-4.126537634408602173e+01 7.056909999999997672e+04
-2.751025089605735019e+01 7.124209999999997672e+04
-1.375512544802867509e+01 7.254609999999997672e+04
0.000000000000000000e+00 7.438609999999997672e+04
1.375512544802867509e+01 7.770209999999997672e+04
2.751025089605735019e+01 8.278509999999997672e+04
4.126537634408602173e+01 8.613409999999997672e+04
5.502050179211470038e+01 8.725009999999997672e+04
6.877562724014337903e+01 8.950409999999997672e+04
8.253075268817204346e+01 9.320309999999997672e+04
9.628587813620072211e+01 9.708709999999997672e+04
1.100410035842294008e+02 1.019750999999999767e+05
1.237961290322580794e+02 1.091700999999999767e+05
1.375512544802867581e+02 1.174730999999999767e+05
1.513063799283154367e+02 1.259840999999999767e+05
1.650615053763440869e+02 1.348900999999999767e+05
1.788166308243727656e+02 1.471460999999999767e+05
1.925717562724014442e+02 1.636150999999999767e+05
2.063268817204301229e+02 1.855700999999999767e+05
2.200820071684588015e+02 2.097600999999999767e+05
2.338371326164874802e+02 2.347700999999999767e+05
2.475922580645161588e+02 2.657190999999999767e+05
2.613473835125448090e+02 3.028380999999999767e+05
2.751025089605735161e+02 3.421480999999999767e+05
2.888576344086021663e+02 3.953180999999999767e+05
3.026127598566308734e+02 4.570510999999999767e+05
3.163678853046595236e+02 5.324860999999999767e+05
3.301230107526881739e+02 6.230170999999999767e+05
3.438781362007168809e+02 7.291650999999999767e+05
3.576332616487455311e+02 8.480940999999999767e+05
3.713883870967742382e+02 9.805910999999999767e+05
3.851435125448028884e+02 1.128787100000000093e+06
3.988986379928315955e+02 1.280920100000000093e+06
4.126537634408602457e+02 1.440194100000000093e+06
4.264088888888889528e+02 1.614065100000000093e+06
4.401640143369176030e+02 1.783406100000000093e+06
4.539191397849462533e+02 1.969369100000000093e+06
4.676742652329749603e+02 2.158209100000000093e+06
4.814293906810036106e+02 2.344783100000000093e+06
4.951845161290323176e+02 2.520642100000000093e+06
5.089396415770609678e+02 2.685298100000000093e+06
5.226947670250896181e+02 2.828224100000000093e+06
5.364498924731183251e+02 2.963666100000000093e+06
5.502050179211470322e+02 3.114651100000000093e+06
5.639601433691756256e+02 3.222506100000000093e+06
5.777152688172043327e+02 3.305063100000000093e+06
5.914703942652330397e+02 3.377405100000000093e+06
6.052255197132617468e+02 3.432727100000000093e+06
6.189806451612903402e+02 3.481066100000000093e+06
6.327357706093190473e+02 3.527500100000000093e+06
6.464908960573477543e+02 3.562658100000000093e+06
6.602460215053763477e+02 3.588894100000000093e+06
6.740011469534050548e+02 3.602797100000000093e+06
6.877562724014337618e+02 3.612827100000000093e+06
7.015113978494624689e+02 3.627236100000000093e+06
7.152665232974910623e+02 3.628679100000000093e+06
7.290216487455197694e+02 3.632410100000000093e+06
7.427767741935484764e+02 3.606930100000000093e+06
7.565318996415771835e+02 3.601602100000000093e+06
7.702870250896057769e+02 3.604954100000000093e+06
7.840421505376344840e+02 3.579777100000000093e+06
7.977972759856631910e+02 3.572921100000000093e+06
8.115524014336917844e+02 3.584752100000000093e+06
8.253075268817204915e+02 3.586611100000000093e+06
8.390626523297491985e+02 3.589443100000000093e+06
8.528177777777779056e+02 3.583323100000000093e+06
8.665729032258064990e+02 3.587882100000000093e+06
8.803280286738352061e+02 3.585774100000000093e+06
8.940831541218639131e+02 3.596721100000000093e+06
9.078382795698925065e+02 3.602133100000000093e+06
9.215934050179212136e+02 3.604483100000000093e+06
9.353485304659499207e+02 3.609058100000000093e+06
9.491036559139786277e+02 3.604456100000000093e+06
9.628587813620072211e+02 3.581600100000000093e+06
9.766139068100359282e+02 3.583807100000000093e+06
9.903690322580646352e+02 3.589823100000000093e+06
1.004124157706093229e+03 3.590567100000000093e+06
1.017879283154121936e+03 3.613812100000000093e+06
1.031634408602150643e+03 3.627932100000000093e+06
1.045389534050179236e+03 3.634405100000000093e+06
1.059144659498208057e+03 3.627762100000000093e+06
1.072899784946236650e+03 3.631942100000000093e+06
1.086654910394265244e+03 3.630455100000000093e+06
1.100410035842294064e+03 3.623525100000000093e+06
1.114165161290322658e+03 3.617926100000000093e+06
1.127920286738351251e+03 3.629837100000000093e+06
1.141675412186380072e+03 3.606818100000000093e+06
1.155430537634408665e+03 3.613026100000000093e+06
1.169185663082437486e+03 3.633202100000000093e+06
1.182940788530466079e+03 3.617631100000000093e+06
1.196695913978494673e+03 3.614773100000000093e+06
1.210451039426523494e+03 3.609302100000000093e+06
1.224206164874552087e+03 3.587339100000000093e+06
1.237961290322580680e+03 3.594216100000000093e+06
1.251716415770609501e+03 3.612978100000000093e+06
1.265471541218638095e+03 3.575309100000000093e+06
1.279226666666666688e+03 3.542285100000000093e+06
1.292981792114695509e+03 3.536364100000000093e+06
1.306736917562724102e+03 3.540970100000000093e+06
1.320492043010752695e+03 3.544930100000000093e+06
1.334247168458781516e+03 3.542168100000000093e+06
1.348002293906810110e+03 3.523455100000000093e+06
1.361757419354838930e+03 3.468123100000000093e+06
1.375512544802867524e+03 3.399876100000000093e+06
1.389267670250896117e+03 3.325950100000000093e+06
1.403022795698924938e+03 3.222204100000000093e+06
1.416777921146953531e+03 3.075988100000000093e+06
1.430533046594982125e+03 2.902173100000000093e+06
1.444288172043010945e+03 2.723990100000000093e+06
1.458043297491039539e+03 2.523276100000000093e+06
1.471798422939068132e+03 2.269337100000000093e+06
1.485553548387096953e+03 2.008136100000000093e+06
1.499308673835125546e+03 1.754803100000000093e+06
1.513063799283154367e+03 1.502844100000000093e+06
1.526818924731182960e+03 1.266127100000000093e+06
1.540574050179211554e+03 1.051915100000000093e+06
1.554329175627240375e+03 8.605610999999999767e+05
1.568084301075268968e+03 6.920310999999999767e+05
1.581839426523297561e+03 5.451010999999999767e+05
1.595594551971326382e+03 4.157140999999999767e+05
1.609349677419354975e+03 3.056220999999999767e+05
1.623104802867383569e+03 2.177400999999999767e+05
1.636859928315412390e+03 1.524720999999999767e+05
1.650615053763440983e+03 1.062560999999999767e+05
1.664370179211469576e+03 7.297809999999997672e+04
1.678125304659498397e+03 5.168209999999997672e+04
1.691880430107526990e+03 4.142309999999997672e+04
1.705635555555555811e+03 3.580509999999997672e+04
1.719390681003584405e+03 3.045409999999997672e+04
1.733145806451612998e+03 3.051209999999997672e+04
1.746900931899641819e+03 3.072109999999997672e+04
1.760656057347670412e+03 2.887809999999997672e+04
1.774411182795699006e+03 2.832009999999997672e+04
1.788166308243727826e+03 2.766109999999997672e+04
1.801921433691756420e+03 2.714109999999997672e+04
1.815676559139785013e+03 2.749909999999997672e+04
1.829431684587813834e+03 2.587309999999997672e+04
1.843186810035842427e+03 2.554909999999997672e+04
1.856941935483871248e+03 2.287009999999997672e+04
1.870697060931899841e+03 2.158309999999997672e+04
1.884452186379928435e+03 2.152809999999997672e+04
1.898207311827957255e+03 2.110809999999997672e+04
1.911962437275985849e+03 1.946909999999997672e+04
1.925717562724014442e+03 1.915509999999997672e+04
1.939472688172043263e+03 1.962409999999997672e+04
1.953227813620071856e+03 1.685709999999997672e+04
1.966982939068100450e+03 1.588509999999997672e+04
1.980738064516129270e+03 1.509309999999997672e+04
1.994493189964157864e+03 1.396809999999997672e+04
2.008248315412186457e+03 1.177109999999997672e+04
2.022003440860215278e+03 1.085809999999997672e+04
2.035758566308243871e+03 9.425099999999976717e+03
2.049513691756272692e+03 8.329099999999976717e+03
2.063268817204301286e+03 6.670099999999976717e+03
2.077023942652329879e+03 5.573099999999976717e+03
2.090779068100358472e+03 6.040099999999976717e+03
2.104534193548387066e+03 6.247099999999976717e+03
2.118289318996416114e+03 5.369099999999976717e+03
2.132044444444444707e+03 4.705099999999976717e+03
2.145799569892473301e+03 4.876099999999976717e+03
2.159554695340501894e+03 3.692099999999976717e+03
2.173309820788530487e+03 3.464099999999976717e+03
2.187064946236559535e+03 2.695099999999976717e+03
2.200820071684588129e+03 1.943099999999976717e+03
2.214575197132616722e+03 2.820099999999976717e+03
2.228330322580645316e+03 1.558099999999976717e+03
2.242085448028673909e+03 8.200999999999767169e+02
2.255840573476702502e+03 5.180999999999767169e+02
2.269595698924731551e+03 -1.319000000000232831e+02
2.283350824372760144e+03 -9.890000000002328306e+01
2.297105949820788737e+03 4.650999999999767169e+02
2.310861075268817331e+03 -8.590000000002328306e+01
2.324616200716845924e+03 -2.439000000000232831e+02
2.338371326164874972e+03 -1.205900000000023283e+03
2.352126451612903566e+03 -1.397900000000023283e+03
2.365881577060932159e+03 -6.900000000023283064e+00
2.379636702508960752e+03 -1.451900000000023283e+03
2.393391827956989346e+03 -1.269900000000023283e+03
2.407146953405017939e+03 -1.586900000000023283e+03
2.420902078853046987e+03 -1.196900000000023283e+03
2.434657204301075581e+03 -2.779000000000232831e+02
2.448412329749104174e+03 -1.804900000000023283e+03
2.462167455197132767e+03 -2.292900000000023283e+03
2.475922580645161361e+03 -1.058900000000023283e+03
2.489677706093190409e+03 -7.589000000000232831e+02
2.503432831541219002e+03 -1.379900000000023283e+03
2.517187956989247596e+03 -1.882900000000023283e+03
2.530943082437276189e+03 -1.643900000000023283e+03
2.544698207885304782e+03 -9.549000000000232831e+02
2.558453333333333376e+03 -1.341900000000023283e+03
2.572208458781362424e+03 -7.689000000000232831e+02
2.585963584229391017e+03 -1.163900000000023283e+03
2.599718709677419611e+03 -1.503900000000023283e+03
2.613473835125448204e+03 -2.192900000000023283e+03
2.627228960573476797e+03 -2.070900000000023283e+03
2.640984086021505391e+03 -2.336900000000023283e+03
2.654739211469534439e+03 -1.795900000000023283e+03
2.668494336917563032e+03 -7.169000000000232831e+02
2.682249462365591626e+03 -2.184900000000023283e+03
2.696004587813620219e+03 -2.186900000000023283e+03
2.709759713261648812e+03 -1.676900000000023283e+03
2.723514838709677861e+03 -2.277900000000023283e+03
2.737269964157706454e+03 -2.069900000000023283e+03
2.751025089605735047e+03 -1.806900000000023283e+03
2.764780215053763641e+03 -1.013900000000023283e+03
2.778535340501792234e+03 -8.779000000000232831e+02
2.792290465949820828e+03 -2.266900000000023283e+03
2.806045591397849876e+03 -7.879000000000232831e+02
2.819800716845878469e+03 -1.987900000000023283e+03
2.833555842293907062e+03 -1.592900000000023283e+03
2.847310967741935656e+03 -2.299000000000232831e+02
2.861066093189964249e+03 -1.449900000000023283e+03
2.874821218637993297e+03 -8.639000000000232831e+02
2.888576344086021891e+03 -7.439000000000232831e+02
2.902331469534050484e+03 -1.745900000000023283e+03
2.916086594982079077e+03 -1.755900000000023283e+03
2.929841720430107671e+03 -2.175900000000023283e+03
2.943596845878136264e+03 -2.253900000000023283e+03
2.957351971326165312e+03 -1.107900000000023283e+03
2.971107096774193906e+03 -2.196900000000023283e+03
2.984862222222222499e+03 -1.223900000000023283e+03
2.998617347670251092e+03 -2.272900000000023283e+03
3.012372473118279686e+03 -2.091900000000023283e+03
3.026127598566308734e+03 -1.806900000000023283e+03
3.039882724014337327e+03 -2.532900000000023283e+03
3.053637849462365921e+03 -2.406900000000023283e+03
3.067392974910394514e+03 -1.790900000000023283e+03
3.081148100358423108e+03 -2.533900000000023283e+03
3.094903225806451701e+03 -1.806900000000023283e+03
3.108658351254480749e+03 -2.331900000000023283e+03
3.122413476702509342e+03 -2.559900000000023283e+03
3.136168602150537936e+03 -1.760900000000023283e+03
3.149923727598566529e+03 -2.464900000000023283e+03
3.163678853046595123e+03 -2.704900000000023283e+03
3.177433978494624171e+03 -3.113900000000023283e+03
3.191189103942652764e+03 -2.581900000000023283e+03
3.204944229390681357e+03 -1.555900000000023283e+03
3.218699354838709951e+03 -1.411900000000023283e+03
3.232454480286738544e+03 -1.991900000000023283e+03
3.246209605734767138e+03 -2.297900000000023283e+03
3.259964731182796186e+03 -1.991900000000023283e+03
3.273719856630824779e+03 -2.186900000000023283e+03
3.287474982078853373e+03 -1.705900000000023283e+03
3.301230107526881966e+03 -1.239900000000023283e+03
3.314985232974910559e+03 -1.338900000000023283e+03
3.328740358422939153e+03 -1.675900000000023283e+03
3.342495483870968201e+03 -1.203900000000023283e+03
3.356250609318996794e+03 -2.371900000000023283e+03
3.370005734767025388e+03 -2.089900000000023283e+03
3.383760860215053981e+03 -1.732900000000023283e+03
3.397515985663082574e+03 -1.989900000000023283e+03
3.411271111111111622e+03 -2.580900000000023283e+03
3.425026236559140216e+03 -1.907900000000023283e+03
3.438781362007168809e+03 -1.626900000000023283e+03
3.452536487455197403e+03 -1.693900000000023283e+03
3.466291612903225996e+03 -1.780900000000023283e+03
3.480046738351254589e+03 -1.740900000000023283e+03
3.493801863799283637e+03 -2.057900000000023283e+03
3.507556989247312231e+03 -1.952900000000023283e+03
3.521312114695340824e+03 -1.081900000000023283e+03
3.535067240143369418e+03 -1.582900000000023283e+03
3.548822365591398011e+03 -1.538900000000023283e+03
3.562577491039427059e+03 -1.480900000000023283e+03
3.576332616487455653e+03 -1.184900000000023283e+03
3.590087741935484246e+03 -1.928900000000023283e+03
3.603842867383512839e+03 -1.604900000000023283e+03
3.617597992831541433e+03 -1.368900000000023283e+03
3.631353118279570026e+03 -7.179000000000232831e+02
3.645108243727599074e+03 -1.777900000000023283e+03
3.658863369175627668e+03 -1.882900000000023283e+03
3.672618494623656261e+03 -1.979900000000023283e+03
3.686373620071684854e+03 -1.476900000000023283e+03
3.700128745519713448e+03 -1.593900000000023283e+03
3.713883870967742496e+03 -1.373900000000023283e+03
3.727638996415771089e+03 -7.109000000000232831e+02
3.741394121863799683e+03 -1.703900000000023283e+03
3.755149247311828276e+03 -1.939900000000023283e+03
3.768904372759856869e+03 -1.901900000000023283e+03
3.782659498207885463e+03 -1.925900000000023283e+03
3.796414623655914511e+03 -1.541900000000023283e+03
3.810169749103943104e+03 -1.779900000000023283e+03
3.823924874551971698e+03 -8.459000000000232831e+02
3.837680000000000291e+03 -1.562900000000023283e+03
3.851435125448028884e+03 -1.112900000000023283e+03
3.865190250896057478e+03 -1.043900000000023283e+03
3.878945376344086526e+03 -1.206900000000023283e+03
3.892700501792115119e+03 -1.007900000000023283e+03
3.906455627240143713e+03 -9.089000000000232831e+02
3.920210752688172306e+03 -2.959000000000232831e+02
3.933965878136200899e+03 5.160999999999767169e+02
3.947721003584229948e+03 -2.119000000000232831e+02
3.961476129032258541e+03 -1.074900000000023283e+03
3.975231254480287134e+03 -3.289000000000232831e+02
3.988986379928315728e+03 -2.459000000000232831e+02
4.002741505376344321e+03 -8.769000000000232831e+02
4.016496630824372915e+03 -5.699000000000232831e+02
4.030251756272401963e+03 1.380999999999767169e+02
4.044006881720430556e+03 -3.549000000000232831e+02
4.057762007168459149e+03 -3.719000000000232831e+02
4.071517132616487743e+03 -4.409000000000232831e+02
4.085272258064516336e+03 -1.284900000000023283e+03
4.099027383512545384e+03 -6.079000000000232831e+02
4.112782508960573978e+03 -1.263900000000023283e+03
4.126537634408602571e+03 -1.559000000000232831e+02
4.140292759856631164e+03 -3.290000000002328306e+01
4.154047885304659758e+03 -1.224900000000023283e+03
4.167803010752688351e+03 6.160999999999767169e+02
4.181558136200716945e+03 -1.569000000000232831e+02
4.195313261648745538e+03 -9.199000000000232831e+02
4.209068387096774131e+03 -4.589000000000232831e+02
4.222823512544803634e+03 -5.529000000000232831e+02
4.236578637992832228e+03 -1.126900000000023283e+03
4.250333763440860821e+03 -7.269000000000232831e+02
4.264088888888889414e+03 4.860999999999767169e+02
4.277844014336918008e+03 -3.909000000000232831e+02
4.291599139784946601e+03 -6.539000000000232831e+02
4.305354265232975195e+03 -1.309000000000232831e+02
4.319109390681003788e+03 4.810999999999767169e+02
4.332864516129032381e+03 1.020099999999976717e+03
4.346619641577060975e+03 5.840999999999767169e+02
4.360374767025089568e+03 8.170999999999767169e+02
4.374129892473119071e+03 7.780999999999767169e+02
4.387885017921147664e+03 -4.689000000000232831e+02
4.401640143369176258e+03 2.200999999999767169e+02
4.415395268817204851e+03 -2.289000000000232831e+02
4.429150394265233444e+03 3.670999999999767169e+02
4.442905519713262038e+03 1.341099999999976717e+03
4.456660645161290631e+03 4.640999999999767169e+02
4.470415770609319225e+03 5.500999999999767169e+02
4.484170896057347818e+03 4.780999999999767169e+02
4.497926021505376411e+03 5.640999999999767169e+02
4.511681146953405005e+03 3.820999999999767169e+02
4.525436272401434508e+03 4.700999999999767169e+02
4.539191397849463101e+03 6.210999999999767169e+02
4.552946523297491694e+03 5.140999999999767169e+02
4.566701648745520288e+03 4.810999999999767169e+02
4.580456774193548881e+03 -1.109000000000232831e+02
4.594211899641577475e+03 1.300999999999767169e+02
4.607967025089606068e+03 -2.719000000000232831e+02
4.621722150537634661e+03 -2.099000000000232831e+02
4.635477275985663255e+03 4.060999999999767169e+02
4.649232401433691848e+03 3.184099999999976717e+03
4.662987526881720441e+03 -1.579000000000232831e+02
4.676742652329749944e+03 2.850999999999767169e+02
4.690497777777778538e+03 8.500999999999767169e+02
4.704252903225807131e+03 3.810999999999767169e+02
4.718008028673835724e+03 -1.839000000000232831e+02
4.731763154121864318e+03 4.110999999999767169e+02
4.745518279569892911e+03 4.250999999999767169e+02
4.759273405017921505e+03 1.062099999999976717e+03
4.773028530465950098e+03 6.430999999999767169e+02
4.786783655913978691e+03 1.037099999999976717e+03
4.800538781362007285e+03 3.570999999999767169e+02
4.814293906810035878e+03 5.930999999999767169e+02
4.828049032258065381e+03 1.080999999999767169e+02
4.841804157706093974e+03 1.320999999999767169e+02
4.855559283154122568e+03 1.544099999999976717e+03
4.869314408602151161e+03 1.111099999999976717e+03
4.883069534050179755e+03 2.390999999999767169e+02
4.896824659498208348e+03 7.720999999999767169e+02
4.910579784946236941e+03 1.135099999999976717e+03
4.924334910394265535e+03 2.330999999999767169e+02
4.938090035842294128e+03 8.800999999999767169e+02
4.951845161290322721e+03 6.210999999999767169e+02
4.965600286738351315e+03 1.872099999999976717e+03
4.979355412186380818e+03 4.280999999999767169e+02
4.993110537634409411e+03 5.000999999999767169e+02
5.006865663082438004e+03 7.390999999999767169e+02
5.020620788530466598e+03 2.220999999999767169e+02
5.034375913978495191e+03 3.300999999999767169e+02
5.048131039426523785e+03 2.011099999999976717e+03
5.061886164874552378e+03 3.270999999999767169e+02
5.075641290322580971e+03 -3.729000000000232831e+02
5.089396415770609565e+03 7.980999999999767169e+02
5.103151541218638158e+03 2.510999999999767169e+02
5.116906666666666752e+03 1.179099999999976717e+03
5.130661792114696254e+03 4.120999999999767169e+02
5.144416917562724848e+03 1.600999999999767169e+02
5.158172043010753441e+03 5.130999999999767169e+02
5.171927168458782035e+03 6.709999999997671694e+01
5.185682293906810628e+03 5.540999999999767169e+02
5.199437419354839221e+03 1.570999999999767169e+02
5.213192544802867815e+03 1.263099999999976717e+03
5.226947670250896408e+03 8.900999999999767169e+02
5.240702795698925001e+03 1.135099999999976717e+03
5.254457921146953595e+03 9.120999999999767169e+02
5.268213046594982188e+03 2.320999999999767169e+02
5.281968172043010782e+03 2.400999999999767169e+02
5.295723297491040285e+03 -6.529000000000232831e+02
5.309478422939068878e+03 9.609999999997671694e+01
5.323233548387097471e+03 1.550099999999976717e+03
5.336988673835126065e+03 1.170999999999767169e+02
5.350743799283154658e+03 1.837099999999976717e+03
5.364498924731183251e+03 8.440999999999767169e+02
5.378254050179211845e+03 8.800999999999767169e+02
5.392009175627240438e+03 1.308099999999976717e+03
5.405764301075269032e+03 6.930999999999767169e+02
5.419519426523297625e+03 6.070999999999767169e+02
5.433274551971326218e+03 -5.717900000000023283e+03
5.447029677419355721e+03 -1.246090000000002328e+04
5.460784802867384315e+03 -1.245390000000002328e+04
5.474539928315412908e+03 -1.250790000000002328e+04
5.488295053763441501e+03 -1.237590000000002328e+04
5.502050179211470095e+03 -1.266290000000002328e+04
5.515805304659498688e+03 -1.240290000000002328e+04
5.529560430107527282e+03 -1.247890000000002328e+04
5.543315555555555875e+03 -1.248090000000002328e+04
5.557070681003584468e+03 -1.238790000000002328e+04
5.570825806451613062e+03 -1.236690000000002328e+04
5.584580931899641655e+03 -1.258390000000002328e+04
5.598336057347671158e+03 -1.246790000000002328e+04
5.612091182795699751e+03 -1.254390000000002328e+04
5.625846308243728345e+03 -1.254990000000002328e+04
5.639601433691756938e+03 -1.251590000000002328e+04
5.653356559139785531e+03 -1.252090000000002328e+04
5.667111684587814125e+03 -1.256390000000002328e+04
5.680866810035842718e+03 -1.238890000000002328e+04
5.694621935483871312e+03 -1.235690000000002328e+04
5.708377060931899905e+03 -1.255990000000002328e+04
5.722132186379928498e+03 -1.253190000000002328e+04
5.735887311827957092e+03 -1.257790000000002328e+04
5.749642437275986595e+03 -1.254890000000002328e+04
