-1.974058417266187234e+03 -1.067309999999997672e+03
-1.960253812949640405e+03 -6.548309999999997672e+03
-1.946449208633093576e+03 -8.048309999999997672e+03
-1.932644604316546975e+03 -8.503309999999997672e+03
-1.918840000000000146e+03 -8.705309999999997672e+03
-1.905035395683453316e+03 -9.216309999999997672e+03
-1.891230791366906487e+03 -9.324309999999997672e+03
-1.877426187050359886e+03 -9.727309999999997672e+03
-1.863621582733813057e+03 -1.005630999999999767e+04
-1.849816978417266228e+03 -1.015430999999999767e+04
-1.836012374100719626e+03 -1.042730999999999767e+04
-1.822207769784172797e+03 -1.019030999999999767e+04
-1.808403165467625968e+03 -5.265309999999997672e+03
-1.794598561151079139e+03 1.076900000000023283e+02
-1.780793956834532537e+03 -6.503099999999976717e+02
-1.766989352517985708e+03 -7.043099999999976717e+02
-1.753184748201438879e+03 -7.893099999999976717e+02
-1.739380143884892277e+03 7.436900000000023283e+02
-1.725575539568345448e+03 -1.054309999999997672e+03
-1.711770935251798619e+03 -8.153099999999976717e+02
-1.697966330935251790e+03 -8.843099999999976717e+02
-1.684161726618705188e+03 -6.623099999999976717e+02
-1.670357122302158359e+03 -1.250309999999997672e+03
-1.656552517985611530e+03 1.379690000000002328e+03
-1.642747913669064928e+03 -1.495309999999997672e+03
-1.628943309352518099e+03 -1.171309999999997672e+03
-1.615138705035971270e+03 -8.323099999999976717e+02
-1.601334100719424441e+03 -2.370309999999997672e+03
-1.587529496402877840e+03 -7.973099999999976717e+02
-1.573724892086331010e+03 -1.331309999999997672e+03
-1.559920287769784181e+03 -1.495309999999997672e+03
-1.546115683453237580e+03 -1.745309999999997672e+03
-1.532311079136690751e+03 -2.214309999999997672e+03
-1.518506474820143922e+03 -1.944309999999997672e+03
-1.504701870503597092e+03 -2.146309999999997672e+03
-1.490897266187050491e+03 -2.148309999999997672e+03
-1.477092661870503662e+03 -1.747309999999997672e+03
-1.463288057553956833e+03 -1.527309999999997672e+03
-1.449483453237410231e+03 -8.893099999999976717e+02
-1.435678848920863402e+03 -2.070309999999997672e+03
-1.421874244604316573e+03 -1.244309999999997672e+03
-1.408069640287769971e+03 -2.033309999999997672e+03
-1.394265035971223142e+03 -1.215309999999997672e+03
-1.380460431654676313e+03 -1.362309999999997672e+03
-1.366655827338129484e+03 -1.803309999999997672e+03
-1.352851223021582882e+03 -1.494309999999997672e+03
-1.339046618705036053e+03 -1.386309999999997672e+03
-1.325242014388489224e+03 -3.523099999999976717e+02
-1.311437410071942622e+03 -1.619309999999997672e+03
-1.297632805755395793e+03 -1.635309999999997672e+03
-1.283828201438848964e+03 -1.912309999999997672e+03
-1.270023597122302135e+03 -1.970309999999997672e+03
-1.256218992805755533e+03 -2.152309999999997672e+03
-1.242414388489208704e+03 -1.211309999999997672e+03
-1.228609784172661875e+03 -1.049309999999997672e+03
-1.214805179856115274e+03 -2.011309999999997672e+03
-1.201000575539568445e+03 -1.496309999999997672e+03
-1.187195971223021616e+03 -1.756309999999997672e+03
-1.173391366906474786e+03 -1.657309999999997672e+03
-1.159586762589928185e+03 -2.069309999999997672e+03
-1.145782158273381356e+03 -2.372309999999997672e+03
-1.131977553956834527e+03 -1.723309999999997672e+03
-1.118172949640287925e+03 -1.994309999999997672e+03
-1.104368345323741096e+03 -2.023309999999997672e+03
-1.090563741007194267e+03 -1.992309999999997672e+03
-1.076759136690647438e+03 -1.131309999999997672e+03
-1.062954532374100836e+03 -2.455309999999997672e+03
-1.049149928057554007e+03 -1.429309999999997672e+03
-1.035345323741007178e+03 -2.438309999999997672e+03
-1.021540719424460463e+03 -1.708309999999997672e+03
-1.007736115107913747e+03 -1.669309999999997672e+03
-9.939315107913669181e+02 -2.328309999999997672e+03
-9.801269064748202027e+02 -1.445309999999997672e+03
-9.663223021582734873e+02 -1.078309999999997672e+03
-9.525176978417266582e+02 -1.829309999999997672e+03
-9.387130935251799428e+02 -1.918309999999997672e+03
-9.249084892086331138e+02 -1.403309999999997672e+03
-9.111038848920863984e+02 -1.723309999999997672e+03
-8.972992805755395693e+02 -2.231309999999997672e+03
-8.834946762589928539e+02 -2.259309999999997672e+03
-8.696900719424461386e+02 -1.668309999999997672e+03
-8.558854676258993095e+02 -2.247309999999997672e+03
-8.420808633093525941e+02 -1.822309999999997672e+03
-8.282762589928057650e+02 -1.890309999999997672e+03
-8.144716546762590497e+02 -1.808309999999997672e+03
-8.006670503597122206e+02 -1.853309999999997672e+03
-7.868624460431655052e+02 -1.674309999999997672e+03
-7.730578417266187898e+02 -1.682309999999997672e+03
-7.592532374100719608e+02 -1.101309999999997672e+03
-7.454486330935252454e+02 -1.522309999999997672e+03
-7.316440287769784163e+02 -1.654309999999997672e+03
-7.178394244604317009e+02 -2.051309999999997672e+03
-7.040348201438849856e+02 -1.716309999999997672e+03
-6.902302158273381565e+02 -1.706309999999997672e+03
-6.764256115107914411e+02 -2.211309999999997672e+03
-6.626210071942446120e+02 -2.318309999999997672e+03
-6.488164028776978967e+02 -2.076309999999997672e+03
-6.350117985611510676e+02 -1.539309999999997672e+03
-6.212071942446043522e+02 -7.493099999999976717e+02
-6.074025899280576368e+02 -9.443099999999976717e+02
-5.935979856115108078e+02 -1.346309999999997672e+03
-5.797933812949640924e+02 -2.136309999999997672e+03
-5.659887769784172633e+02 -1.108309999999997672e+03
-5.521841726618705479e+02 -2.096309999999997672e+03
-5.383795683453237189e+02 -1.739309999999997672e+03
-5.245749640287770035e+02 -1.020309999999997672e+03
-5.107703597122302313e+02 -1.304309999999997672e+03
-4.969657553956834590e+02 -1.722309999999997672e+03
-4.831611510791367436e+02 -1.992309999999997672e+03
-4.693565467625899714e+02 -1.247309999999997672e+03
-4.555519424460431992e+02 -2.193309999999997672e+03
-4.417473381294964270e+02 -2.411309999999997672e+03
-4.279427338129496547e+02 -1.799309999999997672e+03
-4.141381294964028825e+02 -2.742309999999997672e+03
-4.003335251798561103e+02 -2.264309999999997672e+03
-3.865289208633093949e+02 -2.212309999999997672e+03
-3.727243165467626227e+02 -3.078309999999997672e+03
-3.589197122302158505e+02 -2.852309999999997672e+03
-3.451151079136690782e+02 -1.548309999999997672e+03
-3.313105035971223060e+02 -2.614309999999997672e+03
-3.175058992805755338e+02 -2.007309999999997672e+03
-3.037012949640288184e+02 -2.294309999999997672e+03
-2.898966906474820462e+02 -1.685309999999997672e+03
-2.760920863309352740e+02 -1.937309999999997672e+03
-2.622874820143885017e+02 -1.697309999999997672e+03
-2.484828776978417295e+02 -2.389309999999997672e+03
-2.346782733812949857e+02 -1.979309999999997672e+03
-2.208736690647482135e+02 -1.903309999999997672e+03
-2.070690647482014413e+02 -1.485309999999997672e+03
-1.932644604316546975e+02 -2.088309999999997672e+03
-1.794598561151079252e+02 -2.032309999999997672e+03
-1.656552517985611530e+02 -1.830309999999997672e+03
-1.518506474820144092e+02 -1.980309999999997672e+03
-1.380460431654676370e+02 -1.979309999999997672e+03
-1.242414388489208648e+02 -1.007309999999997672e+03
-1.104368345323741067e+02 -1.540309999999997672e+03
-9.663223021582734873e+01 -1.537309999999997672e+03
-8.282762589928057650e+01 -4.233099999999976717e+02
-6.902302158273381849e+01 1.246690000000002328e+03
-5.521841726618705337e+01 4.989690000000002328e+03
-4.141381294964028825e+01 1.220469000000000233e+04
-2.760920863309352669e+01 2.624569000000000233e+04
-1.380460431654676334e+01 4.862869000000000233e+04
0.000000000000000000e+00 8.782969000000000233e+04
1.380460431654676334e+01 1.471766900000000023e+05
2.760920863309352669e+01 2.253796900000000023e+05
4.141381294964028825e+01 3.325416900000000023e+05
5.521841726618705337e+01 4.621826900000000023e+05
6.902302158273381849e+01 6.054656899999999441e+05
8.282762589928057650e+01 7.665026899999999441e+05
9.663223021582734873e+01 9.460156899999999441e+05
1.104368345323741067e+02 1.135661689999999944e+06
1.242414388489208648e+02 1.337803689999999944e+06
1.380460431654676370e+02 1.544932689999999944e+06
1.518506474820144092e+02 1.744167689999999944e+06
1.656552517985611530e+02 1.949604689999999944e+06
1.794598561151079252e+02 2.167169689999999944e+06
1.932644604316546975e+02 2.363907689999999944e+06
2.070690647482014413e+02 2.546246689999999944e+06
2.208736690647482135e+02 2.715227689999999944e+06
2.346782733812949857e+02 2.866925689999999944e+06
2.484828776978417295e+02 2.994731689999999944e+06
2.622874820143885017e+02 3.116495689999999944e+06
2.760920863309352740e+02 3.219090689999999944e+06
2.898966906474820462e+02 3.293200689999999944e+06
3.037012949640288184e+02 3.358988689999999944e+06
3.175058992805755338e+02 3.419927689999999944e+06
3.313105035971223060e+02 3.460260689999999944e+06
3.451151079136690782e+02 3.496836689999999944e+06
3.589197122302158505e+02 3.505436689999999944e+06
3.727243165467626227e+02 3.514992689999999944e+06
3.865289208633093949e+02 3.510713689999999944e+06
4.003335251798561103e+02 3.495377689999999944e+06
4.141381294964028825e+02 3.504615689999999944e+06
4.279427338129496547e+02 3.514566689999999944e+06
4.417473381294964270e+02 3.512907689999999944e+06
4.555519424460431992e+02 3.515931689999999944e+06
4.693565467625899714e+02 3.514761689999999944e+06
4.831611510791367436e+02 3.500425689999999944e+06
4.969657553956834590e+02 3.497085689999999944e+06
5.107703597122302313e+02 3.512656689999999944e+06
5.245749640287770035e+02 3.512637689999999944e+06
5.383795683453237189e+02 3.509173689999999944e+06
5.521841726618705479e+02 3.500923689999999944e+06
5.659887769784172633e+02 3.492092689999999944e+06
5.797933812949640924e+02 3.491888689999999944e+06
5.935979856115108078e+02 3.492578689999999944e+06
6.074025899280576368e+02 3.487265689999999944e+06
6.212071942446043522e+02 3.485946689999999944e+06
6.350117985611510676e+02 3.472868689999999944e+06
6.488164028776978967e+02 3.480330689999999944e+06
6.626210071942446120e+02 3.482186689999999944e+06
6.764256115107914411e+02 3.494384689999999944e+06
6.902302158273381565e+02 3.476051689999999944e+06
7.040348201438849856e+02 3.459501689999999944e+06
7.178394244604317009e+02 3.460641689999999944e+06
7.316440287769784163e+02 3.475353689999999944e+06
7.454486330935252454e+02 3.461880689999999944e+06
7.592532374100719608e+02 3.460441689999999944e+06
7.730578417266187898e+02 3.447726689999999944e+06
7.868624460431655052e+02 3.443621689999999944e+06
8.006670503597122206e+02 3.451755689999999944e+06
8.144716546762590497e+02 3.459655689999999944e+06
8.282762589928057650e+02 3.463045689999999944e+06
8.420808633093525941e+02 3.472908689999999944e+06
8.558854676258993095e+02 3.490672689999999944e+06
8.696900719424461386e+02 3.476345689999999944e+06
8.834946762589928539e+02 3.474939689999999944e+06
8.972992805755395693e+02 3.476141689999999944e+06
9.111038848920863984e+02 3.461146689999999944e+06
9.249084892086331138e+02 3.426593689999999944e+06
9.387130935251799428e+02 3.435751689999999944e+06
9.525176978417266582e+02 3.426569689999999944e+06
9.663223021582734873e+02 3.426797689999999944e+06
9.801269064748202027e+02 3.426188689999999944e+06
9.939315107913669181e+02 3.413034689999999944e+06
1.007736115107913747e+03 3.421706689999999944e+06
1.021540719424460463e+03 3.412895689999999944e+06
1.035345323741007178e+03 3.417474689999999944e+06
1.049149928057554007e+03 3.402056689999999944e+06
1.062954532374100836e+03 3.397160689999999944e+06
1.076759136690647438e+03 3.363539689999999944e+06
1.090563741007194267e+03 3.328395689999999944e+06
1.104368345323741096e+03 3.275644689999999944e+06
1.118172949640287925e+03 3.211230689999999944e+06
1.131977553956834527e+03 3.144291689999999944e+06
1.145782158273381356e+03 3.063409689999999944e+06
1.159586762589928185e+03 2.940446689999999944e+06
1.173391366906474786e+03 2.806121689999999944e+06
1.187195971223021616e+03 2.650216689999999944e+06
1.201000575539568445e+03 2.469731689999999944e+06
1.214805179856115274e+03 2.271539689999999944e+06
1.228609784172661875e+03 2.059668689999999944e+06
1.242414388489208704e+03 1.836184689999999944e+06
1.256218992805755533e+03 1.622796689999999944e+06
1.270023597122302135e+03 1.421949689999999944e+06
1.283828201438848964e+03 1.218586689999999944e+06
1.297632805755395793e+03 1.027806689999999944e+06
1.311437410071942622e+03 8.487166899999999441e+05
1.325242014388489224e+03 6.949036899999999441e+05
1.339046618705036053e+03 5.620086899999999441e+05
1.352851223021582882e+03 4.482206900000000023e+05
1.366655827338129484e+03 3.474126900000000023e+05
1.380460431654676313e+03 2.668196900000000023e+05
1.394265035971223142e+03 1.962296900000000023e+05
1.408069640287769971e+03 1.442386900000000023e+05
1.421874244604316573e+03 1.032176900000000023e+05
1.435678848920863402e+03 7.298569000000000233e+04
1.449483453237410231e+03 5.614669000000000233e+04
1.463288057553956833e+03 4.515569000000000233e+04
1.477092661870503662e+03 3.843169000000000233e+04
1.490897266187050491e+03 3.369969000000000233e+04
1.504701870503597092e+03 3.097269000000000233e+04
1.518506474820143922e+03 2.893269000000000233e+04
1.532311079136690751e+03 2.702569000000000233e+04
1.546115683453237580e+03 2.584269000000000233e+04
1.559920287769784181e+03 2.608369000000000233e+04
1.573724892086331010e+03 2.509269000000000233e+04
1.587529496402877840e+03 2.405969000000000233e+04
1.601334100719424441e+03 2.137369000000000233e+04
1.615138705035971270e+03 2.128969000000000233e+04
1.628943309352518099e+03 2.115069000000000233e+04
1.642747913669064928e+03 2.057069000000000233e+04
1.656552517985611530e+03 2.030969000000000233e+04
1.670357122302158359e+03 1.842369000000000233e+04
1.684161726618705188e+03 1.763669000000000233e+04
1.697966330935251790e+03 1.575269000000000233e+04
1.711770935251798619e+03 1.644969000000000233e+04
1.725575539568345448e+03 1.507469000000000233e+04
1.739380143884892277e+03 1.346269000000000233e+04
1.753184748201438879e+03 1.160069000000000233e+04
1.766989352517985708e+03 1.051869000000000233e+04
1.780793956834532537e+03 9.813690000000002328e+03
1.794598561151079139e+03 8.834690000000002328e+03
1.808403165467625968e+03 7.513690000000002328e+03
1.822207769784172797e+03 7.817690000000002328e+03
1.836012374100719626e+03 7.750690000000002328e+03
1.849816978417266228e+03 6.448690000000002328e+03
1.863621582733813057e+03 5.245690000000002328e+03
1.877426187050359886e+03 4.136690000000002328e+03
1.891230791366906487e+03 3.581690000000002328e+03
1.905035395683453316e+03 4.318690000000002328e+03
1.918840000000000146e+03 3.102690000000002328e+03
1.932644604316546975e+03 1.765690000000002328e+03
1.946449208633093576e+03 2.266690000000002328e+03
1.960253812949640405e+03 2.651690000000002328e+03
1.974058417266187234e+03 1.352690000000002328e+03
1.987863021582733836e+03 1.311690000000002328e+03
2.001667625899280665e+03 8.266900000000023283e+02
2.015472230215827494e+03 3.069000000000232831e+01
2.029276834532374323e+03 4.386900000000023283e+02
2.043081438848920925e+03 4.196900000000023283e+02
2.056886043165467527e+03 2.156900000000023283e+02
2.070690647482014356e+03 2.006900000000023283e+02
2.084495251798561185e+03 -5.473099999999976717e+02
2.098299856115108014e+03 -8.223099999999976717e+02
2.112104460431654843e+03 -3.033099999999976717e+02
2.125909064748201672e+03 -7.163099999999976717e+02
2.139713669064748501e+03 -1.499309999999997672e+03
2.153518273381294875e+03 -1.340309999999997672e+03
2.167322877697841705e+03 -1.388309999999997672e+03
2.181127482014388534e+03 -1.074309999999997672e+03
2.194932086330935363e+03 -1.789309999999997672e+03
2.208736690647482192e+03 -1.803309999999997672e+03
2.222541294964029021e+03 -1.594309999999997672e+03
2.236345899280575850e+03 -1.042309999999997672e+03
2.250150503597122224e+03 -8.653099999999976717e+02
2.263955107913669053e+03 -1.678309999999997672e+03
2.277759712230215882e+03 -2.553309999999997672e+03
2.291564316546762711e+03 -1.445309999999997672e+03
2.305368920863309540e+03 -1.204309999999997672e+03
2.319173525179856370e+03 -1.231309999999997672e+03
2.332978129496403199e+03 -1.520309999999997672e+03
2.346782733812949573e+03 -1.336309999999997672e+03
2.360587338129496402e+03 -7.203099999999976717e+02
2.374391942446043231e+03 -1.174309999999997672e+03
2.388196546762590060e+03 -9.973099999999976717e+02
2.402001151079136889e+03 -1.467309999999997672e+03
2.415805755395683718e+03 -2.010309999999997672e+03
2.429610359712230547e+03 -1.714309999999997672e+03
2.443414964028776922e+03 -1.110309999999997672e+03
2.457219568345323751e+03 -1.702309999999997672e+03
2.471024172661870580e+03 8.469000000000232831e+01
2.484828776978417409e+03 -1.735309999999997672e+03
2.498633381294964238e+03 -2.097309999999997672e+03
2.512437985611511067e+03 -2.214309999999997672e+03
2.526242589928057896e+03 -1.417309999999997672e+03
2.540047194244604270e+03 -1.720309999999997672e+03
2.553851798561151099e+03 -1.465309999999997672e+03
2.567656402877697928e+03 -1.463309999999997672e+03
2.581461007194244758e+03 -1.546309999999997672e+03
2.595265611510791587e+03 -1.626309999999997672e+03
2.609070215827338416e+03 -1.849309999999997672e+03
2.622874820143885245e+03 -1.527309999999997672e+03
2.636679424460431619e+03 -2.475309999999997672e+03
2.650484028776978448e+03 -1.495309999999997672e+03
2.664288633093525277e+03 3.801690000000002328e+03
2.678093237410072106e+03 -1.270309999999997672e+03
2.691897841726618935e+03 -4.763099999999976717e+02
2.705702446043165764e+03 -8.113099999999976717e+02
2.719507050359712593e+03 -1.665309999999997672e+03
2.733311654676258968e+03 -1.686309999999997672e+03
2.747116258992805797e+03 -2.084309999999997672e+03
2.760920863309352626e+03 -2.214309999999997672e+03
2.774725467625899455e+03 -1.694309999999997672e+03
2.788530071942446284e+03 -2.371309999999997672e+03
2.802334676258993113e+03 -1.230309999999997672e+03
2.816139280575539942e+03 -2.245309999999997672e+03
2.829943884892086317e+03 -1.951309999999997672e+03
2.843748489208633146e+03 -2.143309999999997672e+03
2.857553093525179975e+03 -1.817309999999997672e+03
2.871357697841726804e+03 -2.410309999999997672e+03
2.885162302158273633e+03 -9.283099999999976717e+02
2.898966906474820462e+03 -1.181309999999997672e+03
2.912771510791367291e+03 -1.247309999999997672e+03
2.926576115107913665e+03 -1.706309999999997672e+03
2.940380719424460494e+03 -1.207309999999997672e+03
2.954185323741007323e+03 -1.257309999999997672e+03
2.967989928057554152e+03 -1.767309999999997672e+03
2.981794532374100982e+03 -2.417309999999997672e+03
2.995599136690647811e+03 -2.868309999999997672e+03
3.009403741007194185e+03 -2.295309999999997672e+03
3.023208345323741014e+03 -1.701309999999997672e+03
3.037012949640287843e+03 -8.763099999999976717e+02
3.050817553956834672e+03 -2.019309999999997672e+03
3.064622158273381501e+03 -2.162309999999997672e+03
3.078426762589928330e+03 -1.860309999999997672e+03
3.092231366906475159e+03 -1.845309999999997672e+03
3.106035971223021534e+03 -1.611309999999997672e+03
3.119840575539568363e+03 -1.243309999999997672e+03
3.133645179856115192e+03 -1.766309999999997672e+03
3.147449784172662021e+03 -1.962309999999997672e+03
3.161254388489208850e+03 -2.244309999999997672e+03
3.175058992805755679e+03 -2.642309999999997672e+03
3.188863597122302508e+03 -1.191309999999997672e+03
3.202668201438848882e+03 -1.279309999999997672e+03
3.216472805755395711e+03 -2.303309999999997672e+03
3.230277410071942541e+03 -2.075309999999997672e+03
3.244082014388489370e+03 -1.144309999999997672e+03
3.257886618705036199e+03 -1.633309999999997672e+03
3.271691223021583028e+03 -1.677309999999997672e+03
3.285495827338129857e+03 -2.406309999999997672e+03
3.299300431654676231e+03 -1.749309999999997672e+03
3.313105035971223060e+03 -1.927309999999997672e+03
3.326909640287769889e+03 -1.685309999999997672e+03
3.340714244604316718e+03 -1.237309999999997672e+03
3.354518848920863547e+03 -1.296309999999997672e+03
3.368323453237410376e+03 -1.049309999999997672e+03
3.382128057553957206e+03 -1.415309999999997672e+03
3.395932661870503580e+03 -1.859309999999997672e+03
3.409737266187050409e+03 -1.464309999999997672e+03
3.423541870503597238e+03 -1.299309999999997672e+03
3.437346474820144067e+03 -1.281309999999997672e+03
3.451151079136690896e+03 -5.383099999999976717e+02
3.464955683453237725e+03 -1.439309999999997672e+03
3.478760287769784554e+03 -5.683099999999976717e+02
3.492564892086330929e+03 -1.195309999999997672e+03
3.506369496402877758e+03 -1.078309999999997672e+03
3.520174100719424587e+03 -1.603309999999997672e+03
3.533978705035971416e+03 -1.035309999999997672e+03
3.547783309352518245e+03 -1.102309999999997672e+03
3.561587913669065074e+03 -1.845309999999997672e+03
3.575392517985611903e+03 -1.358309999999997672e+03
3.589197122302158277e+03 -1.812309999999997672e+03
3.603001726618705106e+03 -1.639309999999997672e+03
3.616806330935251935e+03 -1.484309999999997672e+03
3.630610935251798765e+03 -1.533309999999997672e+03
3.644415539568345594e+03 -9.253099999999976717e+02
3.658220143884892423e+03 -1.133309999999997672e+03
3.672024748201439252e+03 -9.083099999999976717e+02
3.685829352517985626e+03 -5.273099999999976717e+02
3.699633956834532455e+03 -3.313099999999976717e+02
3.713438561151079284e+03 -5.463099999999976717e+02
3.727243165467626113e+03 -9.063099999999976717e+02
3.741047769784172942e+03 -6.963099999999976717e+02
3.754852374100719771e+03 3.216900000000023283e+02
3.768656978417266600e+03 2.896900000000023283e+02
3.782461582733812975e+03 -2.813099999999976717e+02
3.796266187050359804e+03 7.156900000000023283e+02
3.810070791366906633e+03 -4.893099999999976717e+02
3.823875395683453462e+03 -6.353099999999976717e+02
3.837680000000000291e+03 -8.753099999999976717e+02
3.851484604316547120e+03 -7.813099999999976717e+02
3.865289208633093949e+03 -9.273099999999976717e+02
3.879093812949640323e+03 -7.413099999999976717e+02
3.892898417266187153e+03 -8.393099999999976717e+02
3.906703021582733982e+03 -1.030309999999997672e+03
3.920507625899280811e+03 1.526900000000023283e+02
3.934312230215827640e+03 -1.040309999999997672e+03
3.948116834532374469e+03 -3.203099999999976717e+02
3.961921438848921298e+03 1.369000000000232831e+01
3.975726043165467672e+03 -1.213099999999976717e+02
3.989530647482014501e+03 1.099690000000002328e+03
4.003335251798561330e+03 1.469000000000232831e+01
4.017139856115108159e+03 -4.173099999999976717e+02
4.030944460431654988e+03 -5.663099999999976717e+02
4.044749064748201818e+03 -1.018309999999997672e+03
4.058553669064748647e+03 -5.893099999999976717e+02
4.072358273381295021e+03 -6.623099999999976717e+02
4.086162877697841850e+03 2.686900000000023283e+02
4.099967482014389134e+03 -1.713099999999976717e+02
4.113772086330935053e+03 -5.533099999999976717e+02
4.127576690647481882e+03 -6.103099999999976717e+02
4.141381294964028712e+03 4.669000000000232831e+01
4.155185899280575541e+03 5.256900000000023283e+02
4.168990503597122370e+03 -2.933099999999976717e+02
4.182795107913669199e+03 1.096900000000023283e+02
4.196599712230216028e+03 2.976900000000023283e+02
4.210404316546762857e+03 -5.063099999999976717e+02
4.224208920863309686e+03 -7.703099999999976717e+02
4.238013525179856515e+03 -5.313099999999976717e+02
4.251818129496403344e+03 -2.853099999999976717e+02
4.265622733812950173e+03 9.166900000000023283e+02
4.279427338129497002e+03 6.069000000000232831e+01
4.293231942446043831e+03 5.346900000000023283e+02
4.307036546762589751e+03 2.866900000000023283e+02
4.320841151079136580e+03 1.332690000000002328e+03
4.334645755395683409e+03 5.246900000000023283e+02
4.348450359712230238e+03 2.616900000000023283e+02
4.362254964028777067e+03 8.369000000000232831e+01
4.376059568345323896e+03 -1.283099999999976717e+02
4.389864172661870725e+03 -1.603099999999976717e+02
4.403668776978417554e+03 -1.703099999999976717e+02
4.417473381294964383e+03 -6.830999999999767169e+01
4.431277985611511212e+03 -1.693099999999976717e+02
4.445082589928058042e+03 1.966900000000023283e+02
4.458887194244604871e+03 4.146900000000023283e+02
4.472691798561151700e+03 3.159690000000002328e+03
4.486496402877698529e+03 3.066900000000023283e+02
4.500301007194244448e+03 4.346900000000023283e+02
4.514105611510791277e+03 1.956900000000023283e+02
4.527910215827338106e+03 -5.530999999999767169e+01
4.541714820143884936e+03 -2.463099999999976717e+02
4.555519424460431765e+03 5.866900000000023283e+02
4.569324028776978594e+03 4.786900000000023283e+02
4.583128633093525423e+03 6.976900000000023283e+02
4.596933237410072252e+03 6.876900000000023283e+02
4.610737841726619081e+03 9.716900000000023283e+02
4.624542446043165910e+03 2.116900000000023283e+02
4.638347050359712739e+03 7.516900000000023283e+02
4.652151654676259568e+03 -6.230999999999767169e+01
4.665956258992806397e+03 5.469000000000232831e+01
4.679760863309353226e+03 1.183690000000002328e+03
4.693565467625899146e+03 1.092690000000002328e+03
4.707370071942445975e+03 6.256900000000023283e+02
4.721174676258992804e+03 3.976900000000023283e+02
4.734979280575539633e+03 1.424690000000002328e+03
4.748783884892086462e+03 8.516900000000023283e+02
4.762588489208633291e+03 9.286900000000023283e+02
4.776393093525180120e+03 4.306900000000023283e+02
4.790197697841726949e+03 2.192690000000002328e+03
4.804002302158273778e+03 7.766900000000023283e+02
4.817806906474820607e+03 5.596900000000023283e+02
4.831611510791367436e+03 9.666900000000023283e+02
4.845416115107914266e+03 1.125690000000002328e+03
4.859220719424461095e+03 8.596900000000023283e+02
4.873025323741007014e+03 1.563690000000002328e+03
4.886829928057553843e+03 3.586900000000023283e+02
4.900634532374100672e+03 -1.530999999999767169e+01
4.914439136690647501e+03 5.376900000000023283e+02
4.928243741007194330e+03 -1.330999999999767169e+01
4.942048345323741160e+03 1.443690000000002328e+03
4.955852949640287989e+03 5.756900000000023283e+02
4.969657553956834818e+03 4.756900000000023283e+02
4.983462158273381647e+03 8.426900000000023283e+02
4.997266762589928476e+03 1.165690000000002328e+03
5.011071366906475305e+03 3.736900000000023283e+02
5.024875971223022134e+03 1.806900000000023283e+02
5.038680575539568963e+03 1.346690000000002328e+03
5.052485179856115792e+03 1.107690000000002328e+03
5.066289784172661712e+03 5.366900000000023283e+02
5.080094388489208541e+03 9.069000000000232831e+01
5.093898992805755370e+03 1.786900000000023283e+02
5.107703597122302199e+03 3.956900000000023283e+02
5.121508201438849028e+03 -6.443099999999976717e+02
5.135312805755395857e+03 -1.203099999999976717e+02
5.149117410071942686e+03 6.946900000000023283e+02
5.162922014388489515e+03 6.396900000000023283e+02
5.176726618705036344e+03 1.228690000000002328e+03
5.190531223021583173e+03 8.326900000000023283e+02
5.204335827338130002e+03 1.291690000000002328e+03
5.218140431654676831e+03 8.816900000000023283e+02
5.231945035971223660e+03 9.666900000000023283e+02
5.245749640287770490e+03 9.346900000000023283e+02
5.259554244604316409e+03 -5.762309999999997672e+03
5.273358848920863238e+03 -1.207930999999999767e+04
5.287163453237410067e+03 -1.194130999999999767e+04
5.300968057553956896e+03 -1.214630999999999767e+04
5.314772661870503725e+03 -1.215830999999999767e+04
5.328577266187050554e+03 -1.218530999999999767e+04
5.342381870503597384e+03 -1.218430999999999767e+04
5.356186474820144213e+03 -1.209630999999999767e+04
5.369991079136691042e+03 -1.200930999999999767e+04
5.383795683453237871e+03 -1.217530999999999767e+04
5.397600287769784700e+03 -1.222630999999999767e+04
5.411404892086331529e+03 -1.211630999999999767e+04
5.425209496402878358e+03 -1.215030999999999767e+04
5.439014100719425187e+03 -1.213130999999999767e+04
5.452818705035971107e+03 -1.195330999999999767e+04
5.466623309352517936e+03 -1.207530999999999767e+04
5.480427913669064765e+03 -1.240130999999999767e+04
5.494232517985611594e+03 -1.203130999999999767e+04
5.508037122302158423e+03 -1.224630999999999767e+04
5.521841726618705252e+03 -1.206830999999999767e+04
5.535646330935252081e+03 -1.235330999999999767e+04
5.549450935251798910e+03 -1.210330999999999767e+04
5.563255539568345739e+03 -1.212130999999999767e+04
5.577060143884892568e+03 -1.207230999999999767e+04
