-2.098299856115108014e+03 -1.519619999999995343e+03
-2.084495251798561185e+03 -7.037619999999995343e+03
-2.070690647482014356e+03 -8.301619999999995343e+03
-2.056886043165467527e+03 -8.959619999999995343e+03
-2.043081438848920925e+03 -9.465619999999995343e+03
-2.029276834532374323e+03 -9.542619999999995343e+03
-2.015472230215827494e+03 -9.820619999999995343e+03
-2.001667625899280665e+03 -9.990619999999995343e+03
-1.987863021582733836e+03 -1.015961999999999534e+04
-1.974058417266187234e+03 -1.053761999999999534e+04
-1.960253812949640405e+03 -1.043461999999999534e+04
-1.946449208633093576e+03 -1.072861999999999534e+04
-1.932644604316546975e+03 -5.809619999999995343e+03
-1.918840000000000146e+03 -3.416199999999953434e+02
-1.905035395683453316e+03 -6.866199999999953434e+02
-1.891230791366906487e+03 -6.916199999999953434e+02
-1.877426187050359886e+03 -1.102619999999995343e+03
-1.863621582733813057e+03 -4.916199999999953434e+02
-1.849816978417266228e+03 -1.175619999999995343e+03
-1.836012374100719626e+03 -1.518619999999995343e+03
-1.822207769784172797e+03 -1.407619999999995343e+03
-1.808403165467625968e+03 -9.746199999999953434e+02
-1.794598561151079139e+03 -1.227619999999995343e+03
-1.780793956834532537e+03 1.076380000000004657e+03
-1.766989352517985708e+03 -1.737619999999995343e+03
-1.753184748201438879e+03 -1.623619999999995343e+03
-1.739380143884892277e+03 -1.145619999999995343e+03
-1.725575539568345448e+03 -2.456619999999995343e+03
-1.711770935251798619e+03 -1.245619999999995343e+03
-1.697966330935251790e+03 -1.775619999999995343e+03
-1.684161726618705188e+03 -1.783619999999995343e+03
-1.670357122302158359e+03 -2.115619999999995343e+03
-1.656552517985611530e+03 -2.152619999999995343e+03
-1.642747913669064928e+03 -2.388619999999995343e+03
-1.628943309352518099e+03 -2.532619999999995343e+03
-1.615138705035971270e+03 -1.918619999999995343e+03
-1.601334100719424441e+03 -1.968619999999995343e+03
-1.587529496402877840e+03 -1.769619999999995343e+03
-1.573724892086331010e+03 -1.050619999999995343e+03
-1.559920287769784181e+03 -2.631619999999995343e+03
-1.546115683453237580e+03 -1.494619999999995343e+03
-1.532311079136690751e+03 -1.216199999999953434e+02
-1.518506474820143922e+03 2.003800000000046566e+02
-1.504701870503597092e+03 -1.693619999999995343e+03
-1.490897266187050491e+03 -2.015619999999995343e+03
-1.477092661870503662e+03 -2.115619999999995343e+03
-1.463288057553956833e+03 -1.457619999999995343e+03
-1.449483453237410231e+03 -2.656199999999953434e+02
-1.435678848920863402e+03 -2.331619999999995343e+03
-1.421874244604316573e+03 -2.343619999999995343e+03
-1.408069640287769971e+03 -2.554619999999995343e+03
-1.394265035971223142e+03 -2.706619999999995343e+03
-1.380460431654676313e+03 -2.560619999999995343e+03
-1.366655827338129484e+03 -1.565619999999995343e+03
-1.352851223021582882e+03 -9.086199999999953434e+02
-1.339046618705036053e+03 -2.353619999999995343e+03
-1.325242014388489224e+03 -1.728619999999995343e+03
-1.311437410071942622e+03 -2.100619999999995343e+03
-1.297632805755395793e+03 -2.465619999999995343e+03
-1.283828201438848964e+03 -2.302619999999995343e+03
-1.270023597122302135e+03 -2.605619999999995343e+03
-1.256218992805755533e+03 -1.680619999999995343e+03
-1.242414388489208704e+03 -2.647619999999995343e+03
-1.228609784172661875e+03 -2.134619999999995343e+03
-1.214805179856115274e+03 -2.151619999999995343e+03
-1.201000575539568445e+03 -1.463619999999995343e+03
-1.187195971223021616e+03 -2.400619999999995343e+03
-1.173391366906474786e+03 -1.883619999999995343e+03
-1.159586762589928185e+03 -2.256619999999995343e+03
-1.145782158273381356e+03 -2.096619999999995343e+03
-1.131977553956834527e+03 -2.446619999999995343e+03
-1.118172949640287925e+03 -2.771619999999995343e+03
-1.104368345323741096e+03 -2.011619999999995343e+03
-1.090563741007194267e+03 -1.710619999999995343e+03
-1.076759136690647438e+03 -2.403619999999995343e+03
-1.062954532374100836e+03 -2.513619999999995343e+03
-1.049149928057554007e+03 -2.033619999999995343e+03
-1.035345323741007178e+03 -1.144619999999995343e+03
-1.021540719424460463e+03 -2.240619999999995343e+03
-1.007736115107913747e+03 -2.284619999999995343e+03
-9.939315107913669181e+02 -2.203619999999995343e+03
-9.801269064748202027e+02 -2.623619999999995343e+03
-9.663223021582734873e+02 -1.764619999999995343e+03
-9.525176978417266582e+02 -1.748619999999995343e+03
-9.387130935251799428e+02 -1.743619999999995343e+03
-9.249084892086331138e+02 -2.297619999999995343e+03
-9.111038848920863984e+02 -2.173619999999995343e+03
-8.972992805755395693e+02 -2.123619999999995343e+03
-8.834946762589928539e+02 -1.688619999999995343e+03
-8.696900719424461386e+02 -2.090619999999995343e+03
-8.558854676258993095e+02 -2.182619999999995343e+03
-8.420808633093525941e+02 -1.950619999999995343e+03
-8.282762589928057650e+02 -2.114619999999995343e+03
-8.144716546762590497e+02 -1.683619999999995343e+03
-8.006670503597122206e+02 -2.348619999999995343e+03
-7.868624460431655052e+02 -2.089619999999995343e+03
-7.730578417266187898e+02 -2.209619999999995343e+03
-7.592532374100719608e+02 -1.992619999999995343e+03
-7.454486330935252454e+02 -1.723619999999995343e+03
-7.316440287769784163e+02 -1.667619999999995343e+03
-7.178394244604317009e+02 -1.674619999999995343e+03
-7.040348201438849856e+02 -2.346619999999995343e+03
-6.902302158273381565e+02 -2.033619999999995343e+03
-6.764256115107914411e+02 -2.239619999999995343e+03
-6.626210071942446120e+02 -1.897619999999995343e+03
-6.488164028776978967e+02 -1.644619999999995343e+03
-6.350117985611510676e+02 -1.730619999999995343e+03
-6.212071942446043522e+02 -2.054619999999995343e+03
-6.074025899280576368e+02 -2.185619999999995343e+03
-5.935979856115108078e+02 -1.316619999999995343e+03
-5.797933812949640924e+02 -2.328619999999995343e+03
-5.659887769784172633e+02 -2.511619999999995343e+03
-5.521841726618705479e+02 -2.458619999999995343e+03
-5.383795683453237189e+02 -3.203619999999995343e+03
-5.245749640287770035e+02 -2.577619999999995343e+03
-5.107703597122302313e+02 -2.688619999999995343e+03
-4.969657553956834590e+02 -2.821619999999995343e+03
-4.831611510791367436e+02 -3.018619999999995343e+03
-4.693565467625899714e+02 -1.626619999999995343e+03
-4.555519424460431992e+02 -2.545619999999995343e+03
-4.417473381294964270e+02 -2.339619999999995343e+03
-4.279427338129496547e+02 -2.632619999999995343e+03
-4.141381294964028825e+02 -2.601619999999995343e+03
-4.003335251798561103e+02 -2.371619999999995343e+03
-3.865289208633093949e+02 -2.069619999999995343e+03
-3.727243165467626227e+02 -2.739619999999995343e+03
-3.589197122302158505e+02 -2.354619999999995343e+03
-3.451151079136690782e+02 -2.341619999999995343e+03
-3.313105035971223060e+02 -1.771619999999995343e+03
-3.175058992805755338e+02 -2.869619999999995343e+03
-3.037012949640288184e+02 -2.831619999999995343e+03
-2.898966906474820462e+02 -2.616619999999995343e+03
-2.760920863309352740e+02 -2.990619999999995343e+03
-2.622874820143885017e+02 -2.700619999999995343e+03
-2.484828776978417295e+02 -2.175619999999995343e+03
-2.346782733812949857e+02 -2.465619999999995343e+03
-2.208736690647482135e+02 -3.159619999999995343e+03
-2.070690647482014413e+02 -2.252619999999995343e+03
-1.932644604316546975e+02 -2.415619999999995343e+03
-1.794598561151079252e+02 -2.459619999999995343e+03
-1.656552517985611530e+02 -2.436619999999995343e+03
-1.518506474820144092e+02 -1.931619999999995343e+03
-1.380460431654676370e+02 -1.765619999999995343e+03
-1.242414388489208648e+02 -2.080619999999995343e+03
-1.104368345323741067e+02 -2.004619999999995343e+03
-9.663223021582734873e+01 -1.070619999999995343e+03
-8.282762589928057650e+01 -2.736199999999953434e+02
-6.902302158273381849e+01 2.728380000000004657e+03
-5.521841726618705337e+01 8.683380000000004657e+03
-4.141381294964028825e+01 2.177138000000000466e+04
-2.760920863309352669e+01 4.369938000000000466e+04
-1.380460431654676334e+01 7.628238000000000466e+04
0.000000000000000000e+00 1.312993800000000047e+05
1.380460431654676334e+01 2.077153800000000047e+05
2.760920863309352669e+01 3.093913800000000047e+05
4.141381294964028825e+01 4.436813800000000047e+05
5.521841726618705337e+01 6.058403800000000047e+05
6.902302158273381849e+01 7.793793800000000047e+05
8.282762589928057650e+01 9.704043800000000047e+05
9.663223021582734873e+01 1.189174379999999888e+06
1.104368345323741067e+02 1.427471379999999888e+06
1.242414388489208648e+02 1.664549379999999888e+06
1.380460431654676370e+02 1.906686379999999888e+06
1.518506474820144092e+02 2.140043379999999888e+06
1.656552517985611530e+02 2.360175379999999888e+06
1.794598561151079252e+02 2.583224379999999888e+06
1.932644604316546975e+02 2.808318379999999888e+06
2.070690647482014413e+02 3.007451379999999888e+06
2.208736690647482135e+02 3.178043379999999888e+06
2.346782733812949857e+02 3.367786379999999888e+06
2.484828776978417295e+02 3.517148379999999888e+06
2.622874820143885017e+02 3.651032379999999888e+06
2.760920863309352740e+02 3.761565379999999888e+06
2.898966906474820462e+02 3.850643379999999888e+06
3.037012949640288184e+02 3.941249379999999888e+06
3.175058992805755338e+02 4.019478379999999888e+06
3.313105035971223060e+02 4.073743379999999888e+06
3.451151079136690782e+02 4.109447379999999888e+06
3.589197122302158505e+02 4.117744379999999888e+06
3.727243165467626227e+02 4.123360379999999888e+06
3.865289208633093949e+02 4.151536379999999888e+06
4.003335251798561103e+02 4.136879379999999888e+06
4.141381294964028825e+02 4.135989379999999888e+06
4.279427338129496547e+02 4.151452379999999888e+06
4.417473381294964270e+02 4.143270379999999888e+06
4.555519424460431992e+02 4.146075379999999888e+06
4.693565467625899714e+02 4.152408379999999888e+06
4.831611510791367436e+02 4.137428379999999888e+06
4.969657553956834590e+02 4.148082379999999888e+06
5.107703597122302313e+02 4.134106379999999888e+06
5.245749640287770035e+02 4.134408379999999888e+06
5.383795683453237189e+02 4.128289379999999888e+06
5.521841726618705479e+02 4.116838379999999888e+06
5.659887769784172633e+02 4.123232379999999888e+06
5.797933812949640924e+02 4.128329379999999888e+06
5.935979856115108078e+02 4.110249379999999888e+06
6.074025899280576368e+02 4.098362379999999888e+06
6.212071942446043522e+02 4.088757379999999888e+06
6.350117985611510676e+02 4.061474379999999888e+06
6.488164028776978967e+02 4.019681379999999888e+06
6.626210071942446120e+02 3.979053379999999888e+06
6.764256115107914411e+02 3.904738379999999888e+06
6.902302158273381565e+02 3.809926379999999888e+06
7.040348201438849856e+02 3.710202379999999888e+06
7.178394244604317009e+02 3.566385379999999888e+06
7.316440287769784163e+02 3.398880379999999888e+06
7.454486330935252454e+02 3.193926379999999888e+06
7.592532374100719608e+02 2.977985379999999888e+06
7.730578417266187898e+02 2.729431379999999888e+06
7.868624460431655052e+02 2.462088379999999888e+06
8.006670503597122206e+02 2.187880379999999888e+06
8.144716546762590497e+02 1.913237379999999888e+06
8.282762589928057650e+02 1.650098379999999888e+06
8.420808633093525941e+02 1.404569379999999888e+06
8.558854676258993095e+02 1.186861379999999888e+06
8.696900719424461386e+02 9.809683800000000047e+05
8.834946762589928539e+02 8.114263800000000047e+05
8.972992805755395693e+02 6.347593800000000047e+05
9.111038848920863984e+02 4.872183800000000047e+05
9.249084892086331138e+02 3.663903800000000047e+05
9.387130935251799428e+02 2.706233800000000047e+05
9.525176978417266582e+02 1.882203800000000047e+05
9.663223021582734873e+02 1.322143800000000047e+05
9.801269064748202027e+02 9.242038000000000466e+04
9.939315107913669181e+02 6.954438000000000466e+04
1.007736115107913747e+03 5.148438000000000466e+04
1.021540719424460463e+03 4.430438000000000466e+04
1.035345323741007178e+03 3.744138000000000466e+04
1.049149928057554007e+03 3.474738000000000466e+04
1.062954532374100836e+03 3.388538000000000466e+04
1.076759136690647438e+03 3.482838000000000466e+04
1.090563741007194267e+03 3.481438000000000466e+04
1.104368345323741096e+03 3.191638000000000466e+04
1.118172949640287925e+03 3.228138000000000466e+04
1.131977553956834527e+03 2.937538000000000466e+04
1.145782158273381356e+03 2.881738000000000466e+04
1.159586762589928185e+03 2.765738000000000466e+04
1.173391366906474786e+03 2.660138000000000466e+04
1.187195971223021616e+03 2.766138000000000466e+04
1.201000575539568445e+03 2.428038000000000466e+04
1.214805179856115274e+03 2.365738000000000466e+04
1.228609784172661875e+03 2.255538000000000466e+04
1.242414388489208704e+03 2.073638000000000466e+04
1.256218992805755533e+03 1.910038000000000466e+04
1.270023597122302135e+03 1.711438000000000466e+04
1.283828201438848964e+03 1.601538000000000466e+04
1.297632805755395793e+03 1.530538000000000466e+04
1.311437410071942622e+03 1.320138000000000466e+04
1.325242014388489224e+03 1.280438000000000466e+04
1.339046618705036053e+03 1.068438000000000466e+04
1.352851223021582882e+03 1.016438000000000466e+04
1.366655827338129484e+03 9.816380000000004657e+03
1.380460431654676313e+03 8.604380000000004657e+03
1.394265035971223142e+03 8.616380000000004657e+03
1.408069640287769971e+03 7.236380000000004657e+03
1.421874244604316573e+03 6.502380000000004657e+03
1.435678848920863402e+03 6.902380000000004657e+03
1.449483453237410231e+03 4.646380000000004657e+03
1.463288057553956833e+03 5.001380000000004657e+03
1.477092661870503662e+03 3.083380000000004657e+03
1.490897266187050491e+03 1.714380000000004657e+03
1.504701870503597092e+03 2.060380000000004657e+03
1.518506474820143922e+03 1.257380000000004657e+03
1.532311079136690751e+03 1.943380000000004657e+03
1.546115683453237580e+03 9.793800000000046566e+02
1.559920287769784181e+03 1.375380000000004657e+03
1.573724892086331010e+03 9.623800000000046566e+02
1.587529496402877840e+03 1.126380000000004657e+03
1.601334100719424441e+03 8.838000000000465661e+01
1.615138705035971270e+03 -2.996199999999953434e+02
1.628943309352518099e+03 2.893800000000046566e+02
1.642747913669064928e+03 -6.556199999999953434e+02
1.656552517985611530e+03 -8.496199999999953434e+02
1.670357122302158359e+03 -1.117619999999995343e+03
1.684161726618705188e+03 -1.230619999999995343e+03
1.697966330935251790e+03 -8.606199999999953434e+02
1.711770935251798619e+03 -1.385619999999995343e+03
1.725575539568345448e+03 -2.048619999999995343e+03
1.739380143884892277e+03 -1.321619999999995343e+03
1.753184748201438879e+03 -1.172619999999995343e+03
1.766989352517985708e+03 -1.944619999999995343e+03
1.780793956834532537e+03 -9.626199999999953434e+02
1.794598561151079139e+03 -1.309619999999995343e+03
1.808403165467625968e+03 -1.573619999999995343e+03
1.822207769784172797e+03 -1.533619999999995343e+03
1.836012374100719626e+03 -9.056199999999953434e+02
1.849816978417266228e+03 -1.308619999999995343e+03
1.863621582733813057e+03 -1.153619999999995343e+03
1.877426187050359886e+03 -1.781619999999995343e+03
1.891230791366906487e+03 -1.995619999999995343e+03
1.905035395683453316e+03 -1.172619999999995343e+03
1.918840000000000146e+03 -1.264619999999995343e+03
1.932644604316546975e+03 -1.782619999999995343e+03
1.946449208633093576e+03 -1.693619999999995343e+03
1.960253812949640405e+03 -2.049619999999995343e+03
1.974058417266187234e+03 -2.251619999999995343e+03
1.987863021582733836e+03 -1.593619999999995343e+03
2.001667625899280665e+03 -1.310619999999995343e+03
2.015472230215827494e+03 -2.007619999999995343e+03
2.029276834532374323e+03 -2.223619999999995343e+03
2.043081438848920925e+03 -2.601619999999995343e+03
2.056886043165467527e+03 -1.473619999999995343e+03
2.070690647482014356e+03 -2.202619999999995343e+03
2.084495251798561185e+03 -2.097619999999995343e+03
2.098299856115108014e+03 -2.397619999999995343e+03
2.112104460431654843e+03 -2.439619999999995343e+03
2.125909064748201672e+03 -1.262619999999995343e+03
2.139713669064748501e+03 -1.759619999999995343e+03
2.153518273381294875e+03 -2.175619999999995343e+03
2.167322877697841705e+03 -1.590619999999995343e+03
2.181127482014388534e+03 -2.145619999999995343e+03
2.194932086330935363e+03 -1.872619999999995343e+03
2.208736690647482192e+03 -2.735619999999995343e+03
2.222541294964029021e+03 -2.453619999999995343e+03
2.236345899280575850e+03 -1.508619999999995343e+03
2.250150503597122224e+03 -1.993619999999995343e+03
2.263955107913669053e+03 -1.468619999999995343e+03
2.277759712230215882e+03 -2.185619999999995343e+03
2.291564316546762711e+03 -1.838619999999995343e+03
2.305368920863309540e+03 -3.112619999999995343e+03
2.319173525179856370e+03 -2.356619999999995343e+03
2.332978129496403199e+03 -2.943619999999995343e+03
2.346782733812949573e+03 -2.404619999999995343e+03
2.360587338129496402e+03 -2.533619999999995343e+03
2.374391942446043231e+03 -2.097619999999995343e+03
2.388196546762590060e+03 -2.104619999999995343e+03
2.402001151079136889e+03 -1.836619999999995343e+03
2.415805755395683718e+03 -2.338619999999995343e+03
2.429610359712230547e+03 -2.541619999999995343e+03
2.443414964028776922e+03 -1.949619999999995343e+03
2.457219568345323751e+03 -2.131619999999995343e+03
2.471024172661870580e+03 -2.088619999999995343e+03
2.484828776978417409e+03 -2.929619999999995343e+03
2.498633381294964238e+03 -1.495619999999995343e+03
2.512437985611511067e+03 -2.400619999999995343e+03
2.526242589928057896e+03 -1.738619999999995343e+03
2.540047194244604270e+03 4.058380000000004657e+03
2.553851798561151099e+03 -1.597619999999995343e+03
2.567656402877697928e+03 -1.287619999999995343e+03
2.581461007194244758e+03 -1.052619999999995343e+03
2.595265611510791587e+03 -2.160619999999995343e+03
2.609070215827338416e+03 -2.026619999999995343e+03
2.622874820143885245e+03 -1.857619999999995343e+03
2.636679424460431619e+03 7.173800000000046566e+02
2.650484028776978448e+03 -1.432619999999995343e+03
2.664288633093525277e+03 -2.226619999999995343e+03
2.678093237410072106e+03 -1.129619999999995343e+03
2.691897841726618935e+03 -2.355619999999995343e+03
2.705702446043165764e+03 -1.871619999999995343e+03
2.719507050359712593e+03 -2.632619999999995343e+03
2.733311654676258968e+03 -2.687619999999995343e+03
2.747116258992805797e+03 -2.664619999999995343e+03
2.760920863309352626e+03 -2.124619999999995343e+03
2.774725467625899455e+03 -2.421619999999995343e+03
2.788530071942446284e+03 1.237538000000000466e+04
2.802334676258993113e+03 -2.169619999999995343e+03
2.816139280575539942e+03 -2.086619999999995343e+03
2.829943884892086317e+03 -2.155619999999995343e+03
2.843748489208633146e+03 -2.399619999999995343e+03
2.857553093525179975e+03 -3.142619999999995343e+03
2.871357697841726804e+03 -3.024619999999995343e+03
2.885162302158273633e+03 -2.648619999999995343e+03
2.898966906474820462e+03 -2.329619999999995343e+03
2.912771510791367291e+03 -1.661619999999995343e+03
2.926576115107913665e+03 -2.594619999999995343e+03
2.940380719424460494e+03 -2.971619999999995343e+03
2.954185323741007323e+03 -2.677619999999995343e+03
2.967989928057554152e+03 -2.721619999999995343e+03
2.981794532374100982e+03 -2.067619999999995343e+03
2.995599136690647811e+03 -1.869619999999995343e+03
3.009403741007194185e+03 -2.551619999999995343e+03
3.023208345323741014e+03 -2.073619999999995343e+03
3.037012949640287843e+03 -2.191619999999995343e+03
3.050817553956834672e+03 -2.804619999999995343e+03
3.064622158273381501e+03 -2.137619999999995343e+03
3.078426762589928330e+03 -1.920619999999995343e+03
3.092231366906475159e+03 -3.003619999999995343e+03
3.106035971223021534e+03 -2.759619999999995343e+03
3.119840575539568363e+03 -1.613619999999995343e+03
3.133645179856115192e+03 -1.662619999999995343e+03
3.147449784172662021e+03 -2.160619999999995343e+03
3.161254388489208850e+03 -2.494619999999995343e+03
3.175058992805755679e+03 -1.872619999999995343e+03
3.188863597122302508e+03 -1.976619999999995343e+03
3.202668201438848882e+03 -1.949619999999995343e+03
3.216472805755395711e+03 -1.757619999999995343e+03
3.230277410071942541e+03 -1.593619999999995343e+03
3.244082014388489370e+03 -1.349619999999995343e+03
3.257886618705036199e+03 -1.523619999999995343e+03
3.271691223021583028e+03 -2.057619999999995343e+03
3.285495827338129857e+03 -2.119619999999995343e+03
3.299300431654676231e+03 -1.800619999999995343e+03
3.313105035971223060e+03 -2.176619999999995343e+03
3.326909640287769889e+03 -1.445619999999995343e+03
3.340714244604316718e+03 -2.055619999999995343e+03
3.354518848920863547e+03 -1.611619999999995343e+03
3.368323453237410376e+03 -9.536199999999953434e+02
3.382128057553957206e+03 4.744380000000004657e+03
3.395932661870503580e+03 1.119380000000004657e+03
3.409737266187050409e+03 -1.775619999999995343e+03
3.423541870503597238e+03 -1.459619999999995343e+03
3.437346474820144067e+03 -1.500619999999995343e+03
3.451151079136690896e+03 -2.226199999999953434e+02
3.464955683453237725e+03 -1.681619999999995343e+03
3.478760287769784554e+03 -2.173619999999995343e+03
3.492564892086330929e+03 -2.167619999999995343e+03
3.506369496402877758e+03 -1.210619999999995343e+03
3.520174100719424587e+03 -8.776199999999953434e+02
3.533978705035971416e+03 -1.313619999999995343e+03
3.547783309352518245e+03 -1.035619999999995343e+03
3.561587913669065074e+03 -8.766199999999953434e+02
3.575392517985611903e+03 -1.402619999999995343e+03
3.589197122302158277e+03 -1.112619999999995343e+03
3.603001726618705106e+03 -4.356199999999953434e+02
3.616806330935251935e+03 -1.449619999999995343e+03
3.630610935251798765e+03 3.083800000000046566e+02
3.644415539568345594e+03 -6.826199999999953434e+02
3.658220143884892423e+03 -1.607619999999995343e+03
3.672024748201439252e+03 -4.996199999999953434e+02
3.685829352517985626e+03 -8.726199999999953434e+02
3.699633956834532455e+03 -1.065619999999995343e+03
3.713438561151079284e+03 -8.956199999999953434e+02
3.727243165467626113e+03 -2.026199999999953434e+02
3.741047769784172942e+03 -7.936199999999953434e+02
3.754852374100719771e+03 -4.946199999999953434e+02
3.768656978417266600e+03 -5.756199999999953434e+02
3.782461582733812975e+03 -1.133619999999995343e+03
3.796266187050359804e+03 -5.466199999999953434e+02
3.810070791366906633e+03 -1.786619999999995343e+03
3.823875395683453462e+03 -9.036199999999953434e+02
3.837680000000000291e+03 -2.096199999999953434e+02
3.851484604316547120e+03 -7.826199999999953434e+02
3.865289208633093949e+03 4.163800000000046566e+02
3.879093812949640323e+03 2.753800000000046566e+02
3.892898417266187153e+03 -4.956199999999953434e+02
3.906703021582733982e+03 -5.106199999999953434e+02
3.920507625899280811e+03 -1.499619999999995343e+03
3.934312230215827640e+03 -1.221619999999995343e+03
3.948116834532374469e+03 -9.416199999999953434e+02
3.961921438848921298e+03 -1.361999999999534339e+01
3.975726043165467672e+03 2.933800000000046566e+02
3.989530647482014501e+03 -3.496199999999953434e+02
4.003335251798561330e+03 -7.826199999999953434e+02
4.017139856115108159e+03 -5.056199999999953434e+02
4.030944460431654988e+03 1.323800000000046566e+02
4.044749064748201818e+03 -5.896199999999953434e+02
4.058553669064748647e+03 -2.316199999999953434e+02
4.072358273381295021e+03 1.333800000000046566e+02
4.086162877697841850e+03 -8.561999999999534339e+01
4.099967482014389134e+03 2.923800000000046566e+02
4.113772086330935053e+03 9.323800000000046566e+02
4.127576690647481882e+03 1.073380000000004657e+03
4.141381294964028712e+03 2.008380000000004657e+03
4.155185899280575541e+03 7.703800000000046566e+02
4.168990503597122370e+03 4.603800000000046566e+02
4.182795107913669199e+03 6.338000000000465661e+01
4.196599712230216028e+03 3.273800000000046566e+02
4.210404316546762857e+03 3.038000000000465661e+01
4.224208920863309686e+03 7.673800000000046566e+02
4.238013525179856515e+03 5.243800000000046566e+02
4.251818129496403344e+03 9.238000000000465661e+01
4.265622733812950173e+03 2.453800000000046566e+02
4.279427338129497002e+03 7.343800000000046566e+02
4.293231942446043831e+03 8.553800000000046566e+02
4.307036546762589751e+03 -2.406199999999953434e+02
4.320841151079136580e+03 1.753800000000046566e+02
4.334645755395683409e+03 6.293800000000046566e+02
4.348450359712230238e+03 3.501380000000004657e+03
4.362254964028777067e+03 -8.561999999999534339e+01
4.376059568345323896e+03 1.753800000000046566e+02
4.389864172661870725e+03 6.203800000000046566e+02
4.403668776978417554e+03 3.373800000000046566e+02
4.417473381294964383e+03 -1.686199999999953434e+02
4.431277985611511212e+03 1.490380000000004657e+03
4.445082589928058042e+03 8.053800000000046566e+02
4.458887194244604871e+03 1.094380000000004657e+03
4.472691798561151700e+03 2.653800000000046566e+02
4.486496402877698529e+03 1.174380000000004657e+03
4.500301007194244448e+03 2.923800000000046566e+02
4.514105611510791277e+03 1.100380000000004657e+03
4.527910215827338106e+03 6.793800000000046566e+02
4.541714820143884936e+03 1.923800000000046566e+02
4.555519424460431765e+03 1.625380000000004657e+03
4.569324028776978594e+03 1.652380000000004657e+03
4.583128633093525423e+03 6.793800000000046566e+02
4.596933237410072252e+03 1.054380000000004657e+03
4.610737841726619081e+03 1.157380000000004657e+03
4.624542446043165910e+03 7.593800000000046566e+02
4.638347050359712739e+03 1.359380000000004657e+03
4.652151654676259568e+03 7.723800000000046566e+02
4.665956258992806397e+03 1.831380000000004657e+03
4.679760863309353226e+03 -6.861999999999534339e+01
4.693565467625899146e+03 -2.286199999999953434e+02
4.707370071942445975e+03 6.483800000000046566e+02
4.721174676258992804e+03 1.088380000000004657e+03
4.734979280575539633e+03 7.013800000000046566e+02
4.748783884892086462e+03 1.611380000000004657e+03
4.762588489208633291e+03 8.263800000000046566e+02
4.776393093525180120e+03 1.393800000000046566e+02
4.790197697841726949e+03 8.153800000000046566e+02
4.804002302158273778e+03 3.943800000000046566e+02
4.817806906474820607e+03 1.526380000000004657e+03
4.831611510791367436e+03 5.613800000000046566e+02
4.845416115107914266e+03 7.203800000000046566e+02
4.859220719424461095e+03 7.203800000000046566e+02
4.873025323741007014e+03 3.973800000000046566e+02
4.886829928057553843e+03 5.913800000000046566e+02
4.900634532374100672e+03 -4.861999999999534339e+01
4.914439136690647501e+03 1.046380000000004657e+03
4.928243741007194330e+03 9.013800000000046566e+02
4.942048345323741160e+03 1.117380000000004657e+03
4.955852949640287989e+03 8.063800000000046566e+02
4.969657553956834818e+03 8.683800000000046566e+02
4.983462158273381647e+03 9.913800000000046566e+02
4.997266762589928476e+03 3.380000000004656613e+00
5.011071366906475305e+03 8.213800000000046566e+02
5.024875971223022134e+03 1.995380000000004657e+03
5.038680575539568963e+03 1.128380000000004657e+03
5.052485179856115792e+03 1.827380000000004657e+03
5.066289784172661712e+03 1.194380000000004657e+03
5.080094388489208541e+03 1.626380000000004657e+03
5.093898992805755370e+03 4.153800000000046566e+02
5.107703597122302199e+03 4.813800000000046566e+02
5.121508201438849028e+03 7.223800000000046566e+02
5.135312805755395857e+03 -5.503619999999995343e+03
5.149117410071942686e+03 -1.236861999999999534e+04
5.162922014388489515e+03 -1.241461999999999534e+04
5.176726618705036344e+03 -1.241861999999999534e+04
5.190531223021583173e+03 -1.266161999999999534e+04
5.204335827338130002e+03 -1.238461999999999534e+04
5.218140431654676831e+03 -1.245361999999999534e+04
5.231945035971223660e+03 -1.255761999999999534e+04
5.245749640287770490e+03 -1.227161999999999534e+04
5.259554244604316409e+03 -1.211161999999999534e+04
5.273358848920863238e+03 -1.250961999999999534e+04
5.287163453237410067e+03 -1.233661999999999534e+04
5.300968057553956896e+03 -1.249961999999999534e+04
5.314772661870503725e+03 -1.255861999999999534e+04
5.328577266187050554e+03 -1.261361999999999534e+04
5.342381870503597384e+03 -1.237061999999999534e+04
5.356186474820144213e+03 -1.232661999999999534e+04
5.369991079136691042e+03 -1.230161999999999534e+04
5.383795683453237871e+03 -1.256561999999999534e+04
5.397600287769784700e+03 -1.237061999999999534e+04
5.411404892086331529e+03 -1.261261999999999534e+04
5.425209496402878358e+03 -1.241361999999999534e+04
5.439014100719425187e+03 -1.239961999999999534e+04
5.452818705035971107e+03 -1.251861999999999534e+04
