-1.974058417266187234e+03 -1.215609999999986030e+03
-1.960253812949640405e+03 -6.833609999999986030e+03
-1.946449208633093576e+03 -8.187609999999986030e+03
-1.932644604316546975e+03 -8.856609999999986030e+03
-1.918840000000000146e+03 -9.149609999999986030e+03
-1.905035395683453316e+03 -9.127609999999986030e+03
-1.891230791366906487e+03 -9.528609999999986030e+03
-1.877426187050359886e+03 -1.000860999999998603e+04
-1.863621582733813057e+03 -1.036160999999998603e+04
-1.849816978417266228e+03 -1.045660999999998603e+04
-1.836012374100719626e+03 -1.052060999999998603e+04
-1.822207769784172797e+03 -1.074660999999998603e+04
-1.808403165467625968e+03 -5.630609999999986030e+03
-1.794598561151079139e+03 -1.926099999999860302e+02
-1.780793956834532537e+03 -6.346099999999860302e+02
-1.766989352517985708e+03 -8.796099999999860302e+02
-1.753184748201438879e+03 -8.986099999999860302e+02
-1.739380143884892277e+03 2.683900000000139698e+02
-1.725575539568345448e+03 -9.856099999999860302e+02
-1.711770935251798619e+03 -1.031609999999986030e+03
-1.697966330935251790e+03 -6.926099999999860302e+02
-1.684161726618705188e+03 -1.255609999999986030e+03
-1.670357122302158359e+03 -8.036099999999860302e+02
-1.656552517985611530e+03 1.538390000000013970e+03
-1.642747913669064928e+03 -1.582609999999986030e+03
-1.628943309352518099e+03 -1.324609999999986030e+03
-1.615138705035971270e+03 -9.576099999999860302e+02
-1.601334100719424441e+03 -2.466609999999986030e+03
-1.587529496402877840e+03 -8.926099999999860302e+02
-1.573724892086331010e+03 -1.553609999999986030e+03
-1.559920287769784181e+03 -1.472609999999986030e+03
-1.546115683453237580e+03 -1.581609999999986030e+03
-1.532311079136690751e+03 -1.724609999999986030e+03
-1.518506474820143922e+03 -2.174609999999986030e+03
-1.504701870503597092e+03 -2.349609999999986030e+03
-1.490897266187050491e+03 -2.039609999999986030e+03
-1.477092661870503662e+03 -1.588609999999986030e+03
-1.463288057553956833e+03 -1.797609999999986030e+03
-1.449483453237410231e+03 -1.431609999999986030e+03
-1.435678848920863402e+03 -2.594609999999986030e+03
-1.421874244604316573e+03 -1.722609999999986030e+03
-1.408069640287769971e+03 -2.248609999999986030e+03
-1.394265035971223142e+03 -1.401609999999986030e+03
-1.380460431654676313e+03 -1.532609999999986030e+03
-1.366655827338129484e+03 -1.899609999999986030e+03
-1.352851223021582882e+03 -1.391609999999986030e+03
-1.339046618705036053e+03 -1.424609999999986030e+03
-1.325242014388489224e+03 -4.666099999999860302e+02
-1.311437410071942622e+03 -2.072609999999986030e+03
-1.297632805755395793e+03 -2.022609999999986030e+03
-1.283828201438848964e+03 -2.519609999999986030e+03
-1.270023597122302135e+03 -2.207609999999986030e+03
-1.256218992805755533e+03 -1.814609999999986030e+03
-1.242414388489208704e+03 -1.147609999999986030e+03
-1.228609784172661875e+03 -9.516099999999860302e+02
-1.214805179856115274e+03 -2.208609999999986030e+03
-1.201000575539568445e+03 -1.511609999999986030e+03
-1.187195971223021616e+03 -1.948609999999986030e+03
-1.173391366906474786e+03 -1.941609999999986030e+03
-1.159586762589928185e+03 -2.491609999999986030e+03
-1.145782158273381356e+03 -2.555609999999986030e+03
-1.131977553956834527e+03 -1.521609999999986030e+03
-1.118172949640287925e+03 -1.708609999999986030e+03
-1.104368345323741096e+03 -1.961609999999986030e+03
-1.090563741007194267e+03 -2.010609999999986030e+03
-1.076759136690647438e+03 -1.630609999999986030e+03
-1.062954532374100836e+03 -2.527609999999986030e+03
-1.049149928057554007e+03 -1.182609999999986030e+03
-1.035345323741007178e+03 -1.723609999999986030e+03
-1.021540719424460463e+03 -1.234609999999986030e+03
-1.007736115107913747e+03 -1.501609999999986030e+03
-9.939315107913669181e+02 -2.489609999999986030e+03
-9.801269064748202027e+02 -1.480609999999986030e+03
-9.663223021582734873e+02 -1.312609999999986030e+03
-9.525176978417266582e+02 -1.777609999999986030e+03
-9.387130935251799428e+02 -2.458609999999986030e+03
-9.249084892086331138e+02 -9.946099999999860302e+02
-9.111038848920863984e+02 -9.366099999999860302e+02
-8.972992805755395693e+02 -1.636609999999986030e+03
-8.834946762589928539e+02 -1.785609999999986030e+03
-8.696900719424461386e+02 -1.926609999999986030e+03
-8.558854676258993095e+02 -2.306609999999986030e+03
-8.420808633093525941e+02 -1.640609999999986030e+03
-8.282762589928057650e+02 -1.580609999999986030e+03
-8.144716546762590497e+02 -1.659609999999986030e+03
-8.006670503597122206e+02 -2.132609999999986030e+03
-7.868624460431655052e+02 -1.509609999999986030e+03
-7.730578417266187898e+02 -1.986609999999986030e+03
-7.592532374100719608e+02 -1.735609999999986030e+03
-7.454486330935252454e+02 -1.738609999999986030e+03
-7.316440287769784163e+02 -1.911609999999986030e+03
-7.178394244604317009e+02 -2.039609999999986030e+03
-7.040348201438849856e+02 -1.801609999999986030e+03
-6.902302158273381565e+02 -2.252609999999986030e+03
-6.764256115107914411e+02 -2.660609999999986030e+03
-6.626210071942446120e+02 -2.131609999999986030e+03
-6.488164028776978967e+02 -1.281609999999986030e+03
-6.350117985611510676e+02 -1.281609999999986030e+03
-6.212071942446043522e+02 -1.544609999999986030e+03
-6.074025899280576368e+02 -1.998609999999986030e+03
-5.935979856115108078e+02 -1.406609999999986030e+03
-5.797933812949640924e+02 -2.169609999999986030e+03
-5.659887769784172633e+02 -1.454609999999986030e+03
-5.521841726618705479e+02 -1.755609999999986030e+03
-5.383795683453237189e+02 -1.904609999999986030e+03
-5.245749640287770035e+02 -1.760609999999986030e+03
-5.107703597122302313e+02 -1.897609999999986030e+03
-4.969657553956834590e+02 -1.697609999999986030e+03
-4.831611510791367436e+02 -2.796609999999986030e+03
-4.693565467625899714e+02 -1.845609999999986030e+03
-4.555519424460431992e+02 -2.510609999999986030e+03
-4.417473381294964270e+02 -2.134609999999986030e+03
-4.279427338129496547e+02 -2.015609999999986030e+03
-4.141381294964028825e+02 -2.763609999999986030e+03
-4.003335251798561103e+02 -2.217609999999986030e+03
-3.865289208633093949e+02 -2.155609999999986030e+03
-3.727243165467626227e+02 -2.277609999999986030e+03
-3.589197122302158505e+02 -2.515609999999986030e+03
-3.451151079136690782e+02 -1.857609999999986030e+03
-3.313105035971223060e+02 -2.915609999999986030e+03
-3.175058992805755338e+02 -2.097609999999986030e+03
-3.037012949640288184e+02 -2.086609999999986030e+03
-2.898966906474820462e+02 -1.832609999999986030e+03
-2.760920863309352740e+02 -2.342609999999986030e+03
-2.622874820143885017e+02 -1.562609999999986030e+03
-2.484828776978417295e+02 -2.004609999999986030e+03
-2.346782733812949857e+02 -1.286609999999986030e+03
-2.208736690647482135e+02 -1.104609999999986030e+03
-2.070690647482014413e+02 -1.823609999999986030e+03
-1.932644604316546975e+02 -1.888609999999986030e+03
-1.794598561151079252e+02 -1.926609999999986030e+03
-1.656552517985611530e+02 -2.203609999999986030e+03
-1.518506474820144092e+02 -2.710609999999986030e+03
-1.380460431654676370e+02 -2.296609999999986030e+03
-1.242414388489208648e+02 -1.118609999999986030e+03
-1.104368345323741067e+02 -1.080609999999986030e+03
-9.663223021582734873e+01 -1.140609999999986030e+03
-8.282762589928057650e+01 1.423900000000139698e+02
-6.902302158273381849e+01 2.031390000000013970e+03
-5.521841726618705337e+01 5.861390000000013970e+03
-4.141381294964028825e+01 1.508439000000001397e+04
-2.760920863309352669e+01 3.347039000000001397e+04
-1.380460431654676334e+01 6.302439000000001397e+04
0.000000000000000000e+00 1.059283900000000140e+05
1.380460431654676334e+01 1.759223900000000140e+05
2.760920863309352669e+01 2.766323900000000140e+05
4.141381294964028825e+01 4.049233900000000140e+05
5.521841726618705337e+01 5.581273900000000140e+05
6.902302158273381849e+01 7.318683900000000140e+05
8.282762589928057650e+01 9.195273900000000140e+05
9.663223021582734873e+01 1.124349390000000130e+06
1.104368345323741067e+02 1.348865390000000130e+06
1.242414388489208648e+02 1.579049390000000130e+06
1.380460431654676370e+02 1.833215390000000130e+06
1.518506474820144092e+02 2.064240390000000130e+06
1.656552517985611530e+02 2.287061390000000130e+06
1.794598561151079252e+02 2.523813390000000130e+06
1.932644604316546975e+02 2.734534390000000130e+06
2.070690647482014413e+02 2.957305390000000130e+06
2.208736690647482135e+02 3.139813390000000130e+06
2.346782733812949857e+02 3.312363390000000130e+06
2.484828776978417295e+02 3.468924390000000130e+06
2.622874820143885017e+02 3.640043390000000130e+06
2.760920863309352740e+02 3.784555390000000130e+06
2.898966906474820462e+02 3.889699390000000130e+06
3.037012949640288184e+02 3.932822390000000130e+06
3.175058992805755338e+02 3.974411390000000130e+06
3.313105035971223060e+02 4.010677390000000130e+06
3.451151079136690782e+02 4.042087390000000130e+06
3.589197122302158505e+02 4.071332390000000130e+06
3.727243165467626227e+02 4.095448390000000130e+06
3.865289208633093949e+02 4.098658390000000130e+06
4.003335251798561103e+02 4.106568390000000130e+06
4.141381294964028825e+02 4.106089390000000130e+06
4.279427338129496547e+02 4.122664390000000130e+06
4.417473381294964270e+02 4.143838390000000130e+06
4.555519424460431992e+02 4.141650390000000130e+06
4.693565467625899714e+02 4.159219390000000130e+06
4.831611510791367436e+02 4.162067390000000130e+06
4.969657553956834590e+02 4.165586390000000130e+06
5.107703597122302313e+02 4.163295390000000130e+06
5.245749640287770035e+02 4.146105390000000130e+06
5.383795683453237189e+02 4.163826390000000130e+06
5.521841726618705479e+02 4.178223390000000130e+06
5.659887769784172633e+02 4.177814390000000130e+06
5.797933812949640924e+02 4.158045390000000130e+06
5.935979856115108078e+02 4.134296390000000130e+06
6.074025899280576368e+02 4.133009390000000130e+06
6.212071942446043522e+02 4.142257390000000130e+06
6.350117985611510676e+02 4.141105390000000130e+06
6.488164028776978967e+02 4.120486390000000130e+06
6.626210071942446120e+02 4.111420390000000130e+06
6.764256115107914411e+02 4.103987390000000130e+06
6.902302158273381565e+02 4.116838390000000130e+06
7.040348201438849856e+02 4.110437390000000130e+06
7.178394244604317009e+02 4.101182390000000130e+06
7.316440287769784163e+02 4.092852390000000130e+06
7.454486330935252454e+02 4.088806390000000130e+06
7.592532374100719608e+02 4.096920390000000130e+06
7.730578417266187898e+02 4.090252390000000130e+06
7.868624460431655052e+02 4.071152390000000130e+06
8.006670503597122206e+02 4.071132390000000130e+06
8.144716546762590497e+02 4.082465390000000130e+06
8.282762589928057650e+02 4.069644390000000130e+06
8.420808633093525941e+02 4.066835390000000130e+06
8.558854676258993095e+02 4.071766390000000130e+06
8.696900719424461386e+02 4.051788390000000130e+06
8.834946762589928539e+02 4.046841390000000130e+06
8.972992805755395693e+02 4.049500390000000130e+06
9.111038848920863984e+02 4.034232390000000130e+06
9.249084892086331138e+02 4.017531390000000130e+06
9.387130935251799428e+02 4.032142390000000130e+06
9.525176978417266582e+02 4.034006390000000130e+06
9.663223021582734873e+02 4.018333390000000130e+06
9.801269064748202027e+02 4.011896390000000130e+06
9.939315107913669181e+02 4.020804390000000130e+06
1.007736115107913747e+03 4.031440390000000130e+06
1.021540719424460463e+03 4.021987390000000130e+06
1.035345323741007178e+03 4.015156390000000130e+06
1.049149928057554007e+03 4.007129390000000130e+06
1.062954532374100836e+03 3.980024390000000130e+06
1.076759136690647438e+03 3.944336390000000130e+06
1.090563741007194267e+03 3.898346390000000130e+06
1.104368345323741096e+03 3.836152390000000130e+06
1.118172949640287925e+03 3.743626390000000130e+06
1.131977553956834527e+03 3.639747390000000130e+06
1.145782158273381356e+03 3.532941390000000130e+06
1.159586762589928185e+03 3.375297390000000130e+06
1.173391366906474786e+03 3.182737390000000130e+06
1.187195971223021616e+03 2.985212390000000130e+06
1.201000575539568445e+03 2.781934390000000130e+06
1.214805179856115274e+03 2.548244390000000130e+06
1.228609784172661875e+03 2.309345390000000130e+06
1.242414388489208704e+03 2.057829390000000130e+06
1.256218992805755533e+03 1.805883390000000130e+06
1.270023597122302135e+03 1.560044390000000130e+06
1.283828201438848964e+03 1.325843390000000130e+06
1.297632805755395793e+03 1.111769390000000130e+06
1.311437410071942622e+03 9.199723900000000140e+05
1.325242014388489224e+03 7.506113900000000140e+05
1.339046618705036053e+03 6.016283900000000140e+05
1.352851223021582882e+03 4.722943900000000140e+05
1.366655827338129484e+03 3.661913900000000140e+05
1.380460431654676313e+03 2.772103900000000140e+05
1.394265035971223142e+03 2.047923900000000140e+05
1.408069640287769971e+03 1.496383900000000140e+05
1.421874244604316573e+03 1.086733900000000140e+05
1.435678848920863402e+03 7.913439000000001397e+04
1.449483453237410231e+03 6.172239000000001397e+04
1.463288057553956833e+03 4.914439000000001397e+04
1.477092661870503662e+03 4.221539000000001397e+04
1.490897266187050491e+03 3.837939000000001397e+04
1.504701870503597092e+03 3.545139000000001397e+04
1.518506474820143922e+03 3.375539000000001397e+04
1.532311079136690751e+03 3.061239000000001397e+04
1.546115683453237580e+03 3.022539000000001397e+04
1.559920287769784181e+03 3.144139000000001397e+04
1.573724892086331010e+03 2.899939000000001397e+04
1.587529496402877840e+03 2.837039000000001397e+04
1.601334100719424441e+03 2.677339000000001397e+04
1.615138705035971270e+03 2.601239000000001397e+04
1.628943309352518099e+03 2.452139000000001397e+04
1.642747913669064928e+03 2.203239000000001397e+04
1.656552517985611530e+03 2.293839000000001397e+04
1.670357122302158359e+03 2.164839000000001397e+04
1.684161726618705188e+03 2.090739000000001397e+04
1.697966330935251790e+03 1.851939000000001397e+04
1.711770935251798619e+03 1.756039000000001397e+04
1.725575539568345448e+03 1.542739000000001397e+04
1.739380143884892277e+03 1.480539000000001397e+04
1.753184748201438879e+03 1.435139000000001397e+04
1.766989352517985708e+03 1.231839000000001397e+04
1.780793956834532537e+03 1.067439000000001397e+04
1.794598561151079139e+03 9.662390000000013970e+03
1.808403165467625968e+03 8.969390000000013970e+03
1.822207769784172797e+03 8.994390000000013970e+03
1.836012374100719626e+03 1.004739000000001397e+04
1.849816978417266228e+03 7.984390000000013970e+03
1.863621582733813057e+03 6.793390000000013970e+03
1.877426187050359886e+03 5.644390000000013970e+03
1.891230791366906487e+03 5.125390000000013970e+03
1.905035395683453316e+03 4.734390000000013970e+03
1.918840000000000146e+03 4.654390000000013970e+03
1.932644604316546975e+03 3.062390000000013970e+03
1.946449208633093576e+03 2.764390000000013970e+03
1.960253812949640405e+03 3.443390000000013970e+03
1.974058417266187234e+03 2.096390000000013970e+03
1.987863021582733836e+03 1.624390000000013970e+03
2.001667625899280665e+03 1.175390000000013970e+03
2.015472230215827494e+03 4.313900000000139698e+02
2.029276834532374323e+03 9.473900000000139698e+02
2.043081438848920925e+03 9.713900000000139698e+02
2.056886043165467527e+03 2.073900000000139698e+02
2.070690647482014356e+03 2.483900000000139698e+02
2.084495251798561185e+03 -5.046099999999860302e+02
2.098299856115108014e+03 -1.003609999999986030e+03
2.112104460431654843e+03 -7.176099999999860302e+02
2.125909064748201672e+03 -4.696099999999860302e+02
2.139713669064748501e+03 -1.616099999999860302e+02
2.153518273381294875e+03 -2.976099999999860302e+02
2.167322877697841705e+03 -1.273609999999986030e+03
2.181127482014388534e+03 -1.116099999999860302e+02
2.194932086330935363e+03 -1.384609999999986030e+03
2.208736690647482192e+03 -9.916099999999860302e+02
2.222541294964029021e+03 -1.223609999999986030e+03
2.236345899280575850e+03 -1.246609999999986030e+03
2.250150503597122224e+03 -7.966099999999860302e+02
2.263955107913669053e+03 -1.529609999999986030e+03
2.277759712230215882e+03 -2.302609999999986030e+03
2.291564316546762711e+03 -1.196609999999986030e+03
2.305368920863309540e+03 -8.166099999999860302e+02
2.319173525179856370e+03 -8.566099999999860302e+02
2.332978129496403199e+03 -1.414609999999986030e+03
2.346782733812949573e+03 -1.416609999999986030e+03
2.360587338129496402e+03 -1.256609999999986030e+03
2.374391942446043231e+03 -1.808609999999986030e+03
2.388196546762590060e+03 -1.106609999999986030e+03
2.402001151079136889e+03 -1.710609999999986030e+03
2.415805755395683718e+03 -1.872609999999986030e+03
2.429610359712230547e+03 -1.981609999999986030e+03
2.443414964028776922e+03 -1.800609999999986030e+03
2.457219568345323751e+03 -2.175609999999986030e+03
2.471024172661870580e+03 -2.154609999999986030e+03
2.484828776978417409e+03 -1.440609999999986030e+03
2.498633381294964238e+03 -1.155609999999986030e+03
2.512437985611511067e+03 -2.239609999999986030e+03
2.526242589928057896e+03 -1.567609999999986030e+03
2.540047194244604270e+03 -1.249609999999986030e+03
2.553851798561151099e+03 -1.465609999999986030e+03
2.567656402877697928e+03 -1.366609999999986030e+03
2.581461007194244758e+03 -7.886099999999860302e+02
2.595265611510791587e+03 -1.305609999999986030e+03
2.609070215827338416e+03 -1.692609999999986030e+03
2.622874820143885245e+03 -1.121609999999986030e+03
2.636679424460431619e+03 -1.892609999999986030e+03
2.650484028776978448e+03 -1.412609999999986030e+03
2.664288633093525277e+03 4.302390000000013970e+03
2.678093237410072106e+03 -1.093609999999986030e+03
2.691897841726618935e+03 -2.006099999999860302e+02
2.705702446043165764e+03 -1.236099999999860302e+02
2.719507050359712593e+03 -1.528609999999986030e+03
2.733311654676258968e+03 -1.369609999999986030e+03
2.747116258992805797e+03 -1.851609999999986030e+03
2.760920863309352626e+03 -1.998609999999986030e+03
2.774725467625899455e+03 -1.330609999999986030e+03
2.788530071942446284e+03 -1.614609999999986030e+03
2.802334676258993113e+03 -7.856099999999860302e+02
2.816139280575539942e+03 -1.838609999999986030e+03
2.829943884892086317e+03 -1.545609999999986030e+03
2.843748489208633146e+03 -1.721609999999986030e+03
2.857553093525179975e+03 -2.317609999999986030e+03
2.871357697841726804e+03 -2.598609999999986030e+03
2.885162302158273633e+03 -1.486609999999986030e+03
2.898966906474820462e+03 -1.817609999999986030e+03
2.912771510791367291e+03 -1.792609999999986030e+03
2.926576115107913665e+03 -2.356609999999986030e+03
2.940380719424460494e+03 -1.742609999999986030e+03
2.954185323741007323e+03 -1.504609999999986030e+03
2.967989928057554152e+03 -2.051609999999986030e+03
2.981794532374100982e+03 -2.640609999999986030e+03
2.995599136690647811e+03 -2.064609999999986030e+03
3.009403741007194185e+03 -1.710609999999986030e+03
3.023208345323741014e+03 -1.450609999999986030e+03
3.037012949640287843e+03 -9.796099999999860302e+02
3.050817553956834672e+03 -1.618609999999986030e+03
3.064622158273381501e+03 -1.729609999999986030e+03
3.078426762589928330e+03 -1.815609999999986030e+03
3.092231366906475159e+03 -2.539609999999986030e+03
3.106035971223021534e+03 -1.376609999999986030e+03
3.119840575539568363e+03 -1.189609999999986030e+03
3.133645179856115192e+03 -2.008609999999986030e+03
3.147449784172662021e+03 -1.805609999999986030e+03
3.161254388489208850e+03 -1.592609999999986030e+03
3.175058992805755679e+03 -1.872609999999986030e+03
3.188863597122302508e+03 -1.319609999999986030e+03
3.202668201438848882e+03 -1.482609999999986030e+03
3.216472805755395711e+03 -1.880609999999986030e+03
3.230277410071942541e+03 -2.215609999999986030e+03
3.244082014388489370e+03 -2.089609999999986030e+03
3.257886618705036199e+03 -1.393609999999986030e+03
3.271691223021583028e+03 -1.886609999999986030e+03
3.285495827338129857e+03 -2.076609999999986030e+03
3.299300431654676231e+03 -1.824609999999986030e+03
3.313105035971223060e+03 -2.016609999999986030e+03
3.326909640287769889e+03 -2.028609999999986030e+03
3.340714244604316718e+03 -6.916099999999860302e+02
3.354518848920863547e+03 -1.097609999999986030e+03
3.368323453237410376e+03 -5.286099999999860302e+02
3.382128057553957206e+03 -1.197609999999986030e+03
3.395932661870503580e+03 -1.575609999999986030e+03
3.409737266187050409e+03 -1.716609999999986030e+03
3.423541870503597238e+03 -1.869609999999986030e+03
3.437346474820144067e+03 -8.716099999999860302e+02
3.451151079136690896e+03 -4.536099999999860302e+02
3.464955683453237725e+03 -1.216609999999986030e+03
3.478760287769784554e+03 -5.316099999999860302e+02
3.492564892086330929e+03 -1.284609999999986030e+03
3.506369496402877758e+03 -1.030609999999986030e+03
3.520174100719424587e+03 -1.182609999999986030e+03
3.533978705035971416e+03 -1.044609999999986030e+03
3.547783309352518245e+03 -1.188609999999986030e+03
3.561587913669065074e+03 -1.412609999999986030e+03
3.575392517985611903e+03 -1.136609999999986030e+03
3.589197122302158277e+03 -1.050609999999986030e+03
3.603001726618705106e+03 -1.125609999999986030e+03
3.616806330935251935e+03 -1.177609999999986030e+03
3.630610935251798765e+03 -1.536609999999986030e+03
3.644415539568345594e+03 -1.606099999999860302e+02
3.658220143884892423e+03 -1.386609999999986030e+03
3.672024748201439252e+03 -7.016099999999860302e+02
3.685829352517985626e+03 -2.306099999999860302e+02
3.699633956834532455e+03 -1.291609999999986030e+03
3.713438561151079284e+03 -1.095609999999986030e+03
3.727243165467626113e+03 -2.996099999999860302e+02
3.741047769784172942e+03 -6.726099999999860302e+02
3.754852374100719771e+03 1.133900000000139698e+02
3.768656978417266600e+03 -1.916099999999860302e+02
3.782461582733812975e+03 -7.336099999999860302e+02
3.796266187050359804e+03 5.243900000000139698e+02
3.810070791366906633e+03 -5.816099999999860302e+02
3.823875395683453462e+03 -1.075609999999986030e+03
3.837680000000000291e+03 -1.138609999999986030e+03
3.851484604316547120e+03 1.703900000000139698e+02
3.865289208633093949e+03 -3.986099999999860302e+02
3.879093812949640323e+03 1.723900000000139698e+02
3.892898417266187153e+03 -3.646099999999860302e+02
3.906703021582733982e+03 -9.576099999999860302e+02
3.920507625899280811e+03 -2.806099999999860302e+02
3.934312230215827640e+03 -7.826099999999860302e+02
3.948116834532374469e+03 -2.566099999999860302e+02
3.961921438848921298e+03 6.443900000000139698e+02
3.975726043165467672e+03 2.739000000001396984e+01
3.989530647482014501e+03 6.533900000000139698e+02
4.003335251798561330e+03 -1.876099999999860302e+02
4.017139856115108159e+03 -2.706099999999860302e+02
4.030944460431654988e+03 -4.756099999999860302e+02
4.044749064748201818e+03 -4.396099999999860302e+02
4.058553669064748647e+03 -4.896099999999860302e+02
4.072358273381295021e+03 -2.106099999999860302e+02
4.086162877697841850e+03 3.623900000000139698e+02
4.099967482014389134e+03 -1.456099999999860302e+02
4.113772086330935053e+03 -5.246099999999860302e+02
4.127576690647481882e+03 -7.056099999999860302e+02
4.141381294964028712e+03 3.993900000000139698e+02
4.155185899280575541e+03 8.123900000000139698e+02
4.168990503597122370e+03 4.033900000000139698e+02
4.182795107913669199e+03 6.339000000001396984e+01
4.196599712230216028e+03 -2.096099999999860302e+02
4.210404316546762857e+03 -1.636099999999860302e+02
4.224208920863309686e+03 4.633900000000139698e+02
4.238013525179856515e+03 -2.706099999999860302e+02
4.251818129496403344e+03 -3.546099999999860302e+02
4.265622733812950173e+03 1.080390000000013970e+03
4.279427338129497002e+03 -2.046099999999860302e+02
4.293231942446043831e+03 4.573900000000139698e+02
4.307036546762589751e+03 2.753900000000139698e+02
4.320841151079136580e+03 6.133900000000139698e+02
4.334645755395683409e+03 2.643900000000139698e+02
4.348450359712230238e+03 -2.436099999999860302e+02
4.362254964028777067e+03 -2.216099999999860302e+02
4.376059568345323896e+03 -2.066099999999860302e+02
4.389864172661870725e+03 -3.156099999999860302e+02
4.403668776978417554e+03 1.423900000000139698e+02
4.417473381294964383e+03 -9.060999999998603016e+01
4.431277985611511212e+03 -1.546099999999860302e+02
4.445082589928058042e+03 -3.796099999999860302e+02
4.458887194244604871e+03 5.123900000000139698e+02
4.472691798561151700e+03 3.170390000000013970e+03
4.486496402877698529e+03 -6.876099999999860302e+02
4.500301007194244448e+03 -1.860999999998603016e+01
4.514105611510791277e+03 3.313900000000139698e+02
4.527910215827338106e+03 -2.406099999999860302e+02
4.541714820143884936e+03 -4.460999999998603016e+01
4.555519424460431765e+03 -2.960999999998603016e+01
4.569324028776978594e+03 4.293900000000139698e+02
4.583128633093525423e+03 5.323900000000139698e+02
4.596933237410072252e+03 3.013900000000139698e+02
4.610737841726619081e+03 1.111390000000013970e+03
4.624542446043165910e+03 -6.660999999998603016e+01
4.638347050359712739e+03 8.253900000000139698e+02
4.652151654676259568e+03 6.539000000001396984e+01
4.665956258992806397e+03 1.323900000000139698e+02
4.679760863309353226e+03 8.473900000000139698e+02
4.693565467625899146e+03 9.443900000000139698e+02
4.707370071942445975e+03 4.503900000000139698e+02
4.721174676258992804e+03 9.493900000000139698e+02
4.734979280575539633e+03 1.078390000000013970e+03
4.748783884892086462e+03 2.943900000000139698e+02
4.762588489208633291e+03 1.317390000000013970e+03
4.776393093525180120e+03 7.173900000000139698e+02
4.790197697841726949e+03 1.707390000000013970e+03
4.804002302158273778e+03 1.873900000000139698e+02
4.817806906474820607e+03 6.953900000000139698e+02
4.831611510791367436e+03 5.003900000000139698e+02
4.845416115107914266e+03 1.096390000000013970e+03
4.859220719424461095e+03 7.583900000000139698e+02
4.873025323741007014e+03 1.200390000000013970e+03
4.886829928057553843e+03 4.843900000000139698e+02
4.900634532374100672e+03 -6.560999999998603016e+01
4.914439136690647501e+03 3.623900000000139698e+02
4.928243741007194330e+03 4.493900000000139698e+02
4.942048345323741160e+03 1.198390000000013970e+03
4.955852949640287989e+03 -3.760999999998603016e+01
4.969657553956834818e+03 2.133900000000139698e+02
4.983462158273381647e+03 5.039000000001396984e+01
4.997266762589928476e+03 5.593900000000139698e+02
5.011071366906475305e+03 4.263900000000139698e+02
5.024875971223022134e+03 -4.026099999999860302e+02
5.038680575539568963e+03 7.863900000000139698e+02
5.052485179856115792e+03 9.253900000000139698e+02
5.066289784172661712e+03 5.303900000000139698e+02
5.080094388489208541e+03 5.003900000000139698e+02
5.093898992805755370e+03 1.763900000000139698e+02
5.107703597122302199e+03 2.083900000000139698e+02
5.121508201438849028e+03 -4.946099999999860302e+02
5.135312805755395857e+03 7.339000000001396984e+01
5.149117410071942686e+03 1.157390000000013970e+03
5.162922014388489515e+03 2.873900000000139698e+02
5.176726618705036344e+03 1.311390000000013970e+03
5.190531223021583173e+03 8.673900000000139698e+02
5.204335827338130002e+03 1.261390000000013970e+03
5.218140431654676831e+03 1.206390000000013970e+03
5.231945035971223660e+03 3.853900000000139698e+02
5.245749640287770490e+03 6.039000000001396984e+01
5.259554244604316409e+03 -5.714609999999986030e+03
5.273358848920863238e+03 -1.228560999999998603e+04
5.287163453237410067e+03 -1.229660999999998603e+04
5.300968057553956896e+03 -1.249260999999998603e+04
5.314772661870503725e+03 -1.228960999999998603e+04
5.328577266187050554e+03 -1.229960999999998603e+04
5.342381870503597384e+03 -1.252460999999998603e+04
5.356186474820144213e+03 -1.227360999999998603e+04
5.369991079136691042e+03 -1.240760999999998603e+04
5.383795683453237871e+03 -1.254660999999998603e+04
5.397600287769784700e+03 -1.230960999999998603e+04
5.411404892086331529e+03 -1.213860999999998603e+04
5.425209496402878358e+03 -1.250160999999998603e+04
5.439014100719425187e+03 -1.218660999999998603e+04
5.452818705035971107e+03 -1.268160999999998603e+04
5.466623309352517936e+03 -1.239660999999998603e+04
5.480427913669064765e+03 -1.246960999999998603e+04
5.494232517985611594e+03 -1.228360999999998603e+04
5.508037122302158423e+03 -1.237860999999998603e+04
5.521841726618705252e+03 -1.252560999999998603e+04
5.535646330935252081e+03 -1.239260999999998603e+04
5.549450935251798910e+03 -1.250260999999998603e+04
5.563255539568345739e+03 -1.233860999999998603e+04
5.577060143884892568e+03 -1.239860999999998603e+04
