-2.056886043165467527e+03 -1.290380000000004657e+03
-2.043081438848920925e+03 -6.902380000000004657e+03
-2.029276834532374323e+03 -7.986380000000004657e+03
-2.015472230215827494e+03 -8.406380000000004657e+03
-2.001667625899280665e+03 -8.934380000000004657e+03
-1.987863021582733836e+03 -9.064380000000004657e+03
-1.974058417266187234e+03 -9.443380000000004657e+03
-1.960253812949640405e+03 -9.611380000000004657e+03
-1.946449208633093576e+03 -9.997380000000004657e+03
-1.932644604316546975e+03 -1.017438000000000466e+04
-1.918840000000000146e+03 -1.049338000000000466e+04
-1.905035395683453316e+03 -1.032838000000000466e+04
-1.891230791366906487e+03 -5.396380000000004657e+03
-1.877426187050359886e+03 3.556199999999953434e+02
-1.863621582733813057e+03 -4.663800000000046566e+02
-1.849816978417266228e+03 -6.643800000000046566e+02
-1.836012374100719626e+03 -8.283800000000046566e+02
-1.822207769784172797e+03 -1.763800000000046566e+02
-1.808403165467625968e+03 -8.943800000000046566e+02
-1.794598561151079139e+03 -7.513800000000046566e+02
-1.780793956834532537e+03 -9.403800000000046566e+02
-1.766989352517985708e+03 -7.393800000000046566e+02
-1.753184748201438879e+03 -1.012380000000004657e+03
-1.739380143884892277e+03 1.812619999999995343e+03
-1.725575539568345448e+03 -1.412380000000004657e+03
-1.711770935251798619e+03 -1.272380000000004657e+03
-1.697966330935251790e+03 -4.743800000000046566e+02
-1.684161726618705188e+03 -2.392380000000004657e+03
-1.670357122302158359e+03 -1.313380000000004657e+03
-1.656552517985611530e+03 -1.345380000000004657e+03
-1.642747913669064928e+03 -1.559380000000004657e+03
-1.628943309352518099e+03 -1.694380000000004657e+03
-1.615138705035971270e+03 -2.022380000000004657e+03
-1.601334100719424441e+03 -2.450380000000004657e+03
-1.587529496402877840e+03 -2.361380000000004657e+03
-1.573724892086331010e+03 -1.851380000000004657e+03
-1.559920287769784181e+03 -1.770380000000004657e+03
-1.546115683453237580e+03 -1.673380000000004657e+03
-1.532311079136690751e+03 -1.018380000000004657e+03
-1.518506474820143922e+03 -2.248380000000004657e+03
-1.504701870503597092e+03 -1.843380000000004657e+03
-1.490897266187050491e+03 -2.351380000000004657e+03
-1.477092661870503662e+03 -1.256380000000004657e+03
-1.463288057553956833e+03 -1.584380000000004657e+03
-1.449483453237410231e+03 -1.731380000000004657e+03
-1.435678848920863402e+03 -1.994380000000004657e+03
-1.421874244604316573e+03 -1.366380000000004657e+03
-1.408069640287769971e+03 2.706199999999953434e+02
-1.394265035971223142e+03 -1.765380000000004657e+03
-1.380460431654676313e+03 -1.949380000000004657e+03
-1.366655827338129484e+03 -2.364380000000004657e+03
-1.352851223021582882e+03 -2.004380000000004657e+03
-1.339046618705036053e+03 -2.347380000000004657e+03
-1.325242014388489224e+03 -1.184380000000004657e+03
-1.311437410071942622e+03 -9.393800000000046566e+02
-1.297632805755395793e+03 -2.247380000000004657e+03
-1.283828201438848964e+03 -1.777380000000004657e+03
-1.270023597122302135e+03 -1.724380000000004657e+03
-1.256218992805755533e+03 -2.445380000000004657e+03
-1.242414388489208704e+03 -2.216380000000004657e+03
-1.228609784172661875e+03 -1.997380000000004657e+03
-1.214805179856115274e+03 -1.477380000000004657e+03
-1.201000575539568445e+03 -2.111380000000004657e+03
-1.187195971223021616e+03 -1.854380000000004657e+03
-1.173391366906474786e+03 -1.966380000000004657e+03
-1.159586762589928185e+03 -1.547380000000004657e+03
-1.145782158273381356e+03 -2.828380000000004657e+03
-1.131977553956834527e+03 -1.849380000000004657e+03
-1.118172949640287925e+03 -2.347380000000004657e+03
-1.104368345323741096e+03 -1.712380000000004657e+03
-1.090563741007194267e+03 -2.215380000000004657e+03
-1.076759136690647438e+03 -2.360380000000004657e+03
-1.062954532374100836e+03 -1.131380000000004657e+03
-1.049149928057554007e+03 -9.873800000000046566e+02
-1.035345323741007178e+03 -1.968380000000004657e+03
-1.021540719424460463e+03 -2.324380000000004657e+03
-1.007736115107913747e+03 -1.738380000000004657e+03
-9.939315107913669181e+02 -1.568380000000004657e+03
-9.801269064748202027e+02 -1.961380000000004657e+03
-9.663223021582734873e+02 -1.767380000000004657e+03
-9.525176978417266582e+02 -1.818380000000004657e+03
-9.387130935251799428e+02 -2.090380000000004657e+03
-9.249084892086331138e+02 -1.316380000000004657e+03
-9.111038848920863984e+02 -1.647380000000004657e+03
-8.972992805755395693e+02 -1.846380000000004657e+03
-8.834946762589928539e+02 -1.719380000000004657e+03
-8.696900719424461386e+02 -1.955380000000004657e+03
-8.558854676258993095e+02 -2.018380000000004657e+03
-8.420808633093525941e+02 -1.572380000000004657e+03
-8.282762589928057650e+02 -1.796380000000004657e+03
-8.144716546762590497e+02 -2.009380000000004657e+03
-8.006670503597122206e+02 -1.951380000000004657e+03
-7.868624460431655052e+02 -2.318380000000004657e+03
-7.730578417266187898e+02 -2.157380000000004657e+03
-7.592532374100719608e+02 -2.457380000000004657e+03
-7.454486330935252454e+02 -1.715380000000004657e+03
-7.316440287769784163e+02 -1.585380000000004657e+03
-7.178394244604317009e+02 -1.407380000000004657e+03
-7.040348201438849856e+02 -1.148380000000004657e+03
-6.902302158273381565e+02 -1.153380000000004657e+03
-6.764256115107914411e+02 -1.280380000000004657e+03
-6.626210071942446120e+02 -2.793380000000004657e+03
-6.488164028776978967e+02 -1.866380000000004657e+03
-6.350117985611510676e+02 -1.858380000000004657e+03
-6.212071942446043522e+02 -1.768380000000004657e+03
-6.074025899280576368e+02 -1.236380000000004657e+03
-5.935979856115108078e+02 -1.652380000000004657e+03
-5.797933812949640924e+02 -2.239380000000004657e+03
-5.659887769784172633e+02 -2.083380000000004657e+03
-5.521841726618705479e+02 -1.425380000000004657e+03
-5.383795683453237189e+02 -2.152380000000004657e+03
-5.245749640287770035e+02 -2.388380000000004657e+03
-5.107703597122302313e+02 -1.593380000000004657e+03
-4.969657553956834590e+02 -2.658380000000004657e+03
-4.831611510791367436e+02 -2.335380000000004657e+03
-4.693565467625899714e+02 -2.951380000000004657e+03
-4.555519424460431992e+02 -3.215380000000004657e+03
-4.417473381294964270e+02 -3.206380000000004657e+03
-4.279427338129496547e+02 -1.634380000000004657e+03
-4.141381294964028825e+02 -2.528380000000004657e+03
-4.003335251798561103e+02 -2.107380000000004657e+03
-3.865289208633093949e+02 -2.550380000000004657e+03
-3.727243165467626227e+02 -2.108380000000004657e+03
-3.589197122302158505e+02 -2.332380000000004657e+03
-3.451151079136690782e+02 -1.817380000000004657e+03
-3.313105035971223060e+02 -2.137380000000004657e+03
-3.175058992805755338e+02 -2.020380000000004657e+03
-3.037012949640288184e+02 -2.019380000000004657e+03
-2.898966906474820462e+02 -1.914380000000004657e+03
-2.760920863309352740e+02 -2.353380000000004657e+03
-2.622874820143885017e+02 -2.910380000000004657e+03
-2.484828776978417295e+02 -2.652380000000004657e+03
-2.346782733812949857e+02 -2.804380000000004657e+03
-2.208736690647482135e+02 -2.483380000000004657e+03
-2.070690647482014413e+02 -1.942380000000004657e+03
-1.932644604316546975e+02 -2.315380000000004657e+03
-1.794598561151079252e+02 -2.565380000000004657e+03
-1.656552517985611530e+02 -1.731380000000004657e+03
-1.518506474820144092e+02 -1.702380000000004657e+03
-1.380460431654676370e+02 -2.051380000000004657e+03
-1.242414388489208648e+02 -1.602380000000004657e+03
-1.104368345323741067e+02 -1.336380000000004657e+03
-9.663223021582734873e+01 -1.403380000000004657e+03
-8.282762589928057650e+01 -1.150380000000004657e+03
-6.902302158273381849e+01 6.536199999999953434e+02
-5.521841726618705337e+01 4.730619999999995343e+03
-4.141381294964028825e+01 1.203361999999999534e+04
-2.760920863309352669e+01 2.934261999999999534e+04
-1.380460431654676334e+01 5.505561999999999534e+04
0.000000000000000000e+00 9.664261999999999534e+04
1.380460431654676334e+01 1.633486199999999953e+05
2.760920863309352669e+01 2.487016199999999953e+05
4.141381294964028825e+01 3.621206199999999953e+05
5.521841726618705337e+01 5.041946199999999953e+05
6.902302158273381849e+01 6.824496199999999953e+05
8.282762589928057650e+01 8.805526199999999953e+05
9.663223021582734873e+01 1.097226620000000112e+06
1.104368345323741067e+02 1.311401620000000112e+06
1.242414388489208648e+02 1.547779620000000112e+06
1.380460431654676370e+02 1.794519620000000112e+06
1.518506474820144092e+02 2.039890620000000112e+06
1.656552517985611530e+02 2.251825620000000112e+06
1.794598561151079252e+02 2.475228620000000112e+06
1.932644604316546975e+02 2.715341620000000112e+06
2.070690647482014413e+02 2.936659620000000112e+06
2.208736690647482135e+02 3.145031620000000112e+06
2.346782733812949857e+02 3.320687620000000112e+06
2.484828776978417295e+02 3.485360620000000112e+06
2.622874820143885017e+02 3.631457620000000112e+06
2.760920863309352740e+02 3.758236620000000112e+06
2.898966906474820462e+02 3.867494620000000112e+06
3.037012949640288184e+02 3.931925620000000112e+06
3.175058992805755338e+02 4.012363620000000112e+06
3.313105035971223060e+02 4.074045620000000112e+06
3.451151079136690782e+02 4.115638620000000112e+06
3.589197122302158505e+02 4.165141620000000112e+06
3.727243165467626227e+02 4.181616620000000112e+06
3.865289208633093949e+02 4.189763620000000112e+06
4.003335251798561103e+02 4.178349620000000112e+06
4.141381294964028825e+02 4.177589620000000112e+06
4.279427338129496547e+02 4.174457620000000112e+06
4.417473381294964270e+02 4.162874620000000112e+06
4.555519424460431992e+02 4.156959620000000112e+06
4.693565467625899714e+02 4.159366620000000112e+06
4.831611510791367436e+02 4.173018620000000112e+06
4.969657553956834590e+02 4.161652620000000112e+06
5.107703597122302313e+02 4.137808620000000112e+06
5.245749640287770035e+02 4.134781620000000112e+06
5.383795683453237189e+02 4.140642620000000112e+06
5.521841726618705479e+02 4.137702620000000112e+06
5.659887769784172633e+02 4.131208620000000112e+06
5.797933812949640924e+02 4.109742620000000112e+06
5.935979856115108078e+02 4.086007620000000112e+06
6.074025899280576368e+02 4.060166620000000112e+06
6.212071942446043522e+02 4.043964620000000112e+06
6.350117985611510676e+02 4.020726620000000112e+06
6.488164028776978967e+02 3.999421620000000112e+06
6.626210071942446120e+02 3.968432620000000112e+06
6.764256115107914411e+02 3.923235620000000112e+06
6.902302158273381565e+02 3.847939620000000112e+06
7.040348201438849856e+02 3.738088620000000112e+06
7.178394244604317009e+02 3.609660620000000112e+06
7.316440287769784163e+02 3.460740620000000112e+06
7.454486330935252454e+02 3.287278620000000112e+06
7.592532374100719608e+02 3.088078620000000112e+06
7.730578417266187898e+02 2.861038620000000112e+06
7.868624460431655052e+02 2.600918620000000112e+06
8.006670503597122206e+02 2.339396620000000112e+06
8.144716546762590497e+02 2.065674620000000112e+06
8.282762589928057650e+02 1.795741620000000112e+06
8.420808633093525941e+02 1.541951620000000112e+06
8.558854676258993095e+02 1.310368620000000112e+06
8.696900719424461386e+02 1.096879620000000112e+06
8.834946762589928539e+02 9.097956199999999953e+05
8.972992805755395693e+02 7.361096199999999953e+05
9.111038848920863984e+02 5.757726199999999953e+05
9.249084892086331138e+02 4.386696199999999953e+05
9.387130935251799428e+02 3.271946199999999953e+05
9.525176978417266582e+02 2.375696199999999953e+05
9.663223021582734873e+02 1.675216199999999953e+05
9.801269064748202027e+02 1.141126199999999953e+05
9.939315107913669181e+02 7.871261999999999534e+04
1.007736115107913747e+03 5.949861999999999534e+04
1.021540719424460463e+03 4.621061999999999534e+04
1.035345323741007178e+03 4.182461999999999534e+04
1.049149928057554007e+03 3.894961999999999534e+04
1.062954532374100836e+03 3.620761999999999534e+04
1.076759136690647438e+03 3.411261999999999534e+04
1.090563741007194267e+03 3.445461999999999534e+04
1.104368345323741096e+03 3.337861999999999534e+04
1.118172949640287925e+03 3.122361999999999534e+04
1.131977553956834527e+03 2.923761999999999534e+04
1.145782158273381356e+03 2.814761999999999534e+04
1.159586762589928185e+03 2.847761999999999534e+04
1.173391366906474786e+03 2.719461999999999534e+04
1.187195971223021616e+03 2.632761999999999534e+04
1.201000575539568445e+03 2.495061999999999534e+04
1.214805179856115274e+03 2.380761999999999534e+04
1.228609784172661875e+03 2.421761999999999534e+04
1.242414388489208704e+03 2.192261999999999534e+04
1.256218992805755533e+03 2.069261999999999534e+04
1.270023597122302135e+03 1.912961999999999534e+04
1.283828201438848964e+03 1.676261999999999534e+04
1.297632805755395793e+03 1.624861999999999534e+04
1.311437410071942622e+03 1.520361999999999534e+04
1.325242014388489224e+03 1.396661999999999534e+04
1.339046618705036053e+03 1.259061999999999534e+04
1.352851223021582882e+03 1.042761999999999534e+04
1.366655827338129484e+03 1.077161999999999534e+04
1.380460431654676313e+03 8.912619999999995343e+03
1.394265035971223142e+03 8.578619999999995343e+03
1.408069640287769971e+03 7.734619999999995343e+03
1.421874244604316573e+03 6.322619999999995343e+03
1.435678848920863402e+03 6.335619999999995343e+03
1.449483453237410231e+03 5.162619999999995343e+03
1.463288057553956833e+03 5.747619999999995343e+03
1.477092661870503662e+03 6.431619999999995343e+03
1.490897266187050491e+03 4.855619999999995343e+03
1.504701870503597092e+03 3.819619999999995343e+03
1.518506474820143922e+03 2.246619999999995343e+03
1.532311079136690751e+03 1.833619999999995343e+03
1.546115683453237580e+03 1.509619999999995343e+03
1.559920287769784181e+03 6.646199999999953434e+02
1.573724892086331010e+03 1.638619999999995343e+03
1.587529496402877840e+03 5.076199999999953434e+02
1.601334100719424441e+03 5.186199999999953434e+02
1.615138705035971270e+03 1.476199999999953434e+02
1.628943309352518099e+03 1.566199999999953434e+02
1.642747913669064928e+03 -2.373800000000046566e+02
1.656552517985611530e+03 -8.303800000000046566e+02
1.670357122302158359e+03 -8.263800000000046566e+02
1.684161726618705188e+03 -1.271380000000004657e+03
1.697966330935251790e+03 -1.536380000000004657e+03
1.711770935251798619e+03 -1.157380000000004657e+03
1.725575539568345448e+03 -8.283800000000046566e+02
1.739380143884892277e+03 -6.913800000000046566e+02
1.753184748201438879e+03 -1.408380000000004657e+03
1.766989352517985708e+03 -1.775380000000004657e+03
1.780793956834532537e+03 -9.903800000000046566e+02
1.794598561151079139e+03 -1.318380000000004657e+03
1.808403165467625968e+03 -5.523800000000046566e+02
1.822207769784172797e+03 -8.883800000000046566e+02
1.836012374100719626e+03 -1.576380000000004657e+03
1.849816978417266228e+03 -1.667380000000004657e+03
1.863621582733813057e+03 -1.520380000000004657e+03
1.877426187050359886e+03 -9.213800000000046566e+02
1.891230791366906487e+03 -1.499380000000004657e+03
1.905035395683453316e+03 -1.048380000000004657e+03
1.918840000000000146e+03 -1.580380000000004657e+03
1.932644604316546975e+03 -2.125380000000004657e+03
1.946449208633093576e+03 -1.266380000000004657e+03
1.960253812949640405e+03 -1.571380000000004657e+03
1.974058417266187234e+03 -1.437380000000004657e+03
1.987863021582733836e+03 -5.203800000000046566e+02
2.001667625899280665e+03 -1.438380000000004657e+03
2.015472230215827494e+03 -1.913380000000004657e+03
2.029276834532374323e+03 -9.043800000000046566e+02
2.043081438848920925e+03 -1.340380000000004657e+03
2.056886043165467527e+03 -9.943800000000046566e+02
2.070690647482014356e+03 -2.120380000000004657e+03
2.084495251798561185e+03 -1.929380000000004657e+03
2.098299856115108014e+03 -1.455380000000004657e+03
2.112104460431654843e+03 -2.408380000000004657e+03
2.125909064748201672e+03 -2.074380000000004657e+03
2.139713669064748501e+03 -1.768380000000004657e+03
2.153518273381294875e+03 -1.960380000000004657e+03
2.167322877697841705e+03 -1.695380000000004657e+03
2.181127482014388534e+03 -1.901380000000004657e+03
2.194932086330935363e+03 -2.233380000000004657e+03
2.208736690647482192e+03 -1.140380000000004657e+03
2.222541294964029021e+03 -1.711380000000004657e+03
2.236345899280575850e+03 -1.700380000000004657e+03
2.250150503597122224e+03 -2.236380000000004657e+03
2.263955107913669053e+03 -2.438380000000004657e+03
2.277759712230215882e+03 -1.726380000000004657e+03
2.291564316546762711e+03 -2.172380000000004657e+03
2.305368920863309540e+03 -1.294380000000004657e+03
2.319173525179856370e+03 -1.795380000000004657e+03
2.332978129496403199e+03 -1.719380000000004657e+03
2.346782733812949573e+03 -1.793380000000004657e+03
2.360587338129496402e+03 -1.537380000000004657e+03
2.374391942446043231e+03 -1.843380000000004657e+03
2.388196546762590060e+03 -2.126380000000004657e+03
2.402001151079136889e+03 -2.117380000000004657e+03
2.415805755395683718e+03 -2.205380000000004657e+03
2.429610359712230547e+03 -2.455380000000004657e+03
2.443414964028776922e+03 -1.555380000000004657e+03
2.457219568345323751e+03 -2.573380000000004657e+03
2.471024172661870580e+03 -2.262380000000004657e+03
2.484828776978417409e+03 -1.861380000000004657e+03
2.498633381294964238e+03 -1.793380000000004657e+03
2.512437985611511067e+03 -2.052380000000004657e+03
2.526242589928057896e+03 -3.307380000000004657e+03
2.540047194244604270e+03 -1.568380000000004657e+03
2.553851798561151099e+03 -2.581380000000004657e+03
2.567656402877697928e+03 -1.534380000000004657e+03
2.581461007194244758e+03 4.598619999999995343e+03
2.595265611510791587e+03 -1.168380000000004657e+03
2.609070215827338416e+03 -6.043800000000046566e+02
2.622874820143885245e+03 -1.107380000000004657e+03
2.636679424460431619e+03 -2.099380000000004657e+03
2.650484028776978448e+03 -1.436380000000004657e+03
2.664288633093525277e+03 -1.792380000000004657e+03
2.678093237410072106e+03 -1.597380000000004657e+03
2.691897841726618935e+03 -1.254380000000004657e+03
2.705702446043165764e+03 -1.972380000000004657e+03
2.719507050359712593e+03 -9.743800000000046566e+02
2.733311654676258968e+03 -2.237380000000004657e+03
2.747116258992805797e+03 -2.024380000000004657e+03
2.760920863309352626e+03 -1.990380000000004657e+03
2.774725467625899455e+03 -2.467380000000004657e+03
2.788530071942446284e+03 -2.345380000000004657e+03
2.802334676258993113e+03 -2.025380000000004657e+03
2.816139280575539942e+03 -2.040380000000004657e+03
2.829943884892086317e+03 -1.293380000000004657e+03
2.843748489208633146e+03 -1.935380000000004657e+03
2.857553093525179975e+03 -2.211380000000004657e+03
2.871357697841726804e+03 -2.020380000000004657e+03
2.885162302158273633e+03 -2.554380000000004657e+03
2.898966906474820462e+03 -3.100380000000004657e+03
2.912771510791367291e+03 -3.149380000000004657e+03
2.926576115107913665e+03 -2.468380000000004657e+03
2.940380719424460494e+03 -1.752380000000004657e+03
2.954185323741007323e+03 -1.707380000000004657e+03
2.967989928057554152e+03 -2.358380000000004657e+03
2.981794532374100982e+03 -3.277380000000004657e+03
2.995599136690647811e+03 -2.933380000000004657e+03
3.009403741007194185e+03 -2.436380000000004657e+03
3.023208345323741014e+03 -1.501380000000004657e+03
3.037012949640287843e+03 -1.286380000000004657e+03
3.050817553956834672e+03 -1.949380000000004657e+03
3.064622158273381501e+03 -2.255380000000004657e+03
3.078426762589928330e+03 -2.210380000000004657e+03
3.092231366906475159e+03 -2.559380000000004657e+03
3.106035971223021534e+03 -1.792380000000004657e+03
3.119840575539568363e+03 -1.453380000000004657e+03
3.133645179856115192e+03 -2.223380000000004657e+03
3.147449784172662021e+03 -2.727380000000004657e+03
3.161254388489208850e+03 -2.284380000000004657e+03
3.175058992805755679e+03 -1.813380000000004657e+03
3.188863597122302508e+03 -1.794380000000004657e+03
3.202668201438848882e+03 -2.305380000000004657e+03
3.216472805755395711e+03 -1.928380000000004657e+03
3.230277410071942541e+03 -1.903380000000004657e+03
3.244082014388489370e+03 -2.158380000000004657e+03
3.257886618705036199e+03 -1.651380000000004657e+03
3.271691223021583028e+03 -1.709380000000004657e+03
3.285495827338129857e+03 -1.725380000000004657e+03
3.299300431654676231e+03 -1.495380000000004657e+03
3.313105035971223060e+03 -1.598380000000004657e+03
3.326909640287769889e+03 -1.523380000000004657e+03
3.340714244604316718e+03 -1.387380000000004657e+03
3.354518848920863547e+03 -1.851380000000004657e+03
3.368323453237410376e+03 -6.313800000000046566e+02
3.382128057553957206e+03 -1.775380000000004657e+03
3.395932661870503580e+03 -1.722380000000004657e+03
3.409737266187050409e+03 -1.808380000000004657e+03
3.423541870503597238e+03 -1.425380000000004657e+03
3.437346474820144067e+03 -1.451380000000004657e+03
3.451151079136690896e+03 -1.478380000000004657e+03
3.464955683453237725e+03 -6.203800000000046566e+02
3.478760287769784554e+03 -1.650380000000004657e+03
3.492564892086330929e+03 -1.313380000000004657e+03
3.506369496402877758e+03 -1.512380000000004657e+03
3.520174100719424587e+03 -1.757380000000004657e+03
3.533978705035971416e+03 -1.866380000000004657e+03
3.547783309352518245e+03 -1.333380000000004657e+03
3.561587913669065074e+03 -9.263800000000046566e+02
3.575392517985611903e+03 -1.601380000000004657e+03
3.589197122302158277e+03 -1.238380000000004657e+03
3.603001726618705106e+03 -1.169380000000004657e+03
3.616806330935251935e+03 -1.588380000000004657e+03
3.630610935251798765e+03 -1.656380000000004657e+03
3.644415539568345594e+03 -1.228380000000004657e+03
3.658220143884892423e+03 -1.269380000000004657e+03
3.672024748201439252e+03 7.619999999995343387e+00
3.685829352517985626e+03 -3.053800000000046566e+02
3.699633956834532455e+03 -1.055380000000004657e+03
3.713438561151079284e+03 3.206199999999953434e+02
3.727243165467626113e+03 7.361999999999534339e+01
3.741047769784172942e+03 -5.953800000000046566e+02
3.754852374100719771e+03 -1.016380000000004657e+03
3.768656978417266600e+03 2.036199999999953434e+02
3.782461582733812975e+03 -4.133800000000046566e+02
3.796266187050359804e+03 -7.773800000000046566e+02
3.810070791366906633e+03 -1.214380000000004657e+03
3.823875395683453462e+03 -1.446380000000004657e+03
3.837680000000000291e+03 -7.703800000000046566e+02
3.851484604316547120e+03 -1.242380000000004657e+03
3.865289208633093949e+03 -2.193800000000046566e+02
3.879093812949640323e+03 3.256199999999953434e+02
3.892898417266187153e+03 8.761999999999534339e+01
3.906703021582733982e+03 7.696199999999953434e+02
3.920507625899280811e+03 -3.513800000000046566e+02
3.934312230215827640e+03 -2.023800000000046566e+02
3.948116834532374469e+03 -4.953800000000046566e+02
3.961921438848921298e+03 -1.175380000000004657e+03
3.975726043165467672e+03 -1.017380000000004657e+03
3.989530647482014501e+03 -5.273800000000046566e+02
4.003335251798561330e+03 3.261999999999534339e+01
4.017139856115108159e+03 -3.338000000000465661e+01
4.030944460431654988e+03 -7.073800000000046566e+02
4.044749064748201818e+03 -9.663800000000046566e+02
4.058553669064748647e+03 -6.873800000000046566e+02
4.072358273381295021e+03 9.961999999999534339e+01
4.086162877697841850e+03 -1.543800000000046566e+02
4.099967482014389134e+03 -3.853800000000046566e+02
4.113772086330935053e+03 -4.493800000000046566e+02
4.127576690647481882e+03 -8.723800000000046566e+02
4.141381294964028712e+03 -2.723800000000046566e+02
4.155185899280575541e+03 2.616199999999953434e+02
4.168990503597122370e+03 5.356199999999953434e+02
4.182795107913669199e+03 1.734619999999995343e+03
4.196599712230216028e+03 7.266199999999953434e+02
4.210404316546762857e+03 4.776199999999953434e+02
4.224208920863309686e+03 -4.013800000000046566e+02
4.238013525179856515e+03 2.056199999999953434e+02
4.251818129496403344e+03 3.106199999999953434e+02
4.265622733812950173e+03 5.056199999999953434e+02
4.279427338129497002e+03 2.896199999999953434e+02
4.293231942446043831e+03 3.746199999999953434e+02
4.307036546762589751e+03 1.726199999999953434e+02
4.320841151079136580e+03 1.926199999999953434e+02
4.334645755395683409e+03 2.886199999999953434e+02
4.348450359712230238e+03 -1.373800000000046566e+02
4.362254964028777067e+03 5.866199999999953434e+02
4.376059568345323896e+03 4.386199999999953434e+02
4.389864172661870725e+03 3.499619999999995343e+03
4.403668776978417554e+03 -5.523800000000046566e+02
4.417473381294964383e+03 1.761999999999534339e+01
4.431277985611511212e+03 9.826199999999953434e+02
4.445082589928058042e+03 2.306199999999953434e+02
4.458887194244604871e+03 6.861999999999534339e+01
4.472691798561151700e+03 1.100619999999995343e+03
4.486496402877698529e+03 9.146199999999953434e+02
4.500301007194244448e+03 1.245619999999995343e+03
4.514105611510791277e+03 6.426199999999953434e+02
4.527910215827338106e+03 1.256619999999995343e+03
4.541714820143884936e+03 6.726199999999953434e+02
4.555519424460431765e+03 1.320619999999995343e+03
4.569324028776978594e+03 8.786199999999953434e+02
4.583128633093525423e+03 4.346199999999953434e+02
4.596933237410072252e+03 1.192619999999995343e+03
4.610737841726619081e+03 1.811619999999995343e+03
4.624542446043165910e+03 6.206199999999953434e+02
4.638347050359712739e+03 1.179619999999995343e+03
4.652151654676259568e+03 1.532619999999995343e+03
4.665956258992806397e+03 1.193619999999995343e+03
4.679760863309353226e+03 1.010619999999995343e+03
4.693565467625899146e+03 3.426199999999953434e+02
4.707370071942445975e+03 2.245619999999995343e+03
4.721174676258992804e+03 7.486199999999953434e+02
4.734979280575539633e+03 2.456199999999953434e+02
4.748783884892086462e+03 7.436199999999953434e+02
4.762588489208633291e+03 7.296199999999953434e+02
4.776393093525180120e+03 3.276199999999953434e+02
4.790197697841726949e+03 1.055619999999995343e+03
4.804002302158273778e+03 7.666199999999953434e+02
4.817806906474820607e+03 1.906199999999953434e+02
4.831611510791367436e+03 9.516199999999953434e+02
4.845416115107914266e+03 6.406199999999953434e+02
4.859220719424461095e+03 1.330619999999995343e+03
4.873025323741007014e+03 7.306199999999953434e+02
4.886829928057553843e+03 4.046199999999953434e+02
4.900634532374100672e+03 4.946199999999953434e+02
4.914439136690647501e+03 3.816199999999953434e+02
4.928243741007194330e+03 9.266199999999953434e+02
4.942048345323741160e+03 -9.938000000000465661e+01
4.955852949640287989e+03 1.055619999999995343e+03
4.969657553956834818e+03 6.566199999999953434e+02
4.983462158273381647e+03 1.386619999999995343e+03
4.997266762589928476e+03 4.116199999999953434e+02
5.011071366906475305e+03 6.616199999999953434e+02
5.024875971223022134e+03 6.576199999999953434e+02
5.038680575539568963e+03 4.686199999999953434e+02
5.052485179856115792e+03 4.456199999999953434e+02
5.066289784172661712e+03 1.603619999999995343e+03
5.080094388489208541e+03 8.376199999999953434e+02
5.093898992805755370e+03 1.404619999999995343e+03
5.107703597122302199e+03 1.167619999999995343e+03
5.121508201438849028e+03 1.633619999999995343e+03
5.135312805755395857e+03 9.446199999999953434e+02
5.149117410071942686e+03 4.326199999999953434e+02
5.162922014388489515e+03 6.266199999999953434e+02
5.176726618705036344e+03 -5.276380000000004657e+03
5.190531223021583173e+03 -1.214338000000000466e+04
5.204335827338130002e+03 -1.216538000000000466e+04
5.218140431654676831e+03 -1.238238000000000466e+04
5.231945035971223660e+03 -1.229838000000000466e+04
5.245749640287770490e+03 -1.215038000000000466e+04
5.259554244604316409e+03 -1.200938000000000466e+04
5.273358848920863238e+03 -1.220538000000000466e+04
5.287163453237410067e+03 -1.232638000000000466e+04
5.300968057553956896e+03 -1.212138000000000466e+04
5.314772661870503725e+03 -1.213438000000000466e+04
5.328577266187050554e+03 -1.214238000000000466e+04
5.342381870503597384e+03 -1.232238000000000466e+04
5.356186474820144213e+03 -1.216838000000000466e+04
5.369991079136691042e+03 -1.232038000000000466e+04
5.383795683453237871e+03 -1.246038000000000466e+04
5.397600287769784700e+03 -1.211438000000000466e+04
5.411404892086331529e+03 -1.212838000000000466e+04
5.425209496402878358e+03 -1.238238000000000466e+04
5.439014100719425187e+03 -1.206238000000000466e+04
5.452818705035971107e+03 -1.235038000000000466e+04
5.466623309352517936e+03 -1.224338000000000466e+04
5.480427913669064765e+03 -1.217038000000000466e+04
5.494232517985611594e+03 -1.210038000000000466e+04
