-1.324750747330960621e+03 -5.416300000000046566e+02
-1.311093523131672555e+03 -6.433630000000004657e+03
-1.297436298932384261e+03 -7.447630000000004657e+03
-1.283779074733095968e+03 -7.998630000000004657e+03
-1.270121850533807674e+03 -8.505630000000004657e+03
-1.256464626334519380e+03 -8.781630000000004657e+03
-1.242807402135231087e+03 -8.972630000000004657e+03
-1.229150177935943020e+03 -9.120630000000004657e+03
-1.215492953736654727e+03 -9.691630000000004657e+03
-1.201835729537366433e+03 -9.773630000000004657e+03
-1.188178505338078139e+03 -1.003163000000000466e+04
-1.174521281138789845e+03 -1.002563000000000466e+04
-1.160864056939501552e+03 -5.121630000000004657e+03
-1.147206832740213486e+03 6.353699999999953434e+02
-1.133549608540925192e+03 7.636999999999534339e+01
-1.119892384341636898e+03 -1.396300000000046566e+02
-1.106235160142348604e+03 -7.630000000004656613e+00
-1.092577935943060311e+03 3.067369999999995343e+03
-1.078920711743772017e+03 1.916369999999995343e+03
-1.065263487544483951e+03 -8.776300000000046566e+02
-1.051606263345195657e+03 -3.326300000000046566e+02
-1.037949039145907363e+03 -7.276300000000046566e+02
-1.024291814946619070e+03 -5.166300000000046566e+02
-1.010634590747330890e+03 2.348369999999995343e+03
-9.969773665480425962e+02 -8.906300000000046566e+02
-9.833201423487543025e+02 -1.276300000000046566e+02
-9.696629181494661225e+02 3.603699999999953434e+02
-9.560056939501778288e+02 -1.268630000000004657e+03
-9.423484697508895351e+02 -1.996300000000046566e+02
-9.286912455516013551e+02 -7.116300000000046566e+02
-9.150340213523130615e+02 -5.186300000000046566e+02
-9.013767971530247678e+02 -5.976300000000046566e+02
-8.877195729537365878e+02 -8.806300000000046566e+02
-8.740623487544482941e+02 -1.128630000000004657e+03
-8.604051245551600005e+02 -1.401630000000004657e+03
-8.467479003558718205e+02 -9.276300000000046566e+02
-8.330906761565835268e+02 -5.366300000000046566e+02
-8.194334519572952331e+02 -8.416300000000046566e+02
-8.057762277580070531e+02 -2.486300000000046566e+02
-7.921190035587187595e+02 -1.512630000000004657e+03
-7.784617793594304658e+02 -3.046300000000046566e+02
-7.648045551601422858e+02 -4.816300000000046566e+02
-7.511473309608539921e+02 5.736999999999534339e+01
-7.374901067615656984e+02 -1.025630000000004657e+03
-7.238328825622775184e+02 -7.756300000000046566e+02
-7.101756583629892248e+02 -5.746300000000046566e+02
-6.965184341637009311e+02 -7.636300000000046566e+02
-6.828612099644127511e+02 -4.626300000000046566e+02
-6.692039857651244574e+02 -8.426300000000046566e+02
-6.555467615658362774e+02 -4.096300000000046566e+02
-6.418895373665479838e+02 -8.306300000000046566e+02
-6.282323131672596901e+02 -6.826300000000046566e+02
-6.145750889679715101e+02 -8.296300000000046566e+02
-6.009178647686832164e+02 -3.363000000000465661e+01
-5.872606405693949227e+02 -2.563000000000465661e+01
-5.736034163701067428e+02 -1.193630000000004657e+03
-5.599461921708184491e+02 -1.129630000000004657e+03
-5.462889679715301554e+02 -7.516300000000046566e+02
-5.326317437722419754e+02 -1.407630000000004657e+03
-5.189745195729536817e+02 -1.691630000000004657e+03
-5.053172953736654449e+02 -1.483630000000004657e+03
-4.916600711743771512e+02 -4.886300000000046566e+02
-4.780028469750889144e+02 -1.438630000000004657e+03
-4.643456227758006776e+02 -7.336300000000046566e+02
-4.506883985765123839e+02 -1.197630000000004657e+03
-4.370311743772241471e+02 -4.756300000000046566e+02
-4.233739501779359102e+02 -1.400630000000004657e+03
-4.097167259786476166e+02 -8.476300000000046566e+02
-3.960595017793593797e+02 -1.459630000000004657e+03
-3.824022775800711429e+02 -1.153630000000004657e+03
-3.687450533807828492e+02 -1.039630000000004657e+03
-3.550878291814946124e+02 -1.703630000000004657e+03
-3.414306049822063756e+02 -1.138630000000004657e+03
-3.277733807829181387e+02 -4.116300000000046566e+02
-3.141161565836298450e+02 -9.716300000000046566e+02
-3.004589323843416082e+02 -1.544630000000004657e+03
-2.868017081850533714e+02 -8.336300000000046566e+02
-2.731444839857650777e+02 -4.296300000000046566e+02
-2.594872597864768409e+02 -1.112630000000004657e+03
-2.458300355871885756e+02 -9.806300000000046566e+02
-2.321728113879003388e+02 -1.073630000000004657e+03
-2.185155871886120735e+02 -1.589630000000004657e+03
-2.048583629893238083e+02 -6.836300000000046566e+02
-1.912011387900355714e+02 -1.081630000000004657e+03
-1.775439145907473062e+02 -9.496300000000046566e+02
-1.638866903914590694e+02 -8.376300000000046566e+02
-1.502294661921708041e+02 -9.346300000000046566e+02
-1.365722419928825389e+02 -9.076300000000046566e+02
-1.229150177935942878e+02 -6.426300000000046566e+02
-1.092577935943060368e+02 -2.696300000000046566e+02
-9.560056939501778572e+01 8.936999999999534339e+01
-8.194334519572953468e+01 2.923699999999953434e+02
-6.828612099644126943e+01 1.464369999999995343e+03
-5.462889679715301838e+01 4.656369999999995343e+03
-4.097167259786476734e+01 1.100736999999999534e+04
-2.731444839857650919e+01 2.531736999999999534e+04
-1.365722419928825460e+01 5.345536999999999534e+04
0.000000000000000000e+00 1.015673699999999953e+05
1.365722419928825460e+01 1.800333699999999953e+05
2.731444839857650919e+01 2.915443699999999953e+05
4.097167259786476734e+01 4.291903699999999953e+05
5.462889679715301838e+01 6.010673699999999953e+05
6.828612099644126943e+01 8.041153699999999953e+05
8.194334519572953468e+01 1.020289369999999995e+06
9.560056939501778572e+01 1.244680370000000112e+06
1.092577935943060368e+02 1.471732370000000112e+06
1.229150177935942878e+02 1.698022370000000112e+06
1.365722419928825389e+02 1.926237370000000112e+06
1.502294661921708041e+02 2.172696370000000112e+06
1.638866903914590694e+02 2.420898370000000112e+06
1.775439145907473062e+02 2.645884370000000112e+06
1.912011387900355714e+02 2.873635370000000112e+06
2.048583629893238083e+02 3.084015370000000112e+06
2.185155871886120735e+02 3.261934370000000112e+06
2.321728113879003388e+02 3.419054370000000112e+06
2.458300355871885756e+02 3.589544370000000112e+06
2.594872597864768409e+02 3.730667370000000112e+06
2.731444839857650777e+02 3.844880370000000112e+06
2.868017081850533714e+02 3.945803370000000112e+06
3.004589323843416082e+02 4.041989370000000112e+06
3.141161565836298450e+02 4.096977370000000112e+06
3.277733807829181387e+02 4.136377370000000112e+06
3.414306049822063756e+02 4.149625370000000112e+06
3.550878291814946124e+02 4.175358370000000112e+06
3.687450533807828492e+02 4.178168370000000112e+06
3.824022775800711429e+02 4.151756370000000112e+06
3.960595017793593797e+02 4.124677370000000112e+06
4.097167259786476166e+02 4.101063370000000112e+06
4.233739501779359102e+02 4.087084370000000112e+06
4.370311743772241471e+02 4.059877370000000112e+06
4.506883985765123839e+02 4.040728370000000112e+06
4.643456227758006776e+02 4.054594370000000112e+06
4.780028469750889144e+02 4.068425370000000112e+06
4.916600711743771512e+02 4.068049370000000112e+06
5.053172953736654449e+02 4.071804370000000112e+06
5.189745195729536817e+02 4.047883370000000112e+06
5.326317437722419754e+02 4.021889370000000112e+06
5.462889679715301554e+02 3.985351370000000112e+06
5.599461921708184491e+02 3.962787370000000112e+06
5.736034163701067428e+02 3.953700370000000112e+06
5.872606405693949227e+02 3.936860370000000112e+06
6.009178647686832164e+02 3.910904370000000112e+06
6.145750889679715101e+02 3.876814370000000112e+06
6.282323131672596901e+02 3.840517370000000112e+06
6.418895373665479838e+02 3.809484370000000112e+06
6.555467615658362774e+02 3.756531370000000112e+06
6.692039857651244574e+02 3.684422370000000112e+06
6.828612099644127511e+02 3.605448370000000112e+06
6.965184341637009311e+02 3.499822370000000112e+06
7.101756583629892248e+02 3.356202370000000112e+06
7.238328825622775184e+02 3.176224370000000112e+06
7.374901067615656984e+02 2.986405370000000112e+06
7.511473309608539921e+02 2.791089370000000112e+06
7.648045551601422858e+02 2.574432370000000112e+06
7.784617793594304658e+02 2.341475370000000112e+06
7.921190035587187595e+02 2.115397370000000112e+06
8.057762277580070531e+02 1.883892370000000112e+06
8.194334519572952331e+02 1.662781370000000112e+06
8.330906761565835268e+02 1.441401370000000112e+06
8.467479003558718205e+02 1.245241370000000112e+06
8.604051245551600005e+02 1.063992370000000112e+06
8.740623487544482941e+02 8.896653699999999953e+05
8.877195729537365878e+02 7.277963699999999953e+05
9.013767971530247678e+02 5.802483699999999953e+05
9.150340213523130615e+02 4.488193699999999953e+05
9.286912455516013551e+02 3.378453699999999953e+05
9.423484697508895351e+02 2.503653699999999953e+05
9.560056939501778288e+02 1.812353699999999953e+05
9.696629181494661225e+02 1.277793699999999953e+05
9.833201423487543025e+02 8.917336999999999534e+04
9.969773665480425962e+02 6.496436999999999534e+04
1.010634590747330890e+03 5.004936999999999534e+04
1.024291814946619070e+03 4.015336999999999534e+04
1.037949039145907363e+03 3.524236999999999534e+04
1.051606263345195657e+03 3.198036999999999534e+04
1.065263487544483951e+03 3.294836999999999534e+04
1.078920711743772017e+03 3.212736999999999534e+04
1.092577935943060311e+03 2.968836999999999534e+04
1.106235160142348604e+03 2.897936999999999534e+04
1.119892384341636898e+03 2.771936999999999534e+04
1.133549608540925192e+03 2.652036999999999534e+04
1.147206832740213486e+03 2.593336999999999534e+04
1.160864056939501552e+03 2.447136999999999534e+04
1.174521281138789845e+03 2.235736999999999534e+04
1.188178505338078139e+03 2.212236999999999534e+04
1.201835729537366433e+03 2.251436999999999534e+04
1.215492953736654727e+03 1.884436999999999534e+04
1.229150177935943020e+03 1.872236999999999534e+04
1.242807402135231087e+03 1.791436999999999534e+04
1.256464626334519380e+03 1.609136999999999534e+04
1.270121850533807674e+03 1.447536999999999534e+04
1.283779074733095968e+03 1.467436999999999534e+04
1.297436298932384261e+03 1.589536999999999534e+04
1.311093523131672555e+03 1.237536999999999534e+04
1.324750747330960621e+03 1.090236999999999534e+04
1.338407971530248915e+03 9.355369999999995343e+03
1.352065195729537209e+03 9.296369999999995343e+03
1.365722419928825502e+03 8.626369999999995343e+03
1.379379644128113796e+03 8.794369999999995343e+03
1.393036868327401862e+03 7.506369999999995343e+03
1.406694092526690156e+03 5.458369999999995343e+03
1.420351316725978450e+03 5.823369999999995343e+03
1.434008540925266743e+03 4.739369999999995343e+03
1.447665765124555037e+03 3.114369999999995343e+03
1.461322989323843331e+03 3.013369999999995343e+03
1.474980213523131397e+03 3.084369999999995343e+03
1.488637437722419691e+03 3.196369999999995343e+03
1.502294661921707984e+03 2.639369999999995343e+03
1.515951886120996278e+03 2.746369999999995343e+03
1.529609110320284572e+03 1.626369999999995343e+03
1.543266334519572865e+03 1.986369999999995343e+03
1.556923558718860932e+03 3.397369999999995343e+03
1.570580782918149225e+03 1.107369999999995343e+03
1.584238007117437519e+03 6.023699999999953434e+02
1.597895231316725813e+03 9.733699999999953434e+02
1.611552455516014106e+03 9.036999999999534339e+01
1.625209679715302400e+03 6.323699999999953434e+02
1.638866903914590466e+03 -6.686300000000046566e+02
1.652524128113878760e+03 -1.210630000000004657e+03
1.666181352313167054e+03 -7.156300000000046566e+02
1.679838576512455347e+03 -6.476300000000046566e+02
1.693495800711743641e+03 -7.866300000000046566e+02
1.707153024911031935e+03 -1.085630000000004657e+03
1.720810249110320001e+03 -1.200630000000004657e+03
1.734467473309608295e+03 -1.536630000000004657e+03
1.748124697508896588e+03 -1.514630000000004657e+03
1.761781921708184882e+03 -1.349630000000004657e+03
1.775439145907473176e+03 -2.002630000000004657e+03
1.789096370106761242e+03 -1.832630000000004657e+03
1.802753594306049536e+03 -1.099630000000004657e+03
1.816410818505337829e+03 -1.045630000000004657e+03
1.830068042704626123e+03 -6.586300000000046566e+02
1.843725266903914417e+03 -1.234630000000004657e+03
1.857382491103202710e+03 -2.436300000000046566e+02
1.871039715302490777e+03 -1.507630000000004657e+03
1.884696939501779070e+03 -1.626300000000046566e+02
1.898354163701067364e+03 -8.266300000000046566e+02
1.912011387900355658e+03 -1.113630000000004657e+03
1.925668612099643951e+03 -1.816300000000046566e+02
1.939325836298932245e+03 -2.416630000000004657e+03
1.952983060498220311e+03 -1.937630000000004657e+03
1.966640284697508605e+03 -1.534630000000004657e+03
1.980297508896796899e+03 -1.766630000000004657e+03
1.993954733096085192e+03 -1.808630000000004657e+03
2.007611957295373486e+03 -1.293630000000004657e+03
2.021269181494661780e+03 -1.571630000000004657e+03
2.034926405693949846e+03 -1.570630000000004657e+03
2.048583629893238140e+03 -1.592630000000004657e+03
2.062240854092526661e+03 -1.115630000000004657e+03
2.075898078291814727e+03 -1.894630000000004657e+03
2.089555302491102793e+03 -1.422630000000004657e+03
2.103212526690391314e+03 -1.674630000000004657e+03
2.116869750889679381e+03 -1.872630000000004657e+03
2.130526975088967902e+03 -1.528630000000004657e+03
2.144184199288255968e+03 -2.133630000000004657e+03
2.157841423487544034e+03 -1.364630000000004657e+03
2.171498647686832555e+03 3.103699999999953434e+02
2.185155871886120622e+03 -1.463630000000004657e+03
2.198813096085409143e+03 -1.161630000000004657e+03
2.212470320284697209e+03 -1.711630000000004657e+03
2.226127544483985275e+03 -1.568630000000004657e+03
2.239784768683273796e+03 -1.311630000000004657e+03
2.253441992882561863e+03 -1.507630000000004657e+03
2.267099217081850384e+03 -9.416300000000046566e+02
2.280756441281138450e+03 -1.764630000000004657e+03
2.294413665480426971e+03 -1.642630000000004657e+03
2.308070889679715037e+03 -1.798630000000004657e+03
2.321728113879003104e+03 -1.564630000000004657e+03
2.335385338078291625e+03 -1.034630000000004657e+03
2.349042562277579691e+03 -1.311630000000004657e+03
2.362699786476868212e+03 -1.019630000000004657e+03
2.376357010676156278e+03 -1.735630000000004657e+03
2.390014234875444345e+03 -1.227630000000004657e+03
2.403671459074732866e+03 -1.694630000000004657e+03
2.417328683274020932e+03 -1.281630000000004657e+03
2.430985907473309453e+03 -8.976300000000046566e+02
2.444643131672597519e+03 -1.252630000000004657e+03
2.458300355871886040e+03 -1.725630000000004657e+03
2.471957580071174107e+03 -1.978630000000004657e+03
2.485614804270462173e+03 -1.912630000000004657e+03
2.499272028469750694e+03 -2.242630000000004657e+03
2.512929252669038760e+03 -1.318630000000004657e+03
2.526586476868327281e+03 -1.477630000000004657e+03
2.540243701067615348e+03 -1.622630000000004657e+03
2.553900925266903414e+03 -1.546630000000004657e+03
2.567558149466191935e+03 -5.556300000000046566e+02
2.581215373665480001e+03 -1.569630000000004657e+03
2.594872597864768522e+03 -1.049630000000004657e+03
2.608529822064056589e+03 -1.751630000000004657e+03
2.622187046263345110e+03 -2.302630000000004657e+03
2.635844270462633176e+03 -1.513630000000004657e+03
2.649501494661921242e+03 -2.003630000000004657e+03
2.663158718861209763e+03 -1.561630000000004657e+03
2.676815943060497830e+03 -1.287630000000004657e+03
2.690473167259786351e+03 -2.349630000000004657e+03
2.704130391459074417e+03 -2.123630000000004657e+03
2.717787615658362483e+03 -1.046630000000004657e+03
2.731444839857651004e+03 -8.246300000000046566e+02
2.745102064056939071e+03 -1.254630000000004657e+03
2.758759288256227592e+03 -1.436630000000004657e+03
2.772416512455515658e+03 -2.005630000000004657e+03
2.786073736654803724e+03 -9.436300000000046566e+02
2.799730960854092245e+03 -1.909630000000004657e+03
2.813388185053380312e+03 -1.276630000000004657e+03
2.827045409252668833e+03 -1.115630000000004657e+03
2.840702633451956899e+03 -1.874630000000004657e+03
2.854359857651245420e+03 -9.196300000000046566e+02
2.868017081850533486e+03 -1.505630000000004657e+03
2.881674306049821553e+03 -2.552630000000004657e+03
2.895331530249110074e+03 -1.920630000000004657e+03
2.908988754448398140e+03 -1.466630000000004657e+03
2.922645978647686661e+03 -2.069630000000004657e+03
2.936303202846974727e+03 -2.553630000000004657e+03
2.949960427046262794e+03 -2.286630000000004657e+03
2.963617651245551315e+03 -1.362630000000004657e+03
2.977274875444839381e+03 -1.761630000000004657e+03
2.990932099644127902e+03 -1.278630000000004657e+03
3.004589323843415968e+03 -1.440630000000004657e+03
3.018246548042704489e+03 -1.560630000000004657e+03
3.031903772241992556e+03 -2.086630000000004657e+03
3.045560996441280622e+03 -1.450630000000004657e+03
3.059218220640569143e+03 -2.420630000000004657e+03
3.072875444839857209e+03 -2.143630000000004657e+03
3.086532669039145730e+03 -2.042630000000004657e+03
3.100189893238433797e+03 -1.865630000000004657e+03
3.113847117437721863e+03 -2.756630000000004657e+03
3.127504341637010384e+03 -1.904630000000004657e+03
3.141161565836298450e+03 -2.659630000000004657e+03
3.154818790035586971e+03 -1.776630000000004657e+03
3.168476014234875038e+03 -2.179630000000004657e+03
3.182133238434163104e+03 -1.597630000000004657e+03
3.195790462633451625e+03 -1.527630000000004657e+03
3.209447686832739691e+03 -2.417630000000004657e+03
3.223104911032028213e+03 -5.256300000000046566e+02
3.236762135231316279e+03 -2.333630000000004657e+03
3.250419359430604800e+03 -1.977630000000004657e+03
3.264076583629892866e+03 -9.016300000000046566e+02
3.277733807829180932e+03 -1.607630000000004657e+03
3.291391032028469454e+03 -4.166300000000046566e+02
3.305048256227757520e+03 -9.266300000000046566e+02
3.318705480427046041e+03 -1.566630000000004657e+03
3.332362704626334107e+03 -1.738630000000004657e+03
3.346019928825622173e+03 -2.234630000000004657e+03
3.359677153024910695e+03 -1.825630000000004657e+03
3.373334377224198761e+03 -1.009630000000004657e+03
3.386991601423487282e+03 -1.801630000000004657e+03
3.400648825622775348e+03 -1.000630000000004657e+03
3.414306049822063869e+03 -1.369630000000004657e+03
3.427963274021351936e+03 -8.046300000000046566e+02
3.441620498220640002e+03 -1.529630000000004657e+03
3.455277722419928523e+03 -1.985630000000004657e+03
3.468934946619216589e+03 -1.683630000000004657e+03
3.482592170818505110e+03 -5.986300000000046566e+02
3.496249395017793177e+03 -1.609630000000004657e+03
3.509906619217081243e+03 -7.556300000000046566e+02
3.523563843416369764e+03 -1.768630000000004657e+03
3.537221067615657830e+03 -2.022630000000004657e+03
3.550878291814946351e+03 -1.374630000000004657e+03
3.564535516014234418e+03 -1.641630000000004657e+03
3.578192740213522484e+03 -1.985630000000004657e+03
3.591849964412811005e+03 -2.145630000000004657e+03
3.605507188612099071e+03 -1.866630000000004657e+03
3.619164412811387592e+03 -9.286300000000046566e+02
3.632821637010675659e+03 -3.566300000000046566e+02
3.646478861209964180e+03 -1.209630000000004657e+03
3.660136085409252246e+03 -1.537630000000004657e+03
3.673793309608540312e+03 -1.762630000000004657e+03
3.687450533807828833e+03 -1.659630000000004657e+03
3.701107758007116900e+03 -6.566300000000046566e+02
3.714764982206405421e+03 -6.866300000000046566e+02
3.728422206405693487e+03 -1.006630000000004657e+03
3.742079430604981553e+03 -1.346630000000004657e+03
3.755736654804270074e+03 -7.456300000000046566e+02
3.769393879003558141e+03 -1.192630000000004657e+03
3.783051103202846662e+03 -9.976300000000046566e+02
3.796708327402134728e+03 -8.226300000000046566e+02
3.810365551601423249e+03 -1.892630000000004657e+03
3.824022775800711315e+03 -1.620630000000004657e+03
3.837679999999999382e+03 -1.260630000000004657e+03
3.851337224199287903e+03 -1.160630000000004657e+03
3.864994448398575969e+03 -9.936300000000046566e+02
3.878651672597864490e+03 -1.497630000000004657e+03
3.892308896797152556e+03 -1.084630000000004657e+03
3.905966120996440623e+03 -1.473630000000004657e+03
3.919623345195729144e+03 -1.663630000000004657e+03
3.933280569395017210e+03 -1.536300000000046566e+02
3.946937793594305731e+03 -9.630000000004656613e+00
3.960595017793593797e+03 -2.116300000000046566e+02
3.974252241992881864e+03 -4.466300000000046566e+02
3.987909466192170385e+03 -8.406300000000046566e+02
4.001566690391458451e+03 -1.114630000000004657e+03
4.015223914590746972e+03 -7.326300000000046566e+02
4.028881138790035038e+03 -1.114630000000004657e+03
4.042538362989323559e+03 -5.876300000000046566e+02
4.056195587188611626e+03 -1.327630000000004657e+03
4.069852811387899692e+03 -1.064630000000004657e+03
4.083510035587188213e+03 -1.719630000000004657e+03
4.097167259786476279e+03 -1.485630000000004657e+03
4.110824483985764346e+03 -1.156630000000004657e+03
4.124481708185053321e+03 -1.145630000000004657e+03
4.138138932384341388e+03 -9.926300000000046566e+02
4.151796156583629454e+03 -1.457630000000004657e+03
4.165453380782917520e+03 -1.464630000000004657e+03
4.179110604982205587e+03 -1.594630000000004657e+03
4.192767829181494562e+03 -1.657630000000004657e+03
4.206425053380782629e+03 -1.073630000000004657e+03
4.220082277580070695e+03 -1.254630000000004657e+03
4.233739501779358761e+03 -9.146300000000046566e+02
4.247396725978646828e+03 -1.385630000000004657e+03
4.261053950177935803e+03 -1.529630000000004657e+03
4.274711174377223870e+03 -8.806300000000046566e+02
4.288368398576511936e+03 -1.308630000000004657e+03
4.302025622775800002e+03 -1.482630000000004657e+03
4.315682846975088069e+03 -1.118630000000004657e+03
4.329340071174377044e+03 -1.033630000000004657e+03
4.342997295373665111e+03 -1.736300000000046566e+02
4.356654519572953177e+03 -6.736300000000046566e+02
4.370311743772241243e+03 -1.713630000000004657e+03
4.383968967971529310e+03 -7.363000000000465661e+01
4.397626192170818285e+03 -6.676300000000046566e+02
4.411283416370106352e+03 -1.489630000000004657e+03
4.424940640569394418e+03 -1.342630000000004657e+03
4.438597864768682484e+03 -5.596300000000046566e+02
4.452255088967970551e+03 -7.256300000000046566e+02
4.465912313167259526e+03 -7.576300000000046566e+02
4.479569537366547593e+03 -6.916300000000046566e+02
4.493226761565835659e+03 -1.312630000000004657e+03
4.506883985765123725e+03 -5.716300000000046566e+02
4.520541209964412701e+03 -1.977630000000004657e+03
4.534198434163700767e+03 -8.096300000000046566e+02
4.547855658362988834e+03 1.133699999999953434e+02
4.561512882562276900e+03 -8.816300000000046566e+02
4.575170106761564966e+03 5.543699999999953434e+02
4.588827330960853942e+03 -5.586300000000046566e+02
4.602484555160142008e+03 -9.996300000000046566e+02
4.616141779359430075e+03 -8.446300000000046566e+02
4.629799003558718141e+03 -1.109630000000004657e+03
4.643456227758006207e+03 -9.326300000000046566e+02
4.657113451957295183e+03 -4.326300000000046566e+02
4.670770676156583249e+03 2.213699999999953434e+02
4.684427900355871316e+03 -4.476300000000046566e+02
4.698085124555159382e+03 -7.816300000000046566e+02
4.711742348754447448e+03 -1.034630000000004657e+03
4.725399572953736424e+03 -2.916300000000046566e+02
4.739056797153024490e+03 -2.216300000000046566e+02
4.752714021352312557e+03 -8.106300000000046566e+02
4.766371245551600623e+03 -5.246300000000046566e+02
4.780028469750888689e+03 1.423699999999953434e+02
4.793685693950177665e+03 -3.576300000000046566e+02
4.807342918149465731e+03 -2.316300000000046566e+02
4.821000142348753798e+03 7.436999999999534339e+01
4.834657366548041864e+03 1.823699999999953434e+02
4.848314590747329930e+03 1.387369999999995343e+03
4.861971814946618906e+03 2.683699999999953434e+02
4.875629039145906972e+03 2.443699999999953434e+02
4.889286263345195039e+03 -1.463000000000465661e+01
4.902943487544483105e+03 7.223699999999953434e+02
4.916600711743772081e+03 8.713699999999953434e+02
4.930257935943060147e+03 9.163699999999953434e+02
4.943915160142348213e+03 4.063699999999953434e+02
4.957572384341636280e+03 5.536999999999534339e+01
4.971229608540924346e+03 2.453699999999953434e+02
4.984886832740213322e+03 5.683699999999953434e+02
4.998544056939501388e+03 1.307369999999995343e+03
5.012201281138789454e+03 8.543699999999953434e+02
5.025858505338077521e+03 7.723699999999953434e+02
5.039515729537365587e+03 8.463699999999953434e+02
5.053172953736654563e+03 3.202369999999995343e+03
5.066830177935942629e+03 -1.976300000000046566e+02
5.080487402135230695e+03 3.453699999999953434e+02
5.094144626334518762e+03 3.183699999999953434e+02
5.107801850533806828e+03 2.373699999999953434e+02
5.121459074733095804e+03 -2.956300000000046566e+02
5.135116298932383870e+03 9.503699999999953434e+02
5.148773523131671936e+03 6.503699999999953434e+02
5.162430747330960003e+03 1.910369999999995343e+03
5.176087971530248069e+03 1.010369999999995343e+03
5.189745195729537045e+03 1.520369999999995343e+03
5.203402419928825111e+03 3.983699999999953434e+02
5.217059644128113177e+03 1.031369999999995343e+03
5.230716868327401244e+03 1.197369999999995343e+03
5.244374092526690220e+03 6.463699999999953434e+02
5.258031316725978286e+03 1.935369999999995343e+03
5.271688540925266352e+03 1.558369999999995343e+03
5.285345765124554418e+03 4.843699999999953434e+02
5.299002989323842485e+03 1.052369999999995343e+03
5.312660213523131461e+03 1.453369999999995343e+03
5.326317437722419527e+03 1.143369999999995343e+03
5.339974661921707593e+03 1.535369999999995343e+03
5.353631886120995659e+03 1.201369999999995343e+03
5.367289110320283726e+03 2.258369999999995343e+03
5.380946334519572702e+03 6.153699999999953434e+02
5.394603558718860768e+03 2.723699999999953434e+02
5.408260782918148834e+03 7.303699999999953434e+02
5.421918007117436900e+03 3.843699999999953434e+02
5.435575231316724967e+03 7.913699999999953434e+02
5.449232455516013943e+03 1.545369999999995343e+03
5.462889679715302009e+03 1.023369999999995343e+03
5.476546903914590075e+03 1.783699999999953434e+02
5.490204128113878141e+03 1.322369999999995343e+03
5.503861352313166208e+03 8.293699999999953434e+02
5.517518576512455184e+03 1.014369999999995343e+03
5.531175800711743250e+03 4.813699999999953434e+02
5.544833024911031316e+03 7.783699999999953434e+02
5.558490249110319382e+03 7.043699999999953434e+02
5.572147473309607449e+03 6.353699999999953434e+02
5.585804697508896425e+03 9.583699999999953434e+02
5.599461921708184491e+03 3.783699999999953434e+02
5.613119145907472557e+03 1.396369999999995343e+03
5.626776370106760623e+03 1.420369999999995343e+03
5.640433594306049599e+03 1.607369999999995343e+03
5.654090818505337666e+03 1.093369999999995343e+03
5.667748042704625732e+03 6.273699999999953434e+02
5.681405266903913798e+03 1.103369999999995343e+03
5.695062491103201864e+03 -5.963000000000465661e+01
5.708719715302490840e+03 -1.266300000000046566e+02
5.722376939501778907e+03 1.240369999999995343e+03
5.736034163701066973e+03 5.173699999999953434e+02
5.749691387900355039e+03 2.255369999999995343e+03
5.763348612099643105e+03 1.375369999999995343e+03
5.777005836298932081e+03 1.602369999999995343e+03
5.790663060498220148e+03 1.377369999999995343e+03
5.804320284697508214e+03 1.322369999999995343e+03
5.817977508896796280e+03 1.252369999999995343e+03
5.831634733096084346e+03 -4.920630000000004657e+03
5.845291957295373322e+03 -1.197363000000000466e+04
5.858949181494661389e+03 -1.167363000000000466e+04
5.872606405693949455e+03 -1.179463000000000466e+04
5.886263629893237521e+03 -1.179763000000000466e+04
5.899920854092525587e+03 -1.181463000000000466e+04
5.913578078291814563e+03 -1.186863000000000466e+04
5.927235302491102630e+03 -1.178263000000000466e+04
5.940892526690390696e+03 -1.180663000000000466e+04
5.954549750889678762e+03 -1.167863000000000466e+04
5.968206975088966828e+03 -1.173963000000000466e+04
5.981864199288255804e+03 -1.208263000000000466e+04
5.995521423487543871e+03 -1.162963000000000466e+04
6.009178647686831937e+03 -1.163163000000000466e+04
6.022835871886120003e+03 -1.187663000000000466e+04
6.036493096085408979e+03 -1.161863000000000466e+04
6.050150320284697045e+03 -1.177763000000000466e+04
6.063807544483985112e+03 -1.192363000000000466e+04
6.077464768683273178e+03 -1.184363000000000466e+04
6.091121992882561244e+03 -1.175363000000000466e+04
6.104779217081850220e+03 -1.177463000000000466e+04
6.118436441281138286e+03 -1.156563000000000466e+04
6.132093665480426353e+03 -1.180363000000000466e+04
6.145750889679714419e+03 -1.174263000000000466e+04
