-2.050457184115523432e+03 -1.238929999999993015e+03
-2.036602743682310575e+03 -6.666929999999993015e+03
-2.022748303249097489e+03 -7.771929999999993015e+03
-2.008893862815884404e+03 -8.381929999999993015e+03
-1.995039422382671546e+03 -8.839929999999993015e+03
-1.981184981949458461e+03 -9.423929999999993015e+03
-1.967330541516245603e+03 -9.619929999999993015e+03
-1.953476101083032518e+03 -9.757929999999993015e+03
-1.939621660649819432e+03 -1.000292999999999302e+04
-1.925767220216606574e+03 -9.843929999999993015e+03
-1.911912779783393489e+03 -1.034492999999999302e+04
-1.898058339350180404e+03 -1.041392999999999302e+04
-1.884203898916967546e+03 -5.422929999999993015e+03
-1.870349458483754461e+03 1.550700000000069849e+02
-1.856495018050541603e+03 -7.249299999999930151e+02
-1.842640577617328518e+03 -1.030929999999993015e+03
-1.828786137184115432e+03 -7.469299999999930151e+02
-1.814931696750902574e+03 -1.969299999999930151e+02
-1.801077256317689489e+03 -4.489299999999930151e+02
-1.787222815884476631e+03 -8.819299999999930151e+02
-1.773368375451263546e+03 -9.409299999999930151e+02
-1.759513935018050461e+03 -7.949299999999930151e+02
-1.745659494584837603e+03 -8.669299999999930151e+02
-1.731805054151624518e+03 1.306070000000006985e+03
-1.717950613718411660e+03 -1.320929999999993015e+03
-1.704096173285198574e+03 -1.276929999999993015e+03
-1.690241732851985489e+03 -5.249299999999930151e+02
-1.676387292418772631e+03 -2.214929999999993015e+03
-1.662532851985559546e+03 -1.141929999999993015e+03
-1.648678411552346688e+03 -1.816929999999993015e+03
-1.634823971119133603e+03 -1.560929999999993015e+03
-1.620969530685920517e+03 -1.964929999999993015e+03
-1.607115090252707660e+03 -1.883929999999993015e+03
-1.593260649819494574e+03 -2.481929999999993015e+03
-1.579406209386281489e+03 -2.690929999999993015e+03
-1.565551768953068631e+03 -1.971929999999993015e+03
-1.551697328519855546e+03 -1.647929999999993015e+03
-1.537842888086642688e+03 -1.730929999999993015e+03
-1.523988447653429603e+03 -8.759299999999930151e+02
-1.510134007220216517e+03 -2.353929999999993015e+03
-1.496279566787003660e+03 -1.747929999999993015e+03
-1.482425126353790574e+03 -2.575929999999993015e+03
-1.468570685920577716e+03 -1.272929999999993015e+03
-1.454716245487364631e+03 -1.511929999999993015e+03
-1.440861805054151546e+03 -1.628929999999993015e+03
-1.427007364620938688e+03 -1.798929999999993015e+03
-1.413152924187725603e+03 -1.183929999999993015e+03
-1.399298483754512745e+03 -2.909299999999930151e+02
-1.385444043321299660e+03 -1.793929999999993015e+03
-1.371589602888086574e+03 -2.164929999999993015e+03
-1.357735162454873716e+03 -2.282929999999993015e+03
-1.343880722021660631e+03 -2.135929999999993015e+03
-1.330026281588447546e+03 -1.796929999999993015e+03
-1.316171841155234688e+03 -9.359299999999930151e+02
-1.302317400722021603e+03 -8.239299999999930151e+02
-1.288462960288808745e+03 -2.019929999999993015e+03
-1.274608519855595659e+03 -1.854929999999993015e+03
-1.260754079422382574e+03 -1.852929999999993015e+03
-1.246899638989169716e+03 -2.600929999999993015e+03
-1.233045198555956631e+03 -2.410929999999993015e+03
-1.219190758122743773e+03 -2.429929999999993015e+03
-1.205336317689530688e+03 -1.665929999999993015e+03
-1.191481877256317603e+03 -2.300929999999993015e+03
-1.177627436823104745e+03 -1.551929999999993015e+03
-1.163772996389891659e+03 -1.893929999999993015e+03
-1.149918555956678802e+03 -1.713929999999993015e+03
-1.136064115523465716e+03 -2.546929999999993015e+03
-1.122209675090252631e+03 -1.547929999999993015e+03
-1.108355234657039773e+03 -2.276929999999993015e+03
-1.094500794223826688e+03 -1.623929999999993015e+03
-1.080646353790613830e+03 -1.875929999999993015e+03
-1.066791913357400745e+03 -2.351929999999993015e+03
-1.052937472924187659e+03 -1.722929999999993015e+03
-1.039083032490974801e+03 -1.191929999999993015e+03
-1.025228592057761716e+03 -1.702929999999993015e+03
-1.011374151624548745e+03 -1.977929999999993015e+03
-9.975197111913357730e+02 -1.609929999999993015e+03
-9.836652707581228015e+02 -1.376929999999993015e+03
-9.698108303249097162e+02 -1.971929999999993015e+03
-9.559563898916967446e+02 -1.869929999999993015e+03
-9.421019494584837730e+02 -1.669929999999993015e+03
-9.282475090252708014e+02 -2.550929999999993015e+03
-9.143930685920577162e+02 -1.589929999999993015e+03
-9.005386281588447446e+02 -2.174929999999993015e+03
-8.866841877256317730e+02 -1.590929999999993015e+03
-8.728297472924188014e+02 -2.054929999999993015e+03
-8.589753068592058298e+02 -1.713929999999993015e+03
-8.451208664259927446e+02 -2.114929999999993015e+03
-8.312664259927797730e+02 -1.552929999999993015e+03
-8.174119855595668014e+02 -2.103929999999993015e+03
-8.035575451263538298e+02 -1.790929999999993015e+03
-7.897031046931407445e+02 -1.709929999999993015e+03
-7.758486642599277729e+02 -1.793929999999993015e+03
-7.619942238267148014e+02 -1.721929999999993015e+03
-7.481397833935018298e+02 -2.557929999999993015e+03
-7.342853429602888582e+02 -2.027929999999993015e+03
-7.204309025270757729e+02 -2.103929999999993015e+03
-7.065764620938628013e+02 -1.644929999999993015e+03
-6.927220216606498298e+02 -1.579929999999993015e+03
-6.788675812274368582e+02 -1.730929999999993015e+03
-6.650131407942237729e+02 -1.670929999999993015e+03
-6.511587003610108013e+02 -2.198929999999993015e+03
-6.373042599277978297e+02 -1.357929999999993015e+03
-6.234498194945848581e+02 -1.890929999999993015e+03
-6.095953790613718866e+02 -1.825929999999993015e+03
-5.957409386281588013e+02 -1.596929999999993015e+03
-5.818864981949458297e+02 -1.817929999999993015e+03
-5.680320577617328581e+02 -1.922929999999993015e+03
-5.541776173285198865e+02 -2.003929999999993015e+03
-5.403231768953069150e+02 -1.322929999999993015e+03
-5.264687364620938297e+02 -2.590929999999993015e+03
-5.126142960288808581e+02 -2.776929999999993015e+03
-4.987598555956678865e+02 -2.431929999999993015e+03
-4.849054151624548581e+02 -2.591929999999993015e+03
-4.710509747292418865e+02 -1.828929999999993015e+03
-4.571965342960288581e+02 -2.291929999999993015e+03
-4.433420938628158865e+02 -2.914929999999993015e+03
-4.294876534296029149e+02 -2.782929999999993015e+03
-4.156332129963898865e+02 -1.366929999999993015e+03
-4.017787725631769149e+02 -2.687929999999993015e+03
-3.879243321299638865e+02 -2.301929999999993015e+03
-3.740698916967509149e+02 -2.717929999999993015e+03
-3.602154512635378865e+02 -2.560929999999993015e+03
-3.463610108303249149e+02 -2.809929999999993015e+03
-3.325065703971118865e+02 -1.829929999999993015e+03
-3.186521299638989149e+02 -2.703929999999993015e+03
-3.047976895306859433e+02 -2.270929999999993015e+03
-2.909432490974729149e+02 -2.360929999999993015e+03
-2.770888086642599433e+02 -1.724929999999993015e+03
-2.632343682310469148e+02 -2.314929999999993015e+03
-2.493799277978339433e+02 -2.926929999999993015e+03
-2.355254873646209433e+02 -2.699929999999993015e+03
-2.216710469314079432e+02 -2.898929999999993015e+03
-2.078166064981949432e+02 -2.320929999999993015e+03
-1.939621660649819432e+02 -1.471929999999993015e+03
-1.801077256317689432e+02 -2.226929999999993015e+03
-1.662532851985559432e+02 -2.318929999999993015e+03
-1.523988447653429716e+02 -1.794929999999993015e+03
-1.385444043321299716e+02 -1.685929999999993015e+03
-1.246899638989169716e+02 -2.205929999999993015e+03
-1.108355234657039716e+02 -1.537929999999993015e+03
-9.698108303249097162e+01 -8.219299999999930151e+02
-8.312664259927797161e+01 1.660700000000069849e+02
-6.927220216606498582e+01 3.776070000000006985e+03
-5.541776173285198581e+01 9.321070000000006985e+03
-4.156332129963898581e+01 1.851007000000000698e+04
-2.770888086642599291e+01 3.624607000000000698e+04
-1.385444043321299645e+01 6.776107000000000698e+04
0.000000000000000000e+00 1.165060700000000070e+05
1.385444043321299645e+01 1.876590700000000070e+05
2.770888086642599291e+01 2.861200700000000070e+05
4.156332129963898581e+01 4.168250700000000070e+05
5.541776173285198581e+01 5.838710700000000652e+05
6.927220216606498582e+01 7.709560700000000652e+05
8.312664259927797161e+01 9.732730700000000652e+05
9.698108303249097162e+01 1.190047070000000065e+06
1.108355234657039716e+02 1.420238070000000065e+06
1.246899638989169716e+02 1.666627070000000065e+06
1.385444043321299716e+02 1.914437070000000065e+06
1.523988447653429716e+02 2.165844069999999832e+06
1.662532851985559432e+02 2.408613069999999832e+06
1.801077256317689432e+02 2.629380069999999832e+06
1.939621660649819432e+02 2.855536069999999832e+06
2.078166064981949432e+02 3.062228069999999832e+06
2.216710469314079432e+02 3.255052069999999832e+06
2.355254873646209433e+02 3.450550069999999832e+06
2.493799277978339433e+02 3.624797069999999832e+06
2.632343682310469148e+02 3.762450069999999832e+06
2.770888086642599433e+02 3.869365069999999832e+06
2.909432490974729149e+02 3.948350069999999832e+06
3.047976895306859433e+02 4.019967069999999832e+06
3.186521299638989149e+02 4.081019069999999832e+06
3.325065703971118865e+02 4.142603069999999832e+06
3.463610108303249149e+02 4.178442069999999832e+06
3.602154512635378865e+02 4.181515069999999832e+06
3.740698916967509149e+02 4.171892069999999832e+06
3.879243321299638865e+02 4.190428069999999832e+06
4.017787725631769149e+02 4.229567070000000298e+06
4.156332129963898865e+02 4.224541070000000298e+06
4.294876534296029149e+02 4.215806070000000298e+06
4.433420938628158865e+02 4.217472070000000298e+06
4.571965342960288581e+02 4.203491070000000298e+06
4.710509747292418865e+02 4.201986070000000298e+06
4.849054151624548581e+02 4.195378070000000298e+06
4.987598555956678865e+02 4.181241069999999832e+06
5.126142960288808581e+02 4.164325069999999832e+06
5.264687364620938297e+02 4.152770069999999832e+06
5.403231768953069150e+02 4.138216069999999832e+06
5.541776173285198865e+02 4.145398069999999832e+06
5.680320577617328581e+02 4.140922069999999832e+06
5.818864981949458297e+02 4.099106069999999832e+06
5.957409386281588013e+02 4.076553069999999832e+06
6.095953790613718866e+02 4.087926069999999832e+06
6.234498194945848581e+02 4.082061069999999832e+06
6.373042599277978297e+02 4.071024069999999832e+06
6.511587003610108013e+02 4.029226069999999832e+06
6.650131407942237729e+02 3.995577069999999832e+06
6.788675812274368582e+02 3.937260069999999832e+06
6.927220216606498298e+02 3.854576069999999832e+06
7.065764620938628013e+02 3.730703069999999832e+06
7.204309025270757729e+02 3.593972069999999832e+06
7.342853429602888582e+02 3.419946069999999832e+06
7.481397833935018298e+02 3.243729069999999832e+06
7.619942238267148014e+02 3.027861069999999832e+06
7.758486642599277729e+02 2.782692069999999832e+06
7.897031046931407445e+02 2.515864069999999832e+06
8.035575451263538298e+02 2.244537069999999832e+06
8.174119855595668014e+02 1.969306070000000065e+06
8.312664259927797730e+02 1.713204070000000065e+06
8.451208664259927446e+02 1.462843070000000065e+06
8.589753068592058298e+02 1.230801070000000065e+06
8.728297472924188014e+02 1.017714070000000065e+06
8.866841877256317730e+02 8.267680700000000652e+05
9.005386281588447446e+02 6.660170700000000652e+05
9.143930685920577162e+02 5.185740700000000070e+05
9.282475090252708014e+02 3.879850700000000070e+05
9.421019494584837730e+02 2.839870700000000070e+05
9.559563898916967446e+02 2.014450700000000070e+05
9.698108303249097162e+02 1.397670700000000070e+05
9.836652707581228015e+02 9.646707000000000698e+04
9.975197111913357730e+02 7.087407000000000698e+04
1.011374151624548745e+03 5.494507000000000698e+04
1.025228592057761716e+03 4.563307000000000698e+04
1.039083032490974801e+03 4.068407000000000698e+04
1.052937472924187659e+03 3.658007000000000698e+04
1.066791913357400745e+03 3.378807000000000698e+04
1.080646353790613830e+03 3.373807000000000698e+04
1.094500794223826688e+03 3.232807000000000698e+04
1.108355234657039773e+03 3.074207000000000698e+04
1.122209675090252631e+03 3.067507000000000698e+04
1.136064115523465716e+03 3.042707000000000698e+04
1.149918555956678802e+03 3.032707000000000698e+04
1.163772996389891659e+03 2.976007000000000698e+04
1.177627436823104745e+03 2.974007000000000698e+04
1.191481877256317603e+03 2.699907000000000698e+04
1.205336317689530688e+03 2.574407000000000698e+04
1.219190758122743773e+03 2.468507000000000698e+04
1.233045198555956631e+03 2.400907000000000698e+04
1.246899638989169716e+03 2.290207000000000698e+04
1.260754079422382574e+03 2.041407000000000698e+04
1.274608519855595659e+03 1.981107000000000698e+04
1.288462960288808745e+03 1.892207000000000698e+04
1.302317400722021603e+03 1.579607000000000698e+04
1.316171841155234688e+03 1.569707000000000698e+04
1.330026281588447546e+03 1.376707000000000698e+04
1.343880722021660631e+03 1.274907000000000698e+04
1.357735162454873716e+03 1.031307000000000698e+04
1.371589602888086574e+03 9.179070000000006985e+03
1.385444043321299660e+03 8.918070000000006985e+03
1.399298483754512745e+03 6.192070000000006985e+03
1.413152924187725603e+03 5.759070000000006985e+03
1.427007364620938688e+03 5.715070000000006985e+03
1.440861805054151546e+03 5.554070000000006985e+03
1.454716245487364631e+03 5.689070000000006985e+03
1.468570685920577716e+03 4.695070000000006985e+03
1.482425126353790574e+03 4.264070000000006985e+03
1.496279566787003660e+03 5.087070000000006985e+03
1.510134007220216517e+03 2.139070000000006985e+03
1.523988447653429603e+03 1.650070000000006985e+03
1.537842888086642688e+03 7.220700000000069849e+02
1.551697328519855546e+03 7.160700000000069849e+02
1.565551768953068631e+03 7.520700000000069849e+02
1.579406209386281489e+03 4.830700000000069849e+02
1.593260649819494574e+03 1.102070000000006985e+03
1.607115090252707660e+03 8.307000000000698492e+01
1.620969530685920517e+03 -1.279299999999930151e+02
1.634823971119133603e+03 -7.319299999999930151e+02
1.648678411552346688e+03 -1.007929999999993015e+03
1.662532851985559546e+03 -8.699299999999930151e+02
1.676387292418772631e+03 -7.459299999999930151e+02
1.690241732851985489e+03 -8.629299999999930151e+02
1.704096173285198574e+03 -1.147929999999993015e+03
1.717950613718411660e+03 -1.487929999999993015e+03
1.731805054151624518e+03 -1.584929999999993015e+03
1.745659494584837603e+03 -1.205929999999993015e+03
1.759513935018050461e+03 -6.049299999999930151e+02
1.773368375451263546e+03 -9.669299999999930151e+02
1.787222815884476631e+03 -1.767929999999993015e+03
1.801077256317689489e+03 -1.700929999999993015e+03
1.814931696750902574e+03 -1.820929999999993015e+03
1.828786137184115432e+03 -2.051929999999993015e+03
1.842640577617328518e+03 -8.859299999999930151e+02
1.856495018050541603e+03 -1.289929999999993015e+03
1.870349458483754461e+03 -1.427929999999993015e+03
1.884203898916967546e+03 -1.355929999999993015e+03
1.898058339350180404e+03 -3.399299999999930151e+02
1.911912779783393489e+03 -1.481929999999993015e+03
1.925767220216606574e+03 -1.717929999999993015e+03
1.939621660649819432e+03 -1.892929999999993015e+03
1.953476101083032518e+03 -2.275929999999993015e+03
1.967330541516245603e+03 -1.254929999999993015e+03
1.981184981949458461e+03 -1.212929999999993015e+03
1.995039422382671546e+03 -1.356929999999993015e+03
2.008893862815884404e+03 -1.371929999999993015e+03
2.022748303249097489e+03 -1.650929999999993015e+03
2.036602743682310575e+03 -2.059929999999993015e+03
2.050457184115523432e+03 -1.129929999999993015e+03
2.064311624548736290e+03 -1.146929999999993015e+03
2.078166064981949603e+03 -1.734929999999993015e+03
2.092020505415162461e+03 -2.152929999999993015e+03
2.105874945848375319e+03 -2.250929999999993015e+03
2.119729386281588631e+03 -1.440929999999993015e+03
2.133583826714801489e+03 -2.252929999999993015e+03
2.147438267148014347e+03 -1.970929999999993015e+03
2.161292707581227660e+03 -2.066929999999993015e+03
2.175147148014440518e+03 -1.990929999999993015e+03
2.189001588447653376e+03 -1.322929999999993015e+03
2.202856028880866234e+03 -1.977929999999993015e+03
2.216710469314079546e+03 -2.234929999999993015e+03
2.230564909747292404e+03 -1.256929999999993015e+03
2.244419350180505262e+03 -1.350929999999993015e+03
2.258273790613718575e+03 -1.397929999999993015e+03
2.272128231046931433e+03 -2.670929999999993015e+03
2.285982671480144290e+03 -2.273929999999993015e+03
2.299837111913357603e+03 -2.016929999999993015e+03
2.313691552346570461e+03 -2.069929999999993015e+03
2.327545992779783319e+03 -1.527929999999993015e+03
2.341400433212996177e+03 -2.300929999999993015e+03
2.355254873646209489e+03 -2.008929999999993015e+03
2.369109314079422347e+03 -2.477929999999993015e+03
2.382963754512635205e+03 -1.757929999999993015e+03
2.396818194945848518e+03 -2.297929999999993015e+03
2.410672635379061376e+03 -2.238929999999993015e+03
2.424527075812274234e+03 -2.474929999999993015e+03
2.438381516245487546e+03 -2.170929999999993015e+03
2.452235956678700404e+03 -2.264929999999993015e+03
2.466090397111913262e+03 -1.925929999999993015e+03
2.479944837545126575e+03 -2.709929999999993015e+03
2.493799277978339433e+03 -2.624929999999993015e+03
2.507653718411552290e+03 -1.878929999999993015e+03
2.521508158844765148e+03 -1.936929999999993015e+03
2.535362599277978461e+03 -1.873929999999993015e+03
2.549217039711191319e+03 -2.985929999999993015e+03
2.563071480144404177e+03 -1.442929999999993015e+03
2.576925920577617489e+03 -2.624929999999993015e+03
2.590780361010830347e+03 -2.379929999999993015e+03
2.604634801444043205e+03 4.087070000000006985e+03
2.618489241877256518e+03 -1.740929999999993015e+03
2.632343682310469376e+03 -1.214929999999993015e+03
2.646198122743682234e+03 -1.408929999999993015e+03
2.660052563176895092e+03 -2.036929999999993015e+03
2.673907003610108404e+03 -2.070929999999993015e+03
2.687761444043321262e+03 -2.194929999999993015e+03
2.701615884476534120e+03 -2.187929999999993015e+03
2.715470324909747433e+03 -1.855929999999993015e+03
2.729324765342960291e+03 -2.684929999999993015e+03
2.743179205776173148e+03 -1.779929999999993015e+03
2.757033646209386461e+03 -2.314929999999993015e+03
2.770888086642599319e+03 -2.275929999999993015e+03
2.784742527075812177e+03 -2.579929999999993015e+03
2.798596967509025490e+03 -2.689929999999993015e+03
2.812451407942238347e+03 -2.413929999999993015e+03
2.826305848375451205e+03 -1.763929999999993015e+03
2.840160288808664063e+03 -2.188929999999993015e+03
2.854014729241877376e+03 -2.126929999999993015e+03
2.867869169675090234e+03 -2.394929999999993015e+03
2.881723610108303092e+03 -2.251929999999993015e+03
2.895578050541516404e+03 -2.148929999999993015e+03
2.909432490974729262e+03 -2.250929999999993015e+03
2.923286931407942120e+03 -2.792929999999993015e+03
2.937141371841155433e+03 -2.727929999999993015e+03
2.950995812274368291e+03 -1.960929999999993015e+03
2.964850252707581149e+03 -1.449929999999993015e+03
2.978704693140794461e+03 -1.240929999999993015e+03
2.992559133574007319e+03 -2.121929999999993015e+03
3.006413574007220177e+03 -2.474929999999993015e+03
3.020268014440433035e+03 -2.526929999999993015e+03
3.034122454873646348e+03 -2.642929999999993015e+03
3.047976895306859205e+03 -1.506929999999993015e+03
3.061831335740072063e+03 -1.420929999999993015e+03
3.075685776173285376e+03 -2.291929999999993015e+03
3.089540216606498234e+03 -1.871929999999993015e+03
3.103394657039711092e+03 -2.243929999999993015e+03
3.117249097472924404e+03 -2.619929999999993015e+03
3.131103537906137262e+03 -1.523929999999993015e+03
3.144957978339350120e+03 -1.257929999999993015e+03
3.158812418772562978e+03 -2.393929999999993015e+03
3.172666859205776291e+03 -2.409929999999993015e+03
3.186521299638989149e+03 -1.514929999999993015e+03
3.200375740072202007e+03 -1.367929999999993015e+03
3.214230180505415319e+03 -2.146929999999993015e+03
3.228084620938628177e+03 -2.232929999999993015e+03
3.241939061371841035e+03 -1.909929999999993015e+03
3.255793501805054348e+03 -2.208929999999993015e+03
3.269647942238267206e+03 -2.116929999999993015e+03
3.283502382671480063e+03 -1.557929999999993015e+03
3.297356823104693376e+03 -1.604929999999993015e+03
3.311211263537906234e+03 -1.790929999999993015e+03
3.325065703971119092e+03 -2.012929999999993015e+03
3.338920144404331950e+03 -1.746929999999993015e+03
3.352774584837545262e+03 -1.715929999999993015e+03
3.366629025270758120e+03 -1.726929999999993015e+03
3.380483465703970978e+03 -2.045929999999993015e+03
3.394337906137184291e+03 -1.224929999999993015e+03
3.408192346570397149e+03 -1.568929999999993015e+03
3.422046787003610007e+03 -1.836929999999993015e+03
3.435901227436823319e+03 -1.652929999999993015e+03
3.449755667870036177e+03 -1.525929999999993015e+03
3.463610108303249035e+03 -1.191929999999993015e+03
3.477464548736461893e+03 -1.335929999999993015e+03
3.491318989169675206e+03 -1.048929999999993015e+03
3.505173429602888064e+03 -1.617929999999993015e+03
3.519027870036100921e+03 -4.279299999999930151e+02
3.532882310469314234e+03 -1.691929999999993015e+03
3.546736750902527092e+03 -2.025929999999993015e+03
3.560591191335739950e+03 -1.608929999999993015e+03
3.574445631768953263e+03 -1.380929999999993015e+03
3.588300072202166120e+03 -1.008929999999993015e+03
3.602154512635378978e+03 -1.557929999999993015e+03
3.616008953068592291e+03 -1.425929999999993015e+03
3.629863393501805149e+03 -3.769299999999930151e+02
3.643717833935018007e+03 -7.289299999999930151e+02
3.657572274368230865e+03 -1.637929999999993015e+03
3.671426714801444177e+03 -1.269929999999993015e+03
3.685281155234657035e+03 -1.301929999999993015e+03
3.699135595667869893e+03 1.410700000000069849e+02
3.712990036101083206e+03 -2.569299999999930151e+02
3.726844476534296064e+03 -1.372929999999993015e+03
3.740698916967508922e+03 -1.299299999999930151e+02
3.754553357400722234e+03 -3.609299999999930151e+02
3.768407797833935092e+03 -1.367929999999993015e+03
3.782262238267147950e+03 -1.098929999999993015e+03
3.796116678700360808e+03 7.907000000000698492e+01
3.809971119133574120e+03 -5.499299999999930151e+02
3.823825559566786978e+03 -6.569299999999930151e+02
3.837679999999999836e+03 -7.309299999999930151e+02
3.851534440433213149e+03 -1.005929999999993015e+03
3.865388880866426007e+03 -7.829299999999930151e+02
3.879243321299638865e+03 -1.280929999999993015e+03
3.893097761732852177e+03 -3.839299999999930151e+02
3.906952202166065035e+03 1.410700000000069849e+02
3.920806642599277893e+03 -8.439299999999930151e+02
3.934661083032491206e+03 5.450700000000069849e+02
3.948515523465704064e+03 -7.799299999999930151e+02
3.962369963898916922e+03 -8.269299999999930151e+02
3.976224404332129780e+03 -1.262929999999993015e+03
3.990078844765343092e+03 -1.635929999999993015e+03
4.003933285198555950e+03 -1.325929999999993015e+03
4.017787725631768808e+03 -1.254929999999993015e+03
4.031642166064982121e+03 -3.739299999999930151e+02
4.045496606498194978e+03 -2.129299999999930151e+02
4.059351046931407836e+03 -7.959299999999930151e+02
4.073205487364621149e+03 -5.829299999999930151e+02
4.087059927797834007e+03 -1.069299999999930151e+02
4.100914368231046865e+03 1.030700000000069849e+02
4.114768808664260177e+03 -6.609299999999930151e+02
4.128623249097472581e+03 -6.492999999999301508e+01
4.142477689530685893e+03 2.207000000000698492e+01
4.156332129963899206e+03 -3.839299999999930151e+02
4.170186570397111609e+03 3.740700000000069849e+02
4.184041010830324922e+03 1.092070000000006985e+03
4.197895451263538234e+03 4.240700000000069849e+02
4.211749891696750637e+03 1.563070000000006985e+03
4.225604332129963950e+03 2.810700000000069849e+02
4.239458772563177263e+03 -1.529299999999930151e+02
4.253313212996389666e+03 -2.389299999999930151e+02
4.267167653429602979e+03 3.910700000000069849e+02
4.281022093862816291e+03 -3.269299999999930151e+02
4.294876534296028694e+03 1.540700000000069849e+02
4.308730974729242007e+03 -9.192999999999301508e+01
4.322585415162455320e+03 -1.129299999999930151e+02
4.336439855595667723e+03 7.030700000000069849e+02
4.350294296028881035e+03 8.540700000000069849e+02
4.364148736462093439e+03 6.350700000000069849e+02
4.378003176895306751e+03 1.730700000000069849e+02
4.391857617328520064e+03 4.240700000000069849e+02
4.405712057761732467e+03 6.800700000000069849e+02
4.419566498194945780e+03 3.831070000000006985e+03
4.433420938628159092e+03 4.150700000000069849e+02
4.447275379061371495e+03 7.100700000000069849e+02
4.461129819494584808e+03 1.026070000000006985e+03
4.474984259927798121e+03 8.580700000000069849e+02
4.488838700361010524e+03 -1.029299999999930151e+02
4.502693140794223837e+03 5.290700000000069849e+02
4.516547581227437149e+03 6.000700000000069849e+02
4.530402021660649552e+03 1.047070000000006985e+03
4.544256462093862865e+03 9.670700000000069849e+02
4.558110902527076178e+03 1.074070000000006985e+03
4.571965342960288581e+03 1.960700000000069849e+02
4.585819783393501893e+03 1.066070000000006985e+03
4.599674223826715206e+03 1.040700000000069849e+02
4.613528664259927609e+03 6.710700000000069849e+02
4.627383104693140922e+03 1.605070000000006985e+03
4.641237545126354235e+03 1.611070000000006985e+03
4.655091985559566638e+03 4.610700000000069849e+02
4.668946425992779950e+03 1.253070000000006985e+03
4.682800866425992353e+03 1.882070000000006985e+03
4.696655306859205666e+03 1.033070000000006985e+03
4.710509747292418979e+03 1.842070000000006985e+03
4.724364187725631382e+03 9.240700000000069849e+02
4.738218628158844695e+03 2.558070000000006985e+03
4.752073068592058007e+03 7.750700000000069849e+02
4.765927509025270410e+03 2.670700000000069849e+02
4.779781949458483723e+03 8.880700000000069849e+02
4.793636389891697036e+03 1.040070000000006985e+03
4.807490830324909439e+03 7.250700000000069849e+02
4.821345270758122751e+03 1.364070000000006985e+03
4.835199711191336064e+03 4.030700000000069849e+02
4.849054151624548467e+03 -1.429299999999930151e+02
4.862908592057761780e+03 8.650700000000069849e+02
4.876763032490975093e+03 4.500700000000069849e+02
4.890617472924187496e+03 9.330700000000069849e+02
4.904471913357400808e+03 -2.029299999999930151e+02
4.918326353790614121e+03 3.700700000000069849e+02
4.932180794223826524e+03 4.130700000000069849e+02
4.946035234657039837e+03 8.680700000000069849e+02
4.959889675090253149e+03 1.063070000000006985e+03
4.973744115523465553e+03 1.660700000000069849e+02
4.987598555956678865e+03 1.426070000000006985e+03
5.001452996389891268e+03 7.130700000000069849e+02
5.015307436823104581e+03 8.780700000000069849e+02
5.029161877256317894e+03 5.450700000000069849e+02
5.043016317689530297e+03 7.750700000000069849e+02
5.056870758122743609e+03 6.860700000000069849e+02
5.070725198555956922e+03 -9.929999999993015081e+00
5.084579638989169325e+03 2.740700000000069849e+02
5.098434079422382638e+03 1.472070000000006985e+03
5.112288519855595951e+03 1.156070000000006985e+03
5.126142960288808354e+03 2.032070000000006985e+03
5.139997400722021666e+03 1.658070000000006985e+03
5.153851841155234979e+03 1.611070000000006985e+03
5.167706281588447382e+03 1.065070000000006985e+03
5.181560722021660695e+03 6.640700000000069849e+02
5.195415162454874007e+03 3.820700000000069849e+02
5.209269602888086411e+03 -4.956929999999993015e+03
5.223124043321299723e+03 -1.223492999999999302e+04
5.236978483754513036e+03 -1.228792999999999302e+04
5.250832924187725439e+03 -1.208292999999999302e+04
5.264687364620938752e+03 -1.203792999999999302e+04
5.278541805054152064e+03 -1.192192999999999302e+04
5.292396245487364467e+03 -1.202592999999999302e+04
5.306250685920577780e+03 -1.217392999999999302e+04
5.320105126353790183e+03 -1.211992999999999302e+04
5.333959566787003496e+03 -1.220392999999999302e+04
5.347814007220216808e+03 -1.238792999999999302e+04
5.361668447653429212e+03 -1.208292999999999302e+04
5.375522888086642524e+03 -1.225292999999999302e+04
5.389377328519855837e+03 -1.235892999999999302e+04
5.403231768953068240e+03 -1.225192999999999302e+04
5.417086209386281553e+03 -1.212792999999999302e+04
5.430940649819494865e+03 -1.213192999999999302e+04
5.444795090252707269e+03 -1.230592999999999302e+04
5.458649530685920581e+03 -1.220392999999999302e+04
5.472503971119133894e+03 -1.220092999999999302e+04
5.486358411552346297e+03 -1.232592999999999302e+04
5.500212851985559610e+03 -1.224892999999999302e+04
5.514067292418772922e+03 -1.228192999999999302e+04
5.527921732851985325e+03 -1.198092999999999302e+04
