-2.224742028985507204e+03 -8.027999999999883585e+02
-2.210837391304347875e+03 -6.285799999999988358e+03
-2.196932753623188091e+03 -7.451799999999988358e+03
-2.183028115942028762e+03 -7.947799999999988358e+03
-2.169123478260869433e+03 -8.642799999999988358e+03
-2.155218840579710104e+03 -8.621799999999988358e+03
-2.141314202898550775e+03 -9.063799999999988358e+03
-2.127409565217390991e+03 -9.218799999999988358e+03
-2.113504927536231662e+03 -9.405799999999988358e+03
-2.099600289855072333e+03 -9.638799999999988358e+03
-2.085695652173913004e+03 -9.776799999999988358e+03
-2.071791014492753675e+03 -9.979799999999988358e+03
-2.057886376811593891e+03 -5.044799999999988358e+03
-2.043981739130434789e+03 3.542000000000116415e+02
-2.030077101449275233e+03 1.120000000001164153e+01
-2.016172463768115904e+03 -5.417999999999883585e+02
-2.002267826086956347e+03 -5.947999999999883585e+02
-1.988363188405797018e+03 -4.879999999998835847e+01
-1.974458550724637689e+03 -7.177999999999883585e+02
-1.960553913043478133e+03 -5.567999999999883585e+02
-1.946649275362318804e+03 -5.337999999999883585e+02
-1.932744637681159247e+03 -6.117999999999883585e+02
-1.918839999999999918e+03 -5.497999999999883585e+02
-1.904935362318840589e+03 2.087200000000011642e+03
-1.891030724637681033e+03 -1.314799999999988358e+03
-1.877126086956521704e+03 -5.887999999999883585e+02
-1.863221449275362147e+03 -2.157999999999883585e+02
-1.849316811594202818e+03 -1.547799999999988358e+03
-1.835412173913043489e+03 -6.477999999999883585e+02
-1.821507536231883932e+03 -1.208799999999988358e+03
-1.807602898550724603e+03 -8.887999999999883585e+02
-1.793698260869565047e+03 -1.109799999999988358e+03
-1.779793623188405718e+03 -1.107799999999988358e+03
-1.765888985507246389e+03 -1.258799999999988358e+03
-1.751984347826086832e+03 -1.603799999999988358e+03
-1.738079710144927503e+03 -1.388799999999988358e+03
-1.724175072463767947e+03 -1.377799999999988358e+03
-1.710270434782608618e+03 -1.365799999999988358e+03
-1.696365797101449289e+03 -1.917999999999883585e+02
-1.682461159420289732e+03 -1.591799999999988358e+03
-1.668556521739130403e+03 -1.074799999999988358e+03
-1.654651884057970847e+03 -1.608799999999988358e+03
-1.640747246376811518e+03 -9.437999999999883585e+02
-1.626842608695652189e+03 -1.210799999999988358e+03
-1.612937971014492632e+03 -8.287999999999883585e+02
-1.599033333333333303e+03 -1.705799999999988358e+03
-1.585128695652173747e+03 -1.569799999999988358e+03
-1.571224057971014417e+03 -1.253799999999988358e+03
-1.557319420289855088e+03 -1.378799999999988358e+03
-1.543414782608695532e+03 -1.337799999999988358e+03
-1.529510144927536203e+03 -1.990799999999988358e+03
-1.515605507246376646e+03 -1.665799999999988358e+03
-1.501700869565217317e+03 -1.754799999999988358e+03
-1.487796231884057988e+03 -4.627999999999883585e+02
-1.473891594202898432e+03 -1.070799999999988358e+03
-1.459986956521739103e+03 -1.628799999999988358e+03
-1.446082318840579546e+03 -1.047799999999988358e+03
-1.432177681159420217e+03 -1.299799999999988358e+03
-1.418273043478260888e+03 -1.388799999999988358e+03
-1.404368405797101332e+03 -1.819799999999988358e+03
-1.390463768115942003e+03 -1.991799999999988358e+03
-1.376559130434782446e+03 -9.997999999999883585e+02
-1.362654492753623117e+03 -1.696799999999988358e+03
-1.348749855072463788e+03 -1.152799999999988358e+03
-1.334845217391304232e+03 -1.545799999999988358e+03
-1.320940579710144902e+03 -7.127999999999883585e+02
-1.307035942028985346e+03 -1.860799999999988358e+03
-1.293131304347826017e+03 -9.527999999999883585e+02
-1.279226666666666688e+03 -1.623799999999988358e+03
-1.265322028985507131e+03 -1.317799999999988358e+03
-1.251417391304347802e+03 -1.712799999999988358e+03
-1.237512753623188246e+03 -2.026799999999988358e+03
-1.223608115942028917e+03 -1.205799999999988358e+03
-1.209703478260869588e+03 -9.047999999999883585e+02
-1.195798840579710031e+03 -1.410799999999988358e+03
-1.181894202898550702e+03 -1.799799999999988358e+03
-1.167989565217391146e+03 -1.390799999999988358e+03
-1.154084927536231817e+03 -1.351799999999988358e+03
-1.140180289855072488e+03 -1.831799999999988358e+03
-1.126275652173912931e+03 -1.636799999999988358e+03
-1.112371014492753602e+03 -1.430799999999988358e+03
-1.098466376811594046e+03 -2.084799999999988358e+03
-1.084561739130434717e+03 -1.967799999999988358e+03
-1.070657101449275387e+03 -1.851799999999988358e+03
-1.056752463768115831e+03 -1.632799999999988358e+03
-1.042847826086956502e+03 -2.001799999999988358e+03
-1.028943188405796946e+03 -1.542799999999988358e+03
-1.015038550724637616e+03 -1.542799999999988358e+03
-1.001133913043478174e+03 -1.486799999999988358e+03
-9.872292753623188446e+02 -1.886799999999988358e+03
-9.733246376811594018e+02 -1.750799999999988358e+03
-9.594199999999999591e+02 -1.775799999999988358e+03
-9.455153623188405163e+02 -1.273799999999988358e+03
-9.316107246376810735e+02 -1.447799999999988358e+03
-9.177060869565217445e+02 -1.894799999999988358e+03
-9.038014492753623017e+02 -1.423799999999988358e+03
-8.898968115942028589e+02 -1.574799999999988358e+03
-8.759921739130434162e+02 -1.338799999999988358e+03
-8.620875362318839734e+02 -1.069799999999988358e+03
-8.481828985507246443e+02 -1.531799999999988358e+03
-8.342782608695652016e+02 -1.131799999999988358e+03
-8.203736231884057588e+02 -2.300799999999988358e+03
-8.064689855072463160e+02 -1.231799999999988358e+03
-7.925643478260868733e+02 -1.627799999999988358e+03
-7.786597101449275442e+02 -1.575799999999988358e+03
-7.647550724637681014e+02 -1.337799999999988358e+03
-7.508504347826086587e+02 -1.692799999999988358e+03
-7.369457971014492159e+02 -1.414799999999988358e+03
-7.230411594202897732e+02 -2.135799999999988358e+03
-7.091365217391304441e+02 -1.701799999999988358e+03
-6.952318840579710013e+02 -2.288799999999988358e+03
-6.813272463768115585e+02 -2.379799999999988358e+03
-6.674226086956521158e+02 -1.584799999999988358e+03
-6.535179710144926730e+02 -2.734799999999988358e+03
-6.396133333333333439e+02 -1.805799999999988358e+03
-6.257086956521739012e+02 -2.384799999999988358e+03
-6.118040579710144584e+02 -2.405799999999988358e+03
-5.978994202898550157e+02 -2.566799999999988358e+03
-5.839947826086955729e+02 -7.127999999999883585e+02
-5.700901449275362438e+02 -2.246799999999988358e+03
-5.561855072463768010e+02 -2.082799999999988358e+03
-5.422808695652173583e+02 -2.551799999999988358e+03
-5.283762318840579155e+02 -2.110799999999988358e+03
-5.144715942028984728e+02 -2.205799999999988358e+03
-5.005669565217390868e+02 -1.763799999999988358e+03
-4.866623188405797009e+02 -2.343799999999988358e+03
-4.727576811594202582e+02 -2.260799999999988358e+03
-4.588530434782608722e+02 -2.391799999999988358e+03
-4.449484057971014295e+02 -1.785799999999988358e+03
-4.310437681159419867e+02 -1.797799999999988358e+03
-4.171391304347826008e+02 -2.110799999999988358e+03
-4.032344927536231580e+02 -1.915799999999988358e+03
-3.893298550724637721e+02 -2.280799999999988358e+03
-3.754252173913043293e+02 -2.331799999999988358e+03
-3.615205797101448866e+02 -1.731799999999988358e+03
-3.476159420289855007e+02 -1.881799999999988358e+03
-3.337113043478260579e+02 -2.578799999999988358e+03
-3.198066666666666720e+02 -1.836799999999988358e+03
-3.059020289855072292e+02 -2.157799999999988358e+03
-2.919973913043477864e+02 -2.522799999999988358e+03
-2.780927536231884005e+02 -1.732799999999988358e+03
-2.641881159420289578e+02 -1.553799999999988358e+03
-2.502834782608695434e+02 -1.659799999999988358e+03
-2.363788405797101291e+02 -2.566799999999988358e+03
-2.224742028985507147e+02 -1.726799999999988358e+03
-2.085695652173913004e+02 -1.904799999999988358e+03
-1.946649275362318861e+02 -1.912799999999988358e+03
-1.807602898550724433e+02 -1.937799999999988358e+03
-1.668556521739130289e+02 -1.658799999999988358e+03
-1.529510144927536146e+02 -1.649799999999988358e+03
-1.390463768115942003e+02 -3.837999999999883585e+02
-1.251417391304347717e+02 -1.844799999999988358e+03
-1.112371014492753574e+02 -3.617999999999883585e+02
-9.733246376811594303e+01 -7.527999999999883585e+02
-8.342782608695651447e+01 2.472000000000116415e+02
-6.952318840579710013e+01 2.903200000000011642e+03
-5.561855072463767868e+01 8.372200000000011642e+03
-4.171391304347825724e+01 1.837020000000001164e+04
-2.780927536231883934e+01 3.630020000000001164e+04
-1.390463768115941967e+01 6.888420000000001164e+04
0.000000000000000000e+00 1.176732000000000116e+05
1.390463768115941967e+01 1.869842000000000116e+05
2.780927536231883934e+01 2.847282000000000116e+05
4.171391304347825724e+01 4.048582000000000116e+05
5.561855072463767868e+01 5.504731999999999534e+05
6.952318840579710013e+01 7.198541999999999534e+05
8.342782608695651447e+01 9.030661999999999534e+05
9.733246376811594303e+01 1.100097199999999953e+06
1.112371014492753574e+02 1.311094199999999953e+06
1.251417391304347717e+02 1.529332199999999953e+06
1.390463768115942003e+02 1.748548199999999953e+06
1.529510144927536146e+02 1.965280199999999953e+06
1.668556521739130289e+02 2.194256200000000186e+06
1.807602898550724433e+02 2.415952200000000186e+06
1.946649275362318861e+02 2.617351200000000186e+06
2.085695652173913004e+02 2.790553200000000186e+06
2.224742028985507147e+02 2.966152200000000186e+06
2.363788405797101291e+02 3.130772200000000186e+06
2.502834782608695434e+02 3.268606200000000186e+06
2.641881159420289578e+02 3.396663200000000186e+06
2.780927536231884005e+02 3.498633200000000186e+06
2.919973913043477864e+02 3.584752200000000186e+06
3.059020289855072292e+02 3.660941200000000186e+06
3.198066666666666720e+02 3.731245200000000186e+06
3.337113043478260579e+02 3.766225200000000186e+06
3.476159420289855007e+02 3.797214200000000186e+06
3.615205797101448866e+02 3.817918200000000186e+06
3.754252173913043293e+02 3.833207200000000186e+06
3.893298550724637721e+02 3.851979200000000186e+06
4.032344927536231580e+02 3.873083200000000186e+06
4.171391304347826008e+02 3.864698200000000186e+06
4.310437681159419867e+02 3.847254200000000186e+06
4.449484057971014295e+02 3.838252200000000186e+06
4.588530434782608722e+02 3.841753200000000186e+06
4.727576811594202582e+02 3.857502200000000186e+06
4.866623188405797009e+02 3.841283200000000186e+06
5.005669565217390868e+02 3.826360200000000186e+06
5.144715942028984728e+02 3.806528200000000186e+06
5.283762318840579155e+02 3.812641200000000186e+06
5.422808695652173583e+02 3.794914200000000186e+06
5.561855072463768010e+02 3.793591200000000186e+06
5.700901449275362438e+02 3.794757200000000186e+06
5.839947826086955729e+02 3.790195200000000186e+06
5.978994202898550157e+02 3.782320200000000186e+06
6.118040579710144584e+02 3.785600200000000186e+06
6.257086956521739012e+02 3.778394200000000186e+06
6.396133333333333439e+02 3.754646200000000186e+06
6.535179710144926730e+02 3.754388200000000186e+06
6.674226086956521158e+02 3.723352200000000186e+06
6.813272463768115585e+02 3.669550200000000186e+06
6.952318840579710013e+02 3.598508200000000186e+06
7.091365217391304441e+02 3.549995200000000186e+06
7.230411594202897732e+02 3.467123200000000186e+06
7.369457971014492159e+02 3.342754200000000186e+06
7.508504347826086587e+02 3.211210200000000186e+06
7.647550724637681014e+02 3.041432200000000186e+06
7.786597101449275442e+02 2.879683200000000186e+06
7.925643478260868733e+02 2.672152200000000186e+06
8.064689855072463160e+02 2.453868200000000186e+06
8.203736231884057588e+02 2.213894200000000186e+06
8.342782608695652016e+02 1.955700199999999953e+06
8.481828985507246443e+02 1.702695199999999953e+06
8.620875362318839734e+02 1.465360199999999953e+06
8.759921739130434162e+02 1.235401199999999953e+06
8.898968115942028589e+02 1.026272199999999953e+06
9.038014492753623017e+02 8.452481999999999534e+05
9.177060869565217445e+02 6.914921999999999534e+05
9.316107246376810735e+02 5.573201999999999534e+05
9.455153623188405163e+02 4.330132000000000116e+05
9.594199999999999591e+02 3.328462000000000116e+05
9.733246376811594018e+02 2.503342000000000116e+05
9.872292753623188446e+02 1.846702000000000116e+05
1.001133913043478174e+03 1.326462000000000116e+05
1.015038550724637616e+03 9.627020000000001164e+04
1.028943188405796946e+03 7.026520000000001164e+04
1.042847826086956502e+03 5.328220000000001164e+04
1.056752463768115831e+03 4.351020000000001164e+04
1.070657101449275387e+03 3.677820000000001164e+04
1.084561739130434717e+03 3.504620000000001164e+04
1.098466376811594046e+03 2.988220000000001164e+04
1.112371014492753602e+03 2.757820000000001164e+04
1.126275652173912931e+03 2.821120000000001164e+04
1.140180289855072488e+03 2.745220000000001164e+04
1.154084927536231817e+03 2.614220000000001164e+04
1.167989565217391146e+03 2.453320000000001164e+04
1.181894202898550702e+03 2.442020000000001164e+04
1.195798840579710031e+03 2.449420000000001164e+04
1.209703478260869588e+03 2.338320000000001164e+04
1.223608115942028917e+03 2.164220000000001164e+04
1.237512753623188246e+03 2.026820000000001164e+04
1.251417391304347802e+03 2.057820000000001164e+04
1.265322028985507131e+03 1.893020000000001164e+04
1.279226666666666688e+03 1.839220000000001164e+04
1.293131304347826017e+03 1.669020000000001164e+04
1.307035942028985346e+03 1.445320000000001164e+04
1.320940579710144902e+03 1.412720000000001164e+04
1.334845217391304232e+03 1.451620000000001164e+04
1.348749855072463788e+03 1.263020000000001164e+04
1.362654492753623117e+03 1.181320000000001164e+04
1.376559130434782446e+03 1.068320000000001164e+04
1.390463768115942003e+03 1.020620000000001164e+04
1.404368405797101332e+03 9.423200000000011642e+03
1.418273043478260888e+03 7.083200000000011642e+03
1.432177681159420217e+03 7.032200000000011642e+03
1.446082318840579546e+03 5.581200000000011642e+03
1.459986956521739103e+03 5.762200000000011642e+03
1.473891594202898432e+03 5.517200000000011642e+03
1.487796231884057988e+03 5.995200000000011642e+03
1.501700869565217317e+03 3.638200000000011642e+03
1.515605507246376646e+03 3.317200000000011642e+03
1.529510144927536203e+03 3.252200000000011642e+03
1.543414782608695532e+03 2.875200000000011642e+03
1.557319420289855088e+03 2.230200000000011642e+03
1.571224057971014417e+03 2.168200000000011642e+03
1.585128695652173747e+03 2.000200000000011642e+03
1.599033333333333303e+03 2.113200000000011642e+03
1.612937971014492632e+03 9.132000000000116415e+02
1.626842608695652189e+03 4.292000000000116415e+02
1.640747246376811518e+03 3.152000000000116415e+02
1.654651884057970847e+03 -2.657999999999883585e+02
1.668556521739130403e+03 -8.707999999999883585e+02
1.682461159420289732e+03 6.012000000000116415e+02
1.696365797101449289e+03 -1.067999999999883585e+02
1.710270434782608618e+03 -5.647999999999883585e+02
1.724175072463767947e+03 -7.917999999999883585e+02
1.738079710144927503e+03 7.920000000001164153e+01
1.751984347826086832e+03 -8.247999999999883585e+02
1.765888985507246389e+03 -1.335799999999988358e+03
1.779793623188405718e+03 -1.155799999999988358e+03
1.793698260869565047e+03 -1.752799999999988358e+03
1.807602898550724603e+03 -1.077799999999988358e+03
1.821507536231883932e+03 -1.588799999999988358e+03
1.835412173913043489e+03 -8.097999999999883585e+02
1.849316811594202818e+03 -5.607999999999883585e+02
1.863221449275362147e+03 -9.957999999999883585e+02
1.877126086956521704e+03 -1.002799999999988358e+03
1.891030724637681033e+03 -9.577999999999883585e+02
1.904935362318840589e+03 -1.260799999999988358e+03
1.918839999999999918e+03 -1.391799999999988358e+03
1.932744637681159247e+03 -1.394799999999988358e+03
1.946649275362318804e+03 -1.360799999999988358e+03
1.960553913043478133e+03 -1.434799999999988358e+03
1.974458550724637689e+03 -2.047799999999988358e+03
1.988363188405797018e+03 -1.727799999999988358e+03
2.002267826086956347e+03 -1.614799999999988358e+03
2.016172463768115904e+03 -1.902799999999988358e+03
2.030077101449275233e+03 -8.587999999999883585e+02
2.043981739130434789e+03 -1.558799999999988358e+03
2.057886376811593891e+03 -1.687799999999988358e+03
2.071791014492753675e+03 -9.847999999999883585e+02
2.085695652173913004e+03 -1.375799999999988358e+03
2.099600289855072333e+03 -1.311799999999988358e+03
2.113504927536231662e+03 -1.827799999999988358e+03
2.127409565217390991e+03 -1.516799999999988358e+03
2.141314202898550775e+03 -1.086799999999988358e+03
2.155218840579710104e+03 -1.641799999999988358e+03
2.169123478260869433e+03 -1.127799999999988358e+03
2.183028115942028762e+03 -1.275799999999988358e+03
2.196932753623188091e+03 -1.607799999999988358e+03
2.210837391304347875e+03 -1.608799999999988358e+03
2.224742028985507204e+03 -1.233799999999988358e+03
2.238646666666666533e+03 -1.469799999999988358e+03
2.252551304347825862e+03 -1.319799999999988358e+03
2.266455942028985191e+03 -1.557799999999988358e+03
2.280360579710144975e+03 -2.019799999999988358e+03
2.294265217391304304e+03 -2.340799999999988358e+03
2.308169855072463633e+03 -1.435799999999988358e+03
2.322074492753622962e+03 -2.175799999999988358e+03
2.335979130434782292e+03 -1.665799999999988358e+03
2.349883768115942075e+03 -1.438799999999988358e+03
2.363788405797101404e+03 -1.825799999999988358e+03
2.377693043478260734e+03 -1.383799999999988358e+03
2.391597681159420063e+03 -2.113799999999988358e+03
2.405502318840579392e+03 -6.447999999999883585e+02
2.419406956521739176e+03 -1.766799999999988358e+03
2.433311594202898505e+03 -1.720799999999988358e+03
2.447216231884057834e+03 4.365200000000011642e+03
2.461120869565217163e+03 -9.027999999999883585e+02
2.475025507246376492e+03 -6.917999999999883585e+02
2.488930144927536276e+03 -1.267999999999883585e+02
2.502834782608695605e+03 -1.976799999999988358e+03
2.516739420289854934e+03 -1.749799999999988358e+03
2.530644057971014263e+03 -2.173799999999988358e+03
2.544548695652173592e+03 -2.001799999999988358e+03
2.558453333333333376e+03 -1.146799999999988358e+03
2.572357971014492705e+03 -1.712799999999988358e+03
2.586262608695652034e+03 -5.177999999999883585e+02
2.600167246376811363e+03 -1.814799999999988358e+03
2.614071884057970692e+03 -1.553799999999988358e+03
2.627976521739130476e+03 -1.706799999999988358e+03
2.641881159420289805e+03 -2.245799999999988358e+03
2.655785797101449134e+03 -2.022799999999988358e+03
2.669690434782608463e+03 -1.217799999999988358e+03
2.683595072463767792e+03 -1.945799999999988358e+03
2.697499710144927576e+03 -1.351799999999988358e+03
2.711404347826086905e+03 -1.948799999999988358e+03
2.725308985507246234e+03 -2.006799999999988358e+03
2.739213623188405563e+03 -1.151799999999988358e+03
2.753118260869564892e+03 -2.036799999999988358e+03
2.767022898550724676e+03 -2.734799999999988358e+03
2.780927536231884005e+03 -2.714799999999988358e+03
2.794832173913043334e+03 -1.890799999999988358e+03
2.808736811594202663e+03 -1.602799999999988358e+03
2.822641449275361992e+03 -7.287999999999883585e+02
2.836546086956521776e+03 -1.960799999999988358e+03
2.850450724637681105e+03 -2.507799999999988358e+03
2.864355362318840434e+03 -1.956799999999988358e+03
2.878259999999999764e+03 -2.182799999999988358e+03
2.892164637681159093e+03 -1.037799999999988358e+03
2.906069275362318876e+03 -7.747999999999883585e+02
2.919973913043478206e+03 -1.784799999999988358e+03
2.933878550724637535e+03 -1.914799999999988358e+03
2.947783188405796864e+03 -1.601799999999988358e+03
2.961687826086956193e+03 -2.141799999999988358e+03
2.975592463768115977e+03 -1.593799999999988358e+03
2.989497101449275306e+03 -1.712799999999988358e+03
3.003401739130434635e+03 -2.068799999999988358e+03
3.017306376811593964e+03 -1.865799999999988358e+03
3.031211014492753293e+03 -2.044799999999988358e+03
3.045115652173913077e+03 -1.460799999999988358e+03
3.059020289855072406e+03 -1.932799999999988358e+03
3.072924927536231735e+03 -2.189799999999988358e+03
3.086829565217391064e+03 -1.341799999999988358e+03
3.100734202898550393e+03 -1.942799999999988358e+03
3.114638840579710177e+03 -1.736799999999988358e+03
3.128543478260869506e+03 -1.090799999999988358e+03
3.142448115942028835e+03 -1.011799999999988358e+03
3.156352753623188164e+03 -9.087999999999883585e+02
3.170257391304347493e+03 -1.283799999999988358e+03
3.184162028985507277e+03 -1.602799999999988358e+03
3.198066666666666606e+03 -1.557799999999988358e+03
3.211971304347825935e+03 -1.165799999999988358e+03
3.225875942028985264e+03 -1.480799999999988358e+03
3.239780579710144593e+03 -2.557999999999883585e+02
3.253685217391304377e+03 -1.429799999999988358e+03
3.267589855072463706e+03 -1.396799999999988358e+03
3.281494492753623035e+03 -1.898799999999988358e+03
3.295399130434782364e+03 -1.855799999999988358e+03
3.309303768115941693e+03 -1.654799999999988358e+03
3.323208405797101477e+03 -1.786799999999988358e+03
3.337113043478260806e+03 -1.973799999999988358e+03
3.351017681159420135e+03 -1.900799999999988358e+03
3.364922318840579464e+03 -1.525799999999988358e+03
3.378826956521738794e+03 -1.268799999999988358e+03
3.392731594202898577e+03 -1.787799999999988358e+03
3.406636231884057906e+03 -1.615799999999988358e+03
3.420540869565217236e+03 -1.216799999999988358e+03
3.434445507246376565e+03 -1.045799999999988358e+03
3.448350144927535894e+03 -1.543799999999988358e+03
3.462254782608695677e+03 -7.607999999999883585e+02
3.476159420289855007e+03 -3.777999999999883585e+02
3.490064057971014336e+03 -8.047999999999883585e+02
3.503968695652173665e+03 -7.187999999999883585e+02
3.517873333333332994e+03 -5.657999999999883585e+02
3.531777971014492778e+03 -9.077999999999883585e+02
3.545682608695652107e+03 -9.079999999998835847e+01
3.559587246376811436e+03 -1.017999999999883585e+02
3.573491884057970765e+03 -9.557999999999883585e+02
3.587396521739130094e+03 3.412000000000116415e+02
3.601301159420289878e+03 -6.527999999999883585e+02
3.615205797101449207e+03 -1.069799999999988358e+03
3.629110434782608536e+03 -4.437999999999883585e+02
3.643015072463767865e+03 -2.497999999999883585e+02
3.656919710144927194e+03 -3.737999999999883585e+02
3.670824347826086978e+03 -6.187999999999883585e+02
3.684728985507246307e+03 -3.307999999999883585e+02
3.698633623188405636e+03 -9.497999999999883585e+02
3.712538260869564965e+03 -4.799999999988358468e+00
3.726442898550724294e+03 -6.677999999999883585e+02
3.740347536231884078e+03 5.632000000000116415e+02
3.754252173913043407e+03 3.820000000001164153e+01
3.768156811594202736e+03 -9.137999999999883585e+02
3.782061449275362065e+03 8.042000000000116415e+02
3.795966086956521394e+03 -2.497999999999883585e+02
3.809870724637681178e+03 -3.777999999999883585e+02
3.823775362318840507e+03 -2.327999999999883585e+02
3.837679999999999836e+03 -3.427999999999883585e+02
3.851584637681159165e+03 -6.777999999999883585e+02
3.865489275362318494e+03 -1.377999999999883585e+02
3.879393913043478278e+03 6.522000000000116415e+02
3.893298550724637607e+03 8.320000000001164153e+01
3.907203188405796936e+03 -5.607999999999883585e+02
3.921107826086956265e+03 -5.167999999999883585e+02
3.935012463768115595e+03 2.442000000000116415e+02
3.948917101449275378e+03 7.642000000000116415e+02
3.962821739130434707e+03 8.520000000001164153e+01
3.976726376811594037e+03 -9.479999999998835847e+01
3.990631014492753366e+03 3.320000000001164153e+01
4.004535652173912695e+03 -1.090799999999988358e+03
4.018440289855072479e+03 -7.407999999999883585e+02
4.032344927536231808e+03 -6.787999999999883585e+02
4.046249565217391137e+03 -2.397999999999883585e+02
4.060154202898550466e+03 9.542000000000116415e+02
4.074058840579709795e+03 -1.437999999999883585e+02
4.087963478260869579e+03 7.720000000001164153e+01
4.101868115942028453e+03 -5.257999999999883585e+02
4.115772753623187782e+03 6.120000000001164153e+01
4.129677391304348021e+03 2.320000000001164153e+01
4.143582028985507350e+03 6.820000000001164153e+01
4.157486666666666679e+03 -3.479999999998835847e+01
4.171391304347826008e+03 5.372000000000116415e+02
4.185295942028985337e+03 -1.347999999999883585e+02
4.199200579710144666e+03 3.832000000000116415e+02
4.213105217391303995e+03 -2.627999999999883585e+02
4.227009855072463324e+03 -3.047999999999883585e+02
4.240914492753622653e+03 -2.467999999999883585e+02
4.254819130434781982e+03 4.262000000000116415e+02
4.268723768115942221e+03 3.444200000000011642e+03
4.282628405797101550e+03 -2.557999999999883585e+02
4.296533043478260879e+03 8.462000000000116415e+02
4.310437681159420208e+03 8.482000000000116415e+02
4.324342318840579537e+03 2.392000000000116415e+02
4.338246956521738866e+03 -5.987999999999883585e+02
4.352151594202898195e+03 6.102000000000116415e+02
4.366056231884057524e+03 9.562000000000116415e+02
4.379960869565216854e+03 3.552000000000116415e+02
4.393865507246376183e+03 7.462000000000116415e+02
4.407770144927536421e+03 1.335200000000011642e+03
4.421674782608695750e+03 6.682000000000116415e+02
4.435579420289855079e+03 4.432000000000116415e+02
4.449484057971014408e+03 3.212000000000116415e+02
4.463388695652173737e+03 8.200000000011641532e+00
4.477293333333333067e+03 1.233200000000011642e+03
4.491197971014492396e+03 1.385200000000011642e+03
4.505102608695651725e+03 4.502000000000116415e+02
4.519007246376811054e+03 6.392000000000116415e+02
4.532911884057970383e+03 1.300200000000011642e+03
4.546816521739130621e+03 7.382000000000116415e+02
4.560721159420289951e+03 1.600200000000011642e+03
4.574625797101449280e+03 6.822000000000116415e+02
4.588530434782608609e+03 2.029200000000011642e+03
4.602435072463767938e+03 4.532000000000116415e+02
4.616339710144927267e+03 1.592000000000116415e+02
4.630244347826086596e+03 4.402000000000116415e+02
4.644148985507245925e+03 6.882000000000116415e+02
4.658053623188405254e+03 9.772000000000116415e+02
4.671958260869564583e+03 1.977200000000011642e+03
4.685862898550724822e+03 1.135200000000011642e+03
4.699767536231884151e+03 1.552000000000116415e+02
4.713672173913043480e+03 8.842000000000116415e+02
4.727576811594202809e+03 -8.879999999998835847e+01
4.741481449275362138e+03 1.097200000000011642e+03
4.755386086956521467e+03 4.662000000000116415e+02
4.769290724637680796e+03 3.292000000000116415e+02
4.783195362318840125e+03 8.842000000000116415e+02
4.797099999999999454e+03 8.192000000000116415e+02
4.811004637681158783e+03 1.056200000000011642e+03
4.824909275362319022e+03 -2.637999999999883585e+02
4.838813913043478351e+03 1.122200000000011642e+03
4.852718550724637680e+03 7.372000000000116415e+02
4.866623188405797009e+03 6.662000000000116415e+02
4.880527826086956338e+03 5.462000000000116415e+02
4.894432463768115667e+03 6.792000000000116415e+02
4.908337101449274996e+03 1.113200000000011642e+03
4.922241739130434325e+03 1.920000000001164153e+01
4.936146376811593655e+03 2.872000000000116415e+02
4.950051014492752984e+03 9.692000000000116415e+02
4.963955652173913222e+03 7.682000000000116415e+02
4.977860289855072551e+03 1.810200000000011642e+03
4.991764927536231880e+03 9.072000000000116415e+02
5.005669565217391209e+03 1.567200000000011642e+03
5.019574202898550539e+03 1.126200000000011642e+03
5.033478840579709868e+03 6.372000000000116415e+02
5.047383478260869197e+03 5.842000000000116415e+02
5.061288115942028526e+03 -5.040799999999988358e+03
5.075192753623187855e+03 -1.170079999999998836e+04
5.089097391304347184e+03 -1.171579999999998836e+04
5.103002028985507422e+03 -1.175379999999998836e+04
5.116906666666666752e+03 -1.177279999999998836e+04
5.130811304347826081e+03 -1.161379999999998836e+04
5.144715942028985410e+03 -1.160079999999998836e+04
5.158620579710144739e+03 -1.183579999999998836e+04
5.172525217391304068e+03 -1.175579999999998836e+04
5.186429855072463397e+03 -1.157379999999998836e+04
5.200334492753622726e+03 -1.168179999999998836e+04
5.214239130434782055e+03 -1.163979999999998836e+04
5.228143768115941384e+03 -1.166779999999998836e+04
5.242048405797101623e+03 -1.178879999999998836e+04
5.255953043478260952e+03 -1.173279999999998836e+04
5.269857681159420281e+03 -1.168079999999998836e+04
5.283762318840579610e+03 -1.160579999999998836e+04
5.297666956521738939e+03 -1.180579999999998836e+04
5.311571594202898268e+03 -1.171179999999998836e+04
5.325476231884057597e+03 -1.167679999999998836e+04
5.339380869565216926e+03 -1.165079999999998836e+04
5.353285507246376255e+03 -1.156279999999998836e+04
5.367190144927535584e+03 -1.154579999999998836e+04
5.381094782608695823e+03 -1.154879999999998836e+04
