-2.000492765957446863e+03 -2.408440000000002328e+03
-1.986883971631205668e+03 -8.431440000000002328e+03
-1.973275177304964473e+03 -9.641440000000002328e+03
-1.959666382978723504e+03 -1.009044000000000233e+04
-1.946057588652482309e+03 -1.046844000000000233e+04
-1.932448794326241114e+03 -1.088844000000000233e+04
-1.918840000000000146e+03 -1.111944000000000233e+04
-1.905231205673758950e+03 -1.134644000000000233e+04
-1.891622411347517755e+03 -1.137044000000000233e+04
-1.878013617021276559e+03 -1.185344000000000233e+04
-1.864404822695035591e+03 -1.181644000000000233e+04
-1.850796028368794396e+03 -1.207944000000000233e+04
-1.837187234042553200e+03 -6.519440000000002328e+03
-1.823578439716312005e+03 -1.062440000000002328e+03
-1.809969645390071037e+03 -1.722440000000002328e+03
-1.796360851063829841e+03 -2.034440000000002328e+03
-1.782752056737588646e+03 -2.130440000000002328e+03
-1.769143262411347450e+03 -1.011440000000002328e+03
-1.755534468085106482e+03 -2.013440000000002328e+03
-1.741925673758865287e+03 -1.758440000000002328e+03
-1.728316879432624091e+03 -1.897440000000002328e+03
-1.714708085106383123e+03 -2.118440000000002328e+03
-1.701099290780141928e+03 -2.237440000000002328e+03
-1.687490496453900732e+03 4.365599999999976717e+02
-1.673881702127659537e+03 -2.396440000000002328e+03
-1.660272907801418569e+03 -2.215440000000002328e+03
-1.646664113475177373e+03 -1.311440000000002328e+03
-1.633055319148936178e+03 -2.999440000000002328e+03
-1.619446524822694983e+03 -1.933440000000002328e+03
-1.605837730496454014e+03 -2.878440000000002328e+03
-1.592228936170212819e+03 -2.557440000000002328e+03
-1.578620141843971624e+03 -2.590440000000002328e+03
-1.565011347517730428e+03 -3.317440000000002328e+03
-1.551402553191489460e+03 -3.265440000000002328e+03
-1.537793758865248265e+03 -3.528440000000002328e+03
-1.524184964539007069e+03 -2.852440000000002328e+03
-1.510576170212766101e+03 -2.667440000000002328e+03
-1.496967375886524906e+03 -2.622440000000002328e+03
-1.483358581560283710e+03 -2.003440000000002328e+03
-1.469749787234042515e+03 -2.849440000000002328e+03
-1.456140992907801547e+03 -2.016440000000002328e+03
-1.442532198581560351e+03 -2.864440000000002328e+03
-1.428923404255319156e+03 -2.245440000000002328e+03
-1.415314609929077960e+03 -2.478440000000002328e+03
-1.401705815602836992e+03 -2.653440000000002328e+03
-1.388097021276595797e+03 -2.446440000000002328e+03
-1.374488226950354601e+03 -2.635440000000002328e+03
-1.360879432624113406e+03 -1.392440000000002328e+03
-1.347270638297872438e+03 -3.090440000000002328e+03
-1.333661843971631242e+03 -3.105440000000002328e+03
-1.320053049645390047e+03 -3.195440000000002328e+03
-1.306444255319148851e+03 -3.000440000000002328e+03
-1.292835460992907883e+03 -3.053440000000002328e+03
-1.279226666666666688e+03 -2.068440000000002328e+03
-1.265617872340425492e+03 -2.175440000000002328e+03
-1.252009078014184524e+03 -3.376440000000002328e+03
-1.238400283687943329e+03 -2.863440000000002328e+03
-1.224791489361702133e+03 -3.069440000000002328e+03
-1.211182695035460938e+03 -2.885440000000002328e+03
-1.197573900709219970e+03 -3.350440000000002328e+03
-1.183965106382978774e+03 -3.074440000000002328e+03
-1.170356312056737579e+03 -1.879440000000002328e+03
-1.156747517730496384e+03 -2.604440000000002328e+03
-1.143138723404255416e+03 -2.186440000000002328e+03
-1.129529929078014220e+03 -2.592440000000002328e+03
-1.115921134751773025e+03 -2.090440000000002328e+03
-1.102312340425531829e+03 -3.340440000000002328e+03
-1.088703546099290861e+03 -2.769440000000002328e+03
-1.075094751773049666e+03 -3.429440000000002328e+03
-1.061485957446808470e+03 -2.501440000000002328e+03
-1.047877163120567502e+03 -3.009440000000002328e+03
-1.034268368794326307e+03 -3.664440000000002328e+03
-1.020659574468085111e+03 -2.772440000000002328e+03
-1.007050780141844029e+03 -2.119440000000002328e+03
-9.934419858156028340e+02 -2.608440000000002328e+03
-9.798331914893617522e+02 -3.157440000000002328e+03
-9.662243971631205568e+02 -2.918440000000002328e+03
-9.526156028368794750e+02 -3.192440000000002328e+03
-9.390068085106382796e+02 -2.947440000000002328e+03
-9.253980141843971978e+02 -2.921440000000002328e+03
-9.117892198581560024e+02 -2.712440000000002328e+03
-8.981804255319149206e+02 -3.180440000000002328e+03
-8.845716312056737252e+02 -2.529440000000002328e+03
-8.709628368794326434e+02 -2.817440000000002328e+03
-8.573540425531915616e+02 -2.717440000000002328e+03
-8.437452482269503662e+02 -3.152440000000002328e+03
-8.301364539007092844e+02 -2.939440000000002328e+03
-8.165276595744680890e+02 -2.817440000000002328e+03
-8.029188652482270072e+02 -2.261440000000002328e+03
-7.893100709219858118e+02 -2.540440000000002328e+03
-7.757012765957447300e+02 -2.722440000000002328e+03
-7.620924822695035346e+02 -2.841440000000002328e+03
-7.484836879432624528e+02 -2.926440000000002328e+03
-7.348748936170212573e+02 -3.034440000000002328e+03
-7.212660992907801756e+02 -3.315440000000002328e+03
-7.076573049645389801e+02 -3.000440000000002328e+03
-6.940485106382978984e+02 -3.112440000000002328e+03
-6.804397163120567029e+02 -3.050440000000002328e+03
-6.668309219858156212e+02 -2.595440000000002328e+03
-6.532221276595744257e+02 -2.830440000000002328e+03
-6.396133333333333439e+02 -2.784440000000002328e+03
-6.260045390070922622e+02 -3.733440000000002328e+03
-6.123957446808510667e+02 -2.492440000000002328e+03
-5.987869503546099850e+02 -2.641440000000002328e+03
-5.851781560283687895e+02 -3.025440000000002328e+03
-5.715693617021277078e+02 -2.964440000000002328e+03
-5.579605673758865123e+02 -3.214440000000002328e+03
-5.443517730496454305e+02 -2.928440000000002328e+03
-5.307429787234042351e+02 -3.211440000000002328e+03
-5.171341843971631533e+02 -2.889440000000002328e+03
-5.035253900709220147e+02 -3.576440000000002328e+03
-4.899165957446808761e+02 -3.604440000000002328e+03
-4.763078014184397375e+02 -3.342440000000002328e+03
-4.626990070921985989e+02 -4.100440000000002328e+03
-4.490902127659574603e+02 -3.135440000000002328e+03
-4.354814184397163217e+02 -3.239440000000002328e+03
-4.218726241134751831e+02 -3.586440000000002328e+03
-4.082638297872340445e+02 -3.660440000000002328e+03
-3.946550354609929059e+02 -2.393440000000002328e+03
-3.810462411347517673e+02 -3.271440000000002328e+03
-3.674374468085106287e+02 -2.734440000000002328e+03
-3.538286524822694901e+02 -3.456440000000002328e+03
-3.402198581560283515e+02 -2.802440000000002328e+03
-3.266110638297872129e+02 -3.186440000000002328e+03
-3.130022695035461311e+02 -2.518440000000002328e+03
-2.993934751773049925e+02 -2.889440000000002328e+03
-2.857846808510638539e+02 -2.221440000000002328e+03
-2.721758865248227153e+02 -2.931440000000002328e+03
-2.585670921985815767e+02 -2.488440000000002328e+03
-2.449582978723404381e+02 -2.529440000000002328e+03
-2.313495035460992995e+02 -3.076440000000002328e+03
-2.177407092198581608e+02 -3.625440000000002328e+03
-2.041319148936170222e+02 -3.350440000000002328e+03
-1.905231205673758836e+02 -3.146440000000002328e+03
-1.769143262411347450e+02 -2.098440000000002328e+03
-1.633055319148936064e+02 -2.423440000000002328e+03
-1.496967375886524962e+02 -2.810440000000002328e+03
-1.360879432624113576e+02 -2.320440000000002328e+03
-1.224791489361702190e+02 -2.318440000000002328e+03
-1.088703546099290804e+02 -2.131440000000002328e+03
-9.526156028368794182e+01 -1.590440000000002328e+03
-8.165276595744680321e+01 -2.264400000000023283e+02
-6.804397163120567882e+01 2.976559999999997672e+03
-5.443517730496454021e+01 9.604559999999997672e+03
-4.082638297872340161e+01 2.380255999999999767e+04
-2.721758865248227011e+01 4.864155999999999767e+04
-1.360879432624113505e+01 9.427255999999999767e+04
0.000000000000000000e+00 1.646785599999999977e+05
1.360879432624113505e+01 2.581055599999999977e+05
2.721758865248227011e+01 3.794045599999999977e+05
4.082638297872340161e+01 5.307005600000000559e+05
5.443517730496454021e+01 7.058905600000000559e+05
6.804397163120567882e+01 9.015065600000000559e+05
8.165276595744680321e+01 1.120731560000000056e+06
9.526156028368794182e+01 1.349458560000000056e+06
1.088703546099290804e+02 1.577407560000000056e+06
1.224791489361702190e+02 1.824264560000000056e+06
1.360879432624113576e+02 2.086184560000000056e+06
1.496967375886524962e+02 2.327751560000000056e+06
1.633055319148936064e+02 2.582685560000000056e+06
1.769143262411347450e+02 2.822789560000000056e+06
1.905231205673758836e+02 3.071788560000000056e+06
2.041319148936170222e+02 3.301389560000000056e+06
2.177407092198581608e+02 3.499458560000000056e+06
2.313495035460992995e+02 3.651969560000000056e+06
2.449582978723404381e+02 3.806094560000000056e+06
2.585670921985815767e+02 3.967945560000000056e+06
2.721758865248227153e+02 4.097484560000000056e+06
2.857846808510638539e+02 4.190461560000000056e+06
2.993934751773049925e+02 4.237868559999999590e+06
3.130022695035461311e+02 4.288711559999999590e+06
3.266110638297872129e+02 4.320014559999999590e+06
3.402198581560283515e+02 4.338251559999999590e+06
3.538286524822694901e+02 4.328900559999999590e+06
3.674374468085106287e+02 4.327191559999999590e+06
3.810462411347517673e+02 4.319362559999999590e+06
3.946550354609929059e+02 4.277448559999999590e+06
4.082638297872340445e+02 4.240000559999999590e+06
4.218726241134751831e+02 4.221864559999999590e+06
4.354814184397163217e+02 4.177922560000000056e+06
4.490902127659574603e+02 4.110545560000000056e+06
4.626990070921985989e+02 4.050175560000000056e+06
4.763078014184397375e+02 4.010023560000000056e+06
4.899165957446808761e+02 3.965080560000000056e+06
5.035253900709220147e+02 3.916264560000000056e+06
5.171341843971631533e+02 3.862902560000000056e+06
5.307429787234042351e+02 3.798192560000000056e+06
5.443517730496454305e+02 3.751701560000000056e+06
5.579605673758865123e+02 3.725114560000000056e+06
5.715693617021277078e+02 3.684106560000000056e+06
5.851781560283687895e+02 3.642209560000000056e+06
5.987869503546099850e+02 3.604908560000000056e+06
6.123957446808510667e+02 3.575360560000000056e+06
6.260045390070922622e+02 3.562347560000000056e+06
6.396133333333333439e+02 3.560635560000000056e+06
6.532221276595744257e+02 3.516269560000000056e+06
6.668309219858156212e+02 3.481920560000000056e+06
6.804397163120567029e+02 3.469483560000000056e+06
6.940485106382978984e+02 3.466880560000000056e+06
7.076573049645389801e+02 3.438675560000000056e+06
7.212660992907801756e+02 3.400989560000000056e+06
7.348748936170212573e+02 3.367456560000000056e+06
7.484836879432624528e+02 3.347680560000000056e+06
7.620924822695035346e+02 3.325945560000000056e+06
7.757012765957447300e+02 3.296663560000000056e+06
7.893100709219858118e+02 3.267185560000000056e+06
8.029188652482270072e+02 3.221183560000000056e+06
8.165276595744680890e+02 3.202960560000000056e+06
8.301364539007092844e+02 3.172990560000000056e+06
8.437452482269503662e+02 3.132934560000000056e+06
8.573540425531915616e+02 3.066432560000000056e+06
8.709628368794326434e+02 3.019714560000000056e+06
8.845716312056737252e+02 2.971867560000000056e+06
8.981804255319149206e+02 2.924835560000000056e+06
9.117892198581560024e+02 2.889499560000000056e+06
9.253980141843971978e+02 2.850805560000000056e+06
9.390068085106382796e+02 2.812430560000000056e+06
9.526156028368794750e+02 2.779239560000000056e+06
9.662243971631205568e+02 2.769367560000000056e+06
9.798331914893617522e+02 2.754006560000000056e+06
9.934419858156028340e+02 2.728511560000000056e+06
1.007050780141844029e+03 2.706361560000000056e+06
1.020659574468085111e+03 2.703753560000000056e+06
1.034268368794326307e+03 2.726143560000000056e+06
1.047877163120567502e+03 2.753605560000000056e+06
1.061485957446808470e+03 2.771077560000000056e+06
1.075094751773049666e+03 2.816583560000000056e+06
1.088703546099290861e+03 2.870341560000000056e+06
1.102312340425531829e+03 2.929461560000000056e+06
1.115921134751773025e+03 3.008611560000000056e+06
1.129529929078014220e+03 3.105560560000000056e+06
1.143138723404255416e+03 3.222602560000000056e+06
1.156747517730496384e+03 3.323676560000000056e+06
1.170356312056737579e+03 3.437964560000000056e+06
1.183965106382978774e+03 3.554449560000000056e+06
1.197573900709219970e+03 3.718884560000000056e+06
1.211182695035460938e+03 3.847508560000000056e+06
1.224791489361702133e+03 3.977855560000000056e+06
1.238400283687943329e+03 4.111602560000000056e+06
1.252009078014184524e+03 4.254937559999999590e+06
1.265617872340425492e+03 4.393588559999999590e+06
1.279226666666666688e+03 4.537384559999999590e+06
1.292835460992907883e+03 4.671949559999999590e+06
1.306444255319148851e+03 4.764324559999999590e+06
1.320053049645390047e+03 4.861790559999999590e+06
1.333661843971631242e+03 4.985422559999999590e+06
1.347270638297872438e+03 5.080006559999999590e+06
1.360879432624113406e+03 5.156012559999999590e+06
1.374488226950354601e+03 5.235455559999999590e+06
1.388097021276595797e+03 5.317432559999999590e+06
1.401705815602836992e+03 5.401549559999999590e+06
1.415314609929077960e+03 5.448924559999999590e+06
1.428923404255319156e+03 5.485783559999999590e+06
1.442532198581560351e+03 5.516737559999999590e+06
1.456140992907801547e+03 5.549819559999999590e+06
1.469749787234042515e+03 5.575672559999999590e+06
1.483358581560283710e+03 5.575192559999999590e+06
1.496967375886524906e+03 5.575722559999999590e+06
1.510576170212766101e+03 5.563581559999999590e+06
1.524184964539007069e+03 5.540077559999999590e+06
1.537793758865248265e+03 5.537319559999999590e+06
1.551402553191489460e+03 5.542294559999999590e+06
1.565011347517730428e+03 5.541660559999999590e+06
1.578620141843971624e+03 5.533833559999999590e+06
1.592228936170212819e+03 5.495698559999999590e+06
1.605837730496454014e+03 5.457024559999999590e+06
1.619446524822694983e+03 5.421678559999999590e+06
1.633055319148936178e+03 5.405026559999999590e+06
1.646664113475177373e+03 5.385431559999999590e+06
1.660272907801418569e+03 5.332762559999999590e+06
1.673881702127659537e+03 5.255142559999999590e+06
1.687490496453900732e+03 5.181428559999999590e+06
1.701099290780141928e+03 5.050767559999999590e+06
1.714708085106383123e+03 4.899133559999999590e+06
1.728316879432624091e+03 4.727758559999999590e+06
1.741925673758865287e+03 4.518965559999999590e+06
1.755534468085106482e+03 4.272506559999999590e+06
1.769143262411347450e+03 3.974323560000000056e+06
1.782752056737588646e+03 3.635673560000000056e+06
1.796360851063829841e+03 3.281710560000000056e+06
1.809969645390071037e+03 2.891267560000000056e+06
1.823578439716312005e+03 2.479916560000000056e+06
1.837187234042553200e+03 2.088358560000000056e+06
1.850796028368794396e+03 1.734174560000000056e+06
1.864404822695035591e+03 1.417462560000000056e+06
1.878013617021276559e+03 1.128864560000000056e+06
1.891622411347517755e+03 8.764165600000000559e+05
1.905231205673758950e+03 6.701385600000000559e+05
1.918840000000000146e+03 4.966105599999999977e+05
1.932448794326241114e+03 3.537625599999999977e+05
1.946057588652482309e+03 2.471145599999999977e+05
1.959666382978723504e+03 1.714255599999999977e+05
1.973275177304964473e+03 1.196375599999999977e+05
1.986883971631205668e+03 8.467855999999999767e+04
2.000492765957446863e+03 6.349155999999999767e+04
2.014101560283688059e+03 5.297755999999999767e+04
2.027710354609929027e+03 4.869055999999999767e+04
2.041319148936170222e+03 4.617255999999999767e+04
2.054927943262411191e+03 4.501655999999999767e+04
2.068536737588652613e+03 4.138255999999999767e+04
2.082145531914893581e+03 4.026555999999999767e+04
2.095754326241135004e+03 3.919655999999999767e+04
2.109363120567375972e+03 3.791055999999999767e+04
2.122971914893616940e+03 3.927155999999999767e+04
2.136580709219858363e+03 4.061055999999999767e+04
2.150189503546099331e+03 3.889255999999999767e+04
2.163798297872340299e+03 3.718555999999999767e+04
2.177407092198581722e+03 3.401455999999999767e+04
2.191015886524822690e+03 3.300455999999999767e+04
2.204624680851063658e+03 3.346655999999999767e+04
2.218233475177305081e+03 3.162555999999999767e+04
2.231842269503546049e+03 2.915955999999999767e+04
2.245451063829787472e+03 2.516455999999999767e+04
2.259059858156028440e+03 2.294855999999999767e+04
2.272668652482269408e+03 2.363355999999999767e+04
2.286277446808510831e+03 2.209655999999999767e+04
2.299886241134751799e+03 1.969455999999999767e+04
2.313495035460992767e+03 1.605655999999999767e+04
2.327103829787234190e+03 1.368455999999999767e+04
2.340712624113475158e+03 1.210155999999999767e+04
2.354321418439716581e+03 1.065955999999999767e+04
2.367930212765957549e+03 9.170559999999997672e+03
2.381539007092198517e+03 8.262559999999997672e+03
2.395147801418439940e+03 7.920559999999997672e+03
2.408756595744680908e+03 6.969559999999997672e+03
2.422365390070921876e+03 6.921559999999997672e+03
2.435974184397163299e+03 7.391559999999997672e+03
2.449582978723404267e+03 5.612559999999997672e+03
2.463191773049645235e+03 5.103559999999997672e+03
2.476800567375886658e+03 4.016559999999997672e+03
2.490409361702127626e+03 3.481559999999997672e+03
2.504018156028369049e+03 3.228559999999997672e+03
2.517626950354610017e+03 1.987559999999997672e+03
2.531235744680850985e+03 2.281559999999997672e+03
2.544844539007092408e+03 1.765559999999997672e+03
2.558453333333333376e+03 1.370559999999997672e+03
2.572062127659574344e+03 3.108559999999997672e+03
2.585670921985815767e+03 1.540559999999997672e+03
2.599279716312056735e+03 9.655599999999976717e+02
2.612888510638297703e+03 5.845599999999976717e+02
2.626497304964539126e+03 -6.074400000000023283e+02
2.640106099290780094e+03 -4.204400000000023283e+02
2.653714893617021517e+03 -1.265440000000002328e+03
2.667323687943262485e+03 -1.853440000000002328e+03
2.680932482269503453e+03 -3.914400000000023283e+02
2.694541276595744876e+03 -1.690440000000002328e+03
2.708150070921985844e+03 -7.254400000000023283e+02
2.721758865248226812e+03 -1.722440000000002328e+03
2.735367659574468234e+03 -1.733440000000002328e+03
2.748976453900709203e+03 -1.432440000000002328e+03
2.762585248226950625e+03 -1.914440000000002328e+03
2.776194042553191593e+03 -1.785440000000002328e+03
2.789802836879432562e+03 -1.216440000000002328e+03
2.803411631205673984e+03 -2.115440000000002328e+03
2.817020425531914952e+03 -1.853440000000002328e+03
2.830629219858155921e+03 -2.211440000000002328e+03
2.844238014184397343e+03 -1.925440000000002328e+03
2.857846808510638311e+03 -7.384400000000023283e+02
2.871455602836879279e+03 -4.094400000000023283e+02
2.885064397163120702e+03 -1.249440000000002328e+03
2.898673191489361670e+03 -1.637440000000002328e+03
2.912281985815603093e+03 -1.530440000000002328e+03
2.925890780141844061e+03 -1.534440000000002328e+03
2.939499574468085029e+03 -8.474400000000023283e+02
2.953108368794326452e+03 -2.016440000000002328e+03
2.966717163120567420e+03 -2.502440000000002328e+03
2.980325957446808388e+03 -2.269440000000002328e+03
2.993934751773049811e+03 -2.775440000000002328e+03
3.007543546099290779e+03 -1.668440000000002328e+03
3.021152340425532202e+03 -1.081440000000002328e+03
3.034761134751773170e+03 -1.999440000000002328e+03
3.048369929078014138e+03 -1.520440000000002328e+03
3.061978723404255561e+03 -1.519440000000002328e+03
3.075587517730496529e+03 -2.545440000000002328e+03
3.089196312056737497e+03 -2.490440000000002328e+03
3.102805106382978920e+03 -1.988440000000002328e+03
3.116413900709219888e+03 -2.593440000000002328e+03
3.130022695035460856e+03 -2.106440000000002328e+03
3.143631489361702279e+03 -1.841440000000002328e+03
3.157240283687943247e+03 -9.554400000000023283e+02
3.170849078014184670e+03 -7.784400000000023283e+02
3.184457872340425638e+03 -1.903440000000002328e+03
3.198066666666666606e+03 -1.445440000000002328e+03
3.211675460992908029e+03 -2.146440000000002328e+03
3.225284255319148997e+03 -1.860440000000002328e+03
3.238893049645389965e+03 -1.163440000000002328e+03
3.252501843971631388e+03 -1.256440000000002328e+03
3.266110638297872356e+03 -8.724400000000023283e+02
3.279719432624113324e+03 -1.116440000000002328e+03
3.293328226950354747e+03 -1.307440000000002328e+03
3.306937021276595715e+03 -1.134440000000002328e+03
3.320545815602837138e+03 -8.494400000000023283e+02
3.334154609929078106e+03 -1.709440000000002328e+03
3.347763404255319074e+03 -1.021440000000002328e+03
3.361372198581560497e+03 -9.514400000000023283e+02
3.374980992907801465e+03 -4.214400000000023283e+02
3.388589787234042433e+03 -1.208440000000002328e+03
3.402198581560283856e+03 -1.658440000000002328e+03
3.415807375886524824e+03 -1.220440000000002328e+03
3.429416170212766247e+03 -1.242440000000002328e+03
3.443024964539007215e+03 -7.124400000000023283e+02
3.456633758865248183e+03 -1.646440000000002328e+03
3.470242553191489606e+03 -1.811440000000002328e+03
3.483851347517730574e+03 -1.556440000000002328e+03
3.497460141843971542e+03 -2.004440000000002328e+03
3.511068936170212964e+03 -1.590440000000002328e+03
3.524677730496453933e+03 -1.176440000000002328e+03
3.538286524822694901e+03 -1.067440000000002328e+03
3.551895319148936323e+03 -1.232440000000002328e+03
3.565504113475177292e+03 -8.494400000000023283e+02
3.579112907801418714e+03 -1.251440000000002328e+03
3.592721702127659682e+03 -1.127440000000002328e+03
3.606330496453900651e+03 -1.098440000000002328e+03
3.619939290780142073e+03 -6.984400000000023283e+02
3.633548085106383041e+03 -8.044400000000023283e+02
3.647156879432624009e+03 1.055599999999976717e+02
3.660765673758865432e+03 -1.724400000000023283e+02
3.674374468085106400e+03 -5.434400000000023283e+02
3.687983262411347823e+03 7.195599999999976717e+02
3.701592056737588791e+03 -2.624400000000023283e+02
3.715200851063829759e+03 -2.994400000000023283e+02
3.728809645390071182e+03 1.535599999999976717e+02
3.742418439716312150e+03 -9.644000000000232831e+01
3.756027234042553118e+03 -1.994400000000023283e+02
3.769636028368794541e+03 -2.184400000000023283e+02
3.783244822695035509e+03 -4.554400000000023283e+02
3.796853617021276477e+03 -1.003440000000002328e+03
3.810462411347517900e+03 -6.154400000000023283e+02
3.824071205673758868e+03 -1.371440000000002328e+03
3.837680000000000291e+03 -2.184400000000023283e+02
3.851288794326241259e+03 -5.624400000000023283e+02
3.864897588652482227e+03 -8.344400000000023283e+02
3.878506382978723650e+03 7.255999999999767169e+01
3.892115177304964618e+03 -6.204400000000023283e+02
3.905723971631205586e+03 -8.514400000000023283e+02
3.919332765957447009e+03 -9.234400000000023283e+02
3.932941560283687977e+03 -1.480440000000002328e+03
3.946550354609928945e+03 -1.360440000000002328e+03
3.960159148936170368e+03 -8.314400000000023283e+02
3.973767943262411336e+03 -1.434400000000023283e+02
3.987376737588652759e+03 -8.214400000000023283e+02
4.000985531914893727e+03 -1.241440000000002328e+03
4.014594326241134695e+03 -9.604400000000023283e+02
4.028203120567376118e+03 -2.644400000000023283e+02
4.041811914893617086e+03 6.425599999999976717e+02
4.055420709219858054e+03 -3.734400000000023283e+02
4.069029503546099477e+03 4.335599999999976717e+02
4.082638297872340445e+03 -1.244400000000023283e+02
4.096247092198581413e+03 -1.273440000000002328e+03
4.109855886524822381e+03 1.555999999999767169e+01
4.123464680851064259e+03 -7.264400000000023283e+02
4.137073475177305227e+03 -2.124400000000023283e+02
4.150682269503546195e+03 1.054559999999997672e+03
4.164291063829787163e+03 -9.844000000000232831e+01
4.177899858156028131e+03 3.525599999999976717e+02
4.191508652482270008e+03 4.825599999999976717e+02
4.205117446808510977e+03 1.205599999999976717e+02
4.218726241134751945e+03 7.855999999999767169e+01
4.232335035460992913e+03 3.105599999999976717e+02
4.245943829787233881e+03 -2.744000000000232831e+01
4.259552624113474849e+03 2.245599999999976717e+02
4.273161418439716726e+03 1.145599999999976717e+02
4.286770212765957695e+03 5.855999999999767169e+01
4.300379007092198663e+03 4.225599999999976717e+02
4.313987801418439631e+03 -6.084400000000023283e+02
4.327596595744680599e+03 -4.344400000000023283e+02
4.341205390070922476e+03 6.995599999999976717e+02
4.354814184397163444e+03 3.401559999999997672e+03
4.368422978723404412e+03 -2.214400000000023283e+02
4.382031773049645381e+03 -4.344000000000232831e+01
4.395640567375886349e+03 1.170559999999997672e+03
4.409249361702127317e+03 8.245599999999976717e+02
4.422858156028369194e+03 -1.924400000000023283e+02
4.436466950354610162e+03 7.745599999999976717e+02
4.450075744680851130e+03 1.767559999999997672e+03
4.463684539007092098e+03 1.715559999999997672e+03
4.477293333333333067e+03 8.845599999999976717e+02
4.490902127659574944e+03 1.112559999999997672e+03
4.504510921985815912e+03 9.135599999999976717e+02
4.518119716312056880e+03 6.815599999999976717e+02
4.531728510638297848e+03 1.725599999999976717e+02
4.545337304964538816e+03 3.105599999999976717e+02
4.558946099290780694e+03 1.855559999999997672e+03
4.572554893617021662e+03 1.550559999999997672e+03
4.586163687943262630e+03 1.073559999999997672e+03
4.599772482269503598e+03 9.215599999999976717e+02
4.613381276595744566e+03 1.375559999999997672e+03
4.626990070921985534e+03 1.434559999999997672e+03
4.640598865248227412e+03 1.545559999999997672e+03
4.654207659574468380e+03 5.885599999999976717e+02
4.667816453900709348e+03 1.846559999999997672e+03
4.681425248226950316e+03 1.114559999999997672e+03
4.695034042553191284e+03 5.145599999999976717e+02
4.708642836879433162e+03 1.034559999999997672e+03
4.722251631205674130e+03 1.249559999999997672e+03
4.735860425531915098e+03 5.315599999999976717e+02
4.749469219858156066e+03 1.676559999999997672e+03
4.763078014184397034e+03 3.815599999999976717e+02
4.776686808510638002e+03 4.785599999999976717e+02
4.790295602836879880e+03 3.505599999999976717e+02
4.803904397163120848e+03 -3.444400000000023283e+02
4.817513191489361816e+03 7.615599999999976717e+02
4.831121985815602784e+03 -1.104400000000023283e+02
4.844730780141843752e+03 -4.934400000000023283e+02
4.858339574468085630e+03 -8.314400000000023283e+02
4.871948368794326598e+03 -4.814400000000023283e+02
4.885557163120567566e+03 -9.544000000000232831e+01
4.899165957446808534e+03 4.555999999999767169e+01
4.912774751773049502e+03 6.005599999999976717e+02
4.926383546099290470e+03 -1.414400000000023283e+02
4.939992340425532348e+03 -4.434400000000023283e+02
4.953601134751773316e+03 -1.164400000000023283e+02
4.967209929078014284e+03 -5.554400000000023283e+02
4.980818723404255252e+03 -2.184400000000023283e+02
4.994427517730496220e+03 -6.594400000000023283e+02
5.008036312056738097e+03 -3.324400000000023283e+02
5.021645106382979066e+03 9.475599999999976717e+02
5.035253900709220034e+03 4.215599999999976717e+02
5.048862695035461002e+03 7.205599999999976717e+02
5.062471489361701970e+03 2.995599999999976717e+02
5.076080283687942938e+03 1.144559999999997672e+03
5.089689078014184815e+03 2.805599999999976717e+02
5.103297872340425783e+03 -1.184400000000023283e+02
5.116906666666666752e+03 -9.244000000000232831e+01
5.130515460992907720e+03 -6.238440000000002328e+03
5.144124255319148688e+03 -1.369344000000000233e+04
5.157733049645390565e+03 -1.378044000000000233e+04
5.171341843971631533e+03 -1.377544000000000233e+04
5.184950638297872501e+03 -1.391844000000000233e+04
5.198559432624113470e+03 -1.371844000000000233e+04
5.212168226950354438e+03 -1.371644000000000233e+04
5.225777021276595406e+03 -1.375044000000000233e+04
5.239385815602837283e+03 -1.377044000000000233e+04
5.252994609929078251e+03 -1.368744000000000233e+04
5.266603404255319219e+03 -1.379844000000000233e+04
5.280212198581560187e+03 -1.374544000000000233e+04
5.293820992907801156e+03 -1.384244000000000233e+04
5.307429787234043033e+03 -1.404144000000000233e+04
5.321038581560284001e+03 -1.377644000000000233e+04
5.334647375886524969e+03 -1.376544000000000233e+04
5.348256170212765937e+03 -1.394544000000000233e+04
5.361864964539006905e+03 -1.377344000000000233e+04
5.375473758865248783e+03 -1.360744000000000233e+04
5.389082553191489751e+03 -1.389944000000000233e+04
5.402691347517730719e+03 -1.392644000000000233e+04
5.416300141843971687e+03 -1.373744000000000233e+04
5.429908936170212655e+03 -1.381344000000000233e+04
5.443517730496453623e+03 -1.379944000000000233e+04
