-3.557643741007193967e+03 1.175020000000018626e+03
-3.535950791366906287e+03 -5.836979999999981374e+03
-3.514257841726618608e+03 -7.503979999999981374e+03
-3.492564892086330474e+03 -8.097979999999981374e+03
-3.470871942446042794e+03 -8.461979999999981374e+03
-3.449178992805755115e+03 -8.884979999999981374e+03
-3.427486043165467436e+03 -9.152979999999981374e+03
-3.405793093525179756e+03 -9.438979999999981374e+03
-3.384100143884891622e+03 -9.556979999999981374e+03
-3.362407194244603943e+03 -9.872979999999981374e+03
-3.340714244604316264e+03 -1.023997999999998137e+04
-3.319021294964028584e+03 -1.011797999999998137e+04
-3.297328345323740905e+03 -5.616979999999981374e+03
-3.275635395683452771e+03 -4.439799999999813735e+02
-3.253942446043165091e+03 -4.999799999999813735e+02
-3.232249496402877412e+03 -9.429799999999813735e+02
-3.210556546762589733e+03 -8.449799999999813735e+02
-3.188863597122302053e+03 -5.099799999999813735e+02
-3.167170647482014374e+03 -1.040979999999981374e+03
-3.145477697841726240e+03 -1.043979999999981374e+03
-3.123784748201438560e+03 -1.144979999999981374e+03
-3.102091798561150881e+03 -1.132979999999981374e+03
-3.080398848920863202e+03 -1.452979999999981374e+03
-3.058705899280575522e+03 1.202020000000018626e+03
-3.037012949640287388e+03 -1.880979999999981374e+03
-3.015319999999999709e+03 -1.461979999999981374e+03
-2.993627050359712030e+03 -8.209799999999813735e+02
-2.971934100719424350e+03 -2.263979999999981374e+03
-2.950241151079136671e+03 -1.288979999999981374e+03
-2.928548201438848537e+03 -1.842979999999981374e+03
-2.906855251798560857e+03 -1.509979999999981374e+03
-2.885162302158273178e+03 -1.997979999999981374e+03
-2.863469352517985499e+03 -2.288979999999981374e+03
-2.841776402877697819e+03 -2.426979999999981374e+03
-2.820083453237409685e+03 -2.480979999999981374e+03
-2.798390503597122006e+03 -2.332979999999981374e+03
-2.776697553956834327e+03 -2.136979999999981374e+03
-2.755004604316546647e+03 -1.880979999999981374e+03
-2.733311654676258968e+03 -1.000979999999981374e+03
-2.711618705035970834e+03 -2.196979999999981374e+03
-2.689925755395683154e+03 -1.797979999999981374e+03
-2.668232805755395475e+03 -2.024979999999981374e+03
-2.646539856115107796e+03 -1.654979999999981374e+03
-2.624846906474820116e+03 -1.898979999999981374e+03
-2.603153956834531982e+03 -1.557979999999981374e+03
-2.581461007194244303e+03 -1.735979999999981374e+03
-2.559768057553956623e+03 -1.977979999999981374e+03
-2.538075107913668944e+03 -1.940979999999981374e+03
-2.516382158273381265e+03 -2.552979999999981374e+03
-2.494689208633093131e+03 -2.164979999999981374e+03
-2.472996258992805451e+03 -2.051979999999981374e+03
-2.451303309352517772e+03 -2.406979999999981374e+03
-2.429610359712230093e+03 -2.350979999999981374e+03
-2.407917410071942413e+03 -1.704979999999981374e+03
-2.386224460431654279e+03 -1.230979999999981374e+03
-2.364531510791366600e+03 -2.295979999999981374e+03
-2.342838561151078920e+03 -1.848979999999981374e+03
-2.321145611510791241e+03 -2.047979999999981374e+03
-2.299452661870503562e+03 -1.894979999999981374e+03
-2.277759712230215882e+03 -2.627979999999981374e+03
-2.256066762589927748e+03 -2.646979999999981374e+03
-2.234373812949640069e+03 -1.106979999999981374e+03
-2.212680863309352389e+03 -2.041979999999981374e+03
-2.190987913669064710e+03 -1.598979999999981374e+03
-2.169294964028777031e+03 -2.107979999999981374e+03
-2.147602014388488897e+03 -1.529979999999981374e+03
-2.125909064748201217e+03 -2.781979999999981374e+03
-2.104216115107913538e+03 -1.742979999999981374e+03
-2.082523165467625859e+03 -2.653979999999981374e+03
-2.060830215827338179e+03 -2.189979999999981374e+03
-2.039137266187050272e+03 -2.302979999999981374e+03
-2.017444316546762366e+03 -2.905979999999981374e+03
-1.995751366906474686e+03 -1.836979999999981374e+03
-1.974058417266187007e+03 -1.744979999999981374e+03
-1.952365467625899100e+03 -2.103979999999981374e+03
-1.930672517985611421e+03 -2.457979999999981374e+03
-1.908979568345323514e+03 -2.083979999999981374e+03
-1.887286618705035835e+03 -1.985979999999981374e+03
-1.865593669064748156e+03 -2.116979999999981374e+03
-1.843900719424460249e+03 -2.246979999999981374e+03
-1.822207769784172569e+03 -2.268979999999981374e+03
-1.800514820143884663e+03 -2.891979999999981374e+03
-1.778821870503596983e+03 -2.550979999999981374e+03
-1.757128920863309304e+03 -2.689979999999981374e+03
-1.735435971223021397e+03 -2.287979999999981374e+03
-1.713743021582733718e+03 -2.663979999999981374e+03
-1.692050071942445811e+03 -2.190979999999981374e+03
-1.670357122302158132e+03 -2.486979999999981374e+03
-1.648664172661870452e+03 -2.288979999999981374e+03
-1.626971223021582546e+03 -2.572979999999981374e+03
-1.605278273381294866e+03 -2.403979999999981374e+03
-1.583585323741007187e+03 -2.358979999999981374e+03
-1.561892374100719280e+03 -1.673979999999981374e+03
-1.540199424460431601e+03 -2.146979999999981374e+03
-1.518506474820143694e+03 -2.609979999999981374e+03
-1.496813525179856015e+03 -2.215979999999981374e+03
-1.475120575539568335e+03 -2.171979999999981374e+03
-1.453427625899280429e+03 -2.100979999999981374e+03
-1.431734676258992749e+03 -1.778979999999981374e+03
-1.410041726618704843e+03 -2.367979999999981374e+03
-1.388348776978417163e+03 -2.123979999999981374e+03
-1.366655827338129484e+03 -2.442979999999981374e+03
-1.344962877697841577e+03 -2.024979999999981374e+03
-1.323269928057553898e+03 -2.363979999999981374e+03
-1.301576978417265991e+03 -1.996979999999981374e+03
-1.279884028776978312e+03 -2.518979999999981374e+03
-1.258191079136690632e+03 -2.075979999999981374e+03
-1.236498129496402726e+03 -2.258979999999981374e+03
-1.214805179856115046e+03 -2.478979999999981374e+03
-1.193112230215827140e+03 -1.739979999999981374e+03
-1.171419280575539460e+03 -2.547979999999981374e+03
-1.149726330935251781e+03 -2.705979999999981374e+03
-1.128033381294963874e+03 -2.111979999999981374e+03
-1.106340431654676195e+03 -2.955979999999981374e+03
-1.084647482014388515e+03 -2.218979999999981374e+03
-1.062954532374100609e+03 -2.619979999999981374e+03
-1.041261582733812929e+03 -2.893979999999981374e+03
-1.019568633093525136e+03 -2.954979999999981374e+03
-9.978756834532373432e+02 -1.428979999999981374e+03
-9.761827338129495502e+02 -2.626979999999981374e+03
-9.544897841726617571e+02 -2.555979999999981374e+03
-9.327968345323740778e+02 -2.373979999999981374e+03
-9.111038848920862847e+02 -1.558979999999981374e+03
-8.894109352517984917e+02 -2.017979999999981374e+03
-8.677179856115106986e+02 -1.762979999999981374e+03
-8.460250359712229056e+02 -2.430979999999981374e+03
-8.243320863309352262e+02 -1.669979999999981374e+03
-8.026391366906474332e+02 -2.116979999999981374e+03
-7.809461870503596401e+02 -1.604979999999981374e+03
-7.592532374100718471e+02 -2.033979999999981374e+03
-7.375602877697841677e+02 -2.760979999999981374e+03
-7.158673381294963747e+02 -2.810979999999981374e+03
-6.941743884892085816e+02 -2.893979999999981374e+03
-6.724814388489207886e+02 -3.043979999999981374e+03
-6.507884892086329955e+02 -1.628979999999981374e+03
-6.290955395683453162e+02 -2.611979999999981374e+03
-6.074025899280575231e+02 -3.152979999999981374e+03
-5.857096402877697301e+02 -1.915979999999981374e+03
-5.640166906474819370e+02 -1.981979999999981374e+03
-5.423237410071942577e+02 -2.508979999999981374e+03
-5.206307913669064646e+02 -2.407979999999981374e+03
-4.989378417266186716e+02 -1.990979999999981374e+03
-4.772448920863308786e+02 -2.353979999999981374e+03
-4.555519424460431424e+02 -2.324979999999981374e+03
-4.338589928057553493e+02 -2.349979999999981374e+03
-4.121660431654676131e+02 -2.020979999999981374e+03
-3.904730935251798201e+02 -2.217979999999981374e+03
-3.687801438848920839e+02 -2.267979999999981374e+03
-3.470871942446042908e+02 -2.015979999999981374e+03
-3.253942446043164978e+02 -2.065979999999981374e+03
-3.037012949640287616e+02 -1.105979999999981374e+03
-2.820083453237409685e+02 -2.289979999999981374e+03
-2.603153956834532323e+02 -1.671979999999981374e+03
-2.386224460431654393e+02 -1.829979999999981374e+03
-2.169294964028776747e+02 -1.858979999999981374e+03
-1.952365467625899100e+02 -1.256979999999981374e+03
-1.735435971223021454e+02 -1.173979999999981374e+03
-1.518506474820143808e+02 -3.089799999999813735e+02
-1.301576978417266162e+02 -1.797999999998137355e+01
-1.084647482014388373e+02 3.023020000000018626e+03
-8.677179856115107270e+01 8.792020000000018626e+03
-6.507884892086330808e+01 1.863202000000001863e+04
-4.338589928057553635e+01 3.544302000000001863e+04
-2.169294964028776818e+01 6.621002000000001863e+04
0.000000000000000000e+00 1.168960200000000186e+05
2.169294964028776818e+01 1.894800200000000186e+05
4.338589928057553635e+01 2.872190200000000186e+05
6.507884892086330808e+01 4.063120200000000186e+05
8.677179856115107270e+01 5.534830200000000186e+05
1.084647482014388373e+02 7.297850200000000186e+05
1.301576978417266162e+02 9.181110200000000186e+05
1.518506474820143808e+02 1.115200020000000019e+06
1.735435971223021454e+02 1.333962020000000019e+06
1.952365467625899100e+02 1.553403020000000019e+06
2.169294964028776747e+02 1.757236020000000019e+06
2.386224460431654393e+02 1.967408020000000019e+06
2.603153956834532323e+02 2.166059020000000019e+06
2.820083453237409685e+02 2.340157020000000019e+06
3.037012949640287616e+02 2.516834020000000019e+06
3.253942446043164978e+02 2.688152020000000019e+06
3.470871942446042908e+02 2.839989020000000019e+06
3.687801438848920839e+02 2.983414020000000019e+06
3.904730935251798201e+02 3.121436020000000019e+06
4.121660431654676131e+02 3.229112020000000019e+06
4.338589928057553493e+02 3.331886020000000019e+06
4.555519424460431424e+02 3.425900020000000019e+06
4.772448920863308786e+02 3.510956020000000019e+06
4.989378417266186716e+02 3.563911020000000019e+06
5.206307913669064646e+02 3.615563020000000019e+06
5.423237410071942577e+02 3.652654020000000019e+06
5.640166906474819370e+02 3.696460020000000019e+06
5.857096402877697301e+02 3.718344020000000019e+06
6.074025899280575231e+02 3.735081020000000019e+06
6.290955395683453162e+02 3.749216020000000019e+06
6.507884892086329955e+02 3.775583020000000019e+06
6.724814388489207886e+02 3.789551020000000019e+06
6.941743884892085816e+02 3.799938020000000019e+06
7.158673381294963747e+02 3.806473020000000019e+06
7.375602877697841677e+02 3.801847020000000019e+06
7.592532374100718471e+02 3.795714020000000019e+06
7.809461870503596401e+02 3.789139020000000019e+06
8.026391366906474332e+02 3.791196020000000019e+06
8.243320863309352262e+02 3.779133020000000019e+06
8.460250359712229056e+02 3.786004020000000019e+06
8.677179856115106986e+02 3.797366020000000019e+06
8.894109352517984917e+02 3.792885020000000019e+06
9.111038848920862847e+02 3.776219020000000019e+06
9.327968345323740778e+02 3.784822020000000019e+06
9.544897841726617571e+02 3.779155020000000019e+06
9.761827338129495502e+02 3.775823020000000019e+06
9.978756834532373432e+02 3.780434020000000019e+06
1.019568633093525136e+03 3.794407020000000019e+06
1.041261582733812929e+03 3.817348020000000019e+06
1.062954532374100609e+03 3.829550020000000019e+06
1.084647482014388515e+03 3.829063020000000019e+06
1.106340431654676195e+03 3.840213020000000019e+06
1.128033381294963874e+03 3.853595020000000019e+06
1.149726330935251781e+03 3.835856020000000019e+06
1.171419280575539460e+03 3.856027020000000019e+06
1.193112230215827140e+03 3.855978020000000019e+06
1.214805179856115046e+03 3.858376020000000019e+06
1.236498129496402726e+03 3.868564020000000019e+06
1.258191079136690632e+03 3.864535020000000019e+06
1.279884028776978312e+03 3.855964020000000019e+06
1.301576978417265991e+03 3.856736020000000019e+06
1.323269928057553898e+03 3.864259020000000019e+06
1.344962877697841577e+03 3.852379020000000019e+06
1.366655827338129484e+03 3.837182020000000019e+06
1.388348776978417163e+03 3.831065020000000019e+06
1.410041726618704843e+03 3.850033020000000019e+06
1.431734676258992749e+03 3.834424020000000019e+06
1.453427625899280429e+03 3.835739020000000019e+06
1.475120575539568335e+03 3.830676020000000019e+06
1.496813525179856015e+03 3.850926020000000019e+06
1.518506474820143694e+03 3.880494020000000019e+06
1.540199424460431601e+03 3.889366020000000019e+06
1.561892374100719280e+03 3.866623020000000019e+06
1.583585323741007187e+03 3.849406020000000019e+06
1.605278273381294866e+03 3.856766020000000019e+06
1.626971223021582546e+03 3.844811020000000019e+06
1.648664172661870452e+03 3.827736020000000019e+06
1.670357122302158132e+03 3.800532020000000019e+06
1.692050071942445811e+03 3.770272020000000019e+06
1.713743021582733718e+03 3.733858020000000019e+06
1.735435971223021397e+03 3.661374020000000019e+06
1.757128920863309304e+03 3.561788020000000019e+06
1.778821870503596983e+03 3.455972020000000019e+06
1.800514820143884663e+03 3.346370020000000019e+06
1.822207769784172569e+03 3.216161020000000019e+06
1.843900719424460249e+03 3.048958020000000019e+06
1.865593669064748156e+03 2.866702020000000019e+06
1.887286618705035835e+03 2.655308020000000019e+06
1.908979568345323514e+03 2.427450020000000019e+06
1.930672517985611421e+03 2.191944020000000019e+06
1.952365467625899100e+03 1.945360020000000019e+06
1.974058417266187007e+03 1.691110020000000019e+06
1.995751366906474686e+03 1.455247020000000019e+06
2.017444316546762366e+03 1.238340020000000019e+06
2.039137266187050272e+03 1.036509020000000019e+06
2.060830215827338179e+03 8.546550200000000186e+05
2.082523165467625859e+03 6.931000200000000186e+05
2.104216115107913538e+03 5.552190200000000186e+05
2.125909064748201217e+03 4.392080200000000186e+05
2.147602014388488897e+03 3.412370200000000186e+05
2.169294964028777031e+03 2.578130200000000186e+05
2.190987913669064710e+03 1.922660200000000186e+05
2.212680863309352389e+03 1.427120200000000186e+05
2.234373812949640069e+03 1.079550200000000186e+05
2.256066762589927748e+03 7.585802000000001863e+04
2.277759712230215882e+03 5.703602000000001863e+04
2.299452661870503562e+03 4.448402000000001863e+04
2.321145611510791241e+03 3.774502000000001863e+04
2.342838561151078920e+03 3.357202000000001863e+04
2.364531510791366600e+03 3.223002000000001863e+04
2.386224460431654279e+03 3.123302000000001863e+04
2.407917410071942413e+03 3.073402000000001863e+04
2.429610359712230093e+03 2.830402000000001863e+04
2.451303309352517772e+03 2.648502000000001863e+04
2.472996258992805451e+03 2.698902000000001863e+04
2.494689208633093131e+03 2.721502000000001863e+04
2.516382158273381265e+03 2.417702000000001863e+04
2.538075107913668944e+03 2.386802000000001863e+04
2.559768057553956623e+03 2.250702000000001863e+04
2.581461007194244303e+03 2.169902000000001863e+04
2.603153956834531982e+03 2.138302000000001863e+04
2.624846906474820116e+03 2.204202000000001863e+04
2.646539856115107796e+03 2.033602000000001863e+04
2.668232805755395475e+03 1.782202000000001863e+04
2.689925755395683154e+03 1.571502000000001863e+04
2.711618705035970834e+03 1.384602000000001863e+04
2.733311654676258968e+03 1.368202000000001863e+04
2.755004604316546647e+03 1.232302000000001863e+04
2.776697553956834327e+03 1.121202000000001863e+04
2.798390503597122006e+03 1.102602000000001863e+04
2.820083453237409685e+03 8.886020000000018626e+03
2.841776402877697819e+03 7.933020000000018626e+03
2.863469352517985499e+03 8.752020000000018626e+03
2.885162302158273178e+03 7.868020000000018626e+03
2.906855251798560857e+03 6.564020000000018626e+03
2.928548201438848537e+03 5.933020000000018626e+03
2.950241151079136671e+03 4.971020000000018626e+03
2.971934100719424350e+03 4.423020000000018626e+03
2.993627050359712030e+03 3.240020000000018626e+03
3.015319999999999709e+03 2.853020000000018626e+03
3.037012949640287388e+03 2.703020000000018626e+03
3.058705899280575522e+03 1.448020000000018626e+03
3.080398848920863202e+03 2.638020000000018626e+03
3.102091798561150881e+03 1.198020000000018626e+03
3.123784748201438560e+03 3.900200000000186265e+02
3.145477697841726240e+03 1.352020000000018626e+03
3.167170647482014374e+03 3.760200000000186265e+02
3.188863597122302053e+03 -3.297999999998137355e+01
3.210556546762589733e+03 -1.043979999999981374e+03
3.232249496402877412e+03 -8.259799999999813735e+02
3.253942446043165091e+03 -4.809799999999813735e+02
3.275635395683452771e+03 -1.044979999999981374e+03
3.297328345323740905e+03 -5.929799999999813735e+02
3.319021294964028584e+03 -1.033979999999981374e+03
3.340714244604316264e+03 -1.827979999999981374e+03
3.362407194244603943e+03 -1.883979999999981374e+03
3.384100143884891622e+03 -1.905979999999981374e+03
3.405793093525179756e+03 -2.207979999999981374e+03
3.427486043165467436e+03 -2.186979999999981374e+03
3.449178992805755115e+03 -1.941979999999981374e+03
3.470871942446042794e+03 -1.746979999999981374e+03
3.492564892086330474e+03 -2.017979999999981374e+03
3.514257841726618608e+03 -1.249979999999981374e+03
3.535950791366906287e+03 -1.629979999999981374e+03
3.557643741007193967e+03 -1.996979999999981374e+03
3.579336690647481646e+03 -1.563979999999981374e+03
3.601029640287769325e+03 -1.577979999999981374e+03
3.622722589928057459e+03 -1.925979999999981374e+03
3.644415539568345139e+03 -1.596979999999981374e+03
3.666108489208632818e+03 3.040200000000186265e+02
3.687801438848920498e+03 -1.605979999999981374e+03
3.709494388489208177e+03 -1.498979999999981374e+03
3.731187338129496311e+03 4.224020000000018626e+03
3.752880287769783990e+03 -1.215979999999981374e+03
3.774573237410071670e+03 -4.369799999999813735e+02
3.796266187050359349e+03 -2.409799999999813735e+02
3.817959136690647028e+03 -1.560979999999981374e+03
3.839652086330935163e+03 -1.531979999999981374e+03
3.861345035971222842e+03 -1.601979999999981374e+03
3.883037985611510521e+03 -1.853979999999981374e+03
3.904730935251798201e+03 -1.678979999999981374e+03
3.926423884892085880e+03 -1.939979999999981374e+03
3.948116834532374014e+03 -1.251979999999981374e+03
3.969809784172661693e+03 -1.868979999999981374e+03
3.991502733812949373e+03 -1.199979999999981374e+03
4.013195683453237052e+03 -8.219799999999813735e+02
4.034888633093524732e+03 -1.958979999999981374e+03
4.056581582733812866e+03 -2.221979999999981374e+03
4.078274532374100545e+03 -1.845979999999981374e+03
4.099967482014388224e+03 -2.327979999999981374e+03
4.121660431654676358e+03 -1.684979999999981374e+03
4.143353381294963583e+03 -1.823979999999981374e+03
4.165046330935251717e+03 -1.589979999999981374e+03
4.186739280575538942e+03 -1.984979999999981374e+03
4.208432230215827076e+03 -2.109979999999981374e+03
4.230125179856115210e+03 -2.942979999999981374e+03
4.251818129496402435e+03 -2.829979999999981374e+03
4.273511079136690569e+03 -2.338979999999981374e+03
4.295204028776977793e+03 -2.218979999999981374e+03
4.316896978417265927e+03 -1.433979999999981374e+03
4.338589928057554062e+03 -2.065979999999981374e+03
4.360282877697841286e+03 -2.547979999999981374e+03
4.381975827338129420e+03 -2.653979999999981374e+03
4.403668776978416645e+03 -2.627979999999981374e+03
4.425361726618704779e+03 -1.954979999999981374e+03
4.447054676258992913e+03 -1.603979999999981374e+03
4.468747625899280138e+03 -1.933979999999981374e+03
4.490440575539568272e+03 -2.062979999999981374e+03
4.512133525179855496e+03 -2.199979999999981374e+03
4.533826474820143630e+03 -2.481979999999981374e+03
4.555519424460431765e+03 -1.747979999999981374e+03
4.577212374100718989e+03 -1.775979999999981374e+03
4.598905323741007123e+03 -2.333979999999981374e+03
4.620598273381294348e+03 -2.455979999999981374e+03
4.642291223021582482e+03 -2.156979999999981374e+03
4.663984172661869707e+03 -1.984979999999981374e+03
4.685677122302157841e+03 -2.618979999999981374e+03
4.707370071942445975e+03 -2.766979999999981374e+03
4.729063021582733199e+03 -2.420979999999981374e+03
4.750755971223021334e+03 -2.396979999999981374e+03
4.772448920863308558e+03 -1.768979999999981374e+03
4.794141870503596692e+03 -1.121979999999981374e+03
4.815834820143884826e+03 -1.411979999999981374e+03
4.837527769784172051e+03 -1.350979999999981374e+03
4.859220719424460185e+03 -1.638979999999981374e+03
4.880913669064747410e+03 -1.961979999999981374e+03
4.902606618705035544e+03 -2.118979999999981374e+03
4.924299568345323678e+03 -1.811979999999981374e+03
4.945992517985610903e+03 -1.832979999999981374e+03
4.967685467625899037e+03 -4.397999999998137355e+01
4.989378417266186261e+03 -1.068979999999981374e+03
5.011071366906474395e+03 -1.474979999999981374e+03
5.032764316546762529e+03 -1.854979999999981374e+03
5.054457266187049754e+03 -1.460979999999981374e+03
5.076150215827337888e+03 -2.103979999999981374e+03
5.097843165467625113e+03 -1.413979999999981374e+03
5.119536115107913247e+03 -1.256979999999981374e+03
5.141229064748201381e+03 -1.411979999999981374e+03
5.162922014388488606e+03 -1.629979999999981374e+03
5.184614964028776740e+03 -1.852979999999981374e+03
5.206307913669063964e+03 -2.206979999999981374e+03
5.228000863309352098e+03 -1.990979999999981374e+03
5.249693812949640233e+03 -1.500979999999981374e+03
5.271386762589927457e+03 -1.383979999999981374e+03
5.293079712230215591e+03 -2.413979999999981374e+03
5.314772661870502816e+03 -1.577979999999981374e+03
5.336465611510790950e+03 -7.589799999999813735e+02
5.358158561151079084e+03 -1.150979999999981374e+03
5.379851510791366309e+03 -1.584979999999981374e+03
5.401544460431654443e+03 -1.197979999999981374e+03
5.423237410071941667e+03 -1.162979999999981374e+03
5.444930359712229802e+03 -5.989799999999813735e+02
5.466623309352517936e+03 -9.329799999999813735e+02
5.488316258992805160e+03 -1.646979999999981374e+03
5.510009208633093294e+03 1.490200000000186265e+02
5.531702158273380519e+03 -1.113979999999981374e+03
5.553395107913668653e+03 -1.232979999999981374e+03
5.575088057553956787e+03 -1.286979999999981374e+03
5.596781007194244012e+03 -6.099799999999813735e+02
5.618473956834532146e+03 -9.509799999999813735e+02
5.640166906474819370e+03 -7.529799999999813735e+02
5.661859856115107505e+03 -1.027979999999981374e+03
5.683552805755395639e+03 -1.560979999999981374e+03
5.705245755395682863e+03 -8.149799999999813735e+02
5.726938705035970997e+03 -1.656979999999981374e+03
5.748631654676258222e+03 -7.649799999999813735e+02
5.770324604316546356e+03 -2.297999999998137355e+01
5.792017553956834490e+03 -4.679799999999813735e+02
5.813710503597121715e+03 5.850200000000186265e+02
5.835403453237409849e+03 -5.999799999999813735e+02
5.857096402877697074e+03 -4.219799999999813735e+02
5.878789352517985208e+03 -5.569799999999813735e+02
5.900482302158273342e+03 -8.619799999999813735e+02
5.922175251798560566e+03 -3.239799999999813735e+02
5.943868201438848700e+03 1.702000000001862645e+01
5.965561151079135925e+03 7.300200000000186265e+02
5.987254100719424059e+03 -1.579799999999813735e+02
6.008947050359712193e+03 -1.085979999999981374e+03
6.030639999999999418e+03 -1.013979999999981374e+03
6.052332949640287552e+03 -7.997999999998137355e+01
6.074025899280574777e+03 1.700200000000186265e+02
6.095718848920862911e+03 -2.897999999998137355e+01
6.117411798561151045e+03 -1.459799999999813735e+02
6.139104748201438269e+03 8.040200000000186265e+02
6.160797697841726404e+03 -4.397999999998137355e+01
6.182490647482013628e+03 1.086020000000018626e+03
6.204183597122301762e+03 1.081020000000018626e+03
6.225876546762589896e+03 3.410200000000186265e+02
6.247569496402877121e+03 2.170020000000018626e+03
6.269262446043165255e+03 4.020000000018626451e+00
6.290955395683452480e+03 4.400200000000186265e+02
6.312648345323740614e+03 -1.959799999999813735e+02
6.334341294964028748e+03 3.670200000000186265e+02
6.356034244604315973e+03 4.800200000000186265e+02
6.377727194244604107e+03 -7.397999999998137355e+01
6.399420143884891331e+03 2.180200000000186265e+02
6.421113093525179465e+03 1.102000000001862645e+01
6.442806043165467599e+03 5.502000000001862645e+01
6.464498992805754824e+03 7.150200000000186265e+02
6.486191942446042958e+03 9.310200000000186265e+02
6.507884892086330183e+03 3.350200000000186265e+02
6.529577841726618317e+03 8.190200000000186265e+02
6.551270791366905542e+03 1.284020000000018626e+03
6.572963741007193676e+03 4.106020000000018626e+03
6.594656690647481810e+03 2.240200000000186265e+02
6.616349640287769034e+03 8.420200000000186265e+02
6.638042589928057168e+03 1.476020000000018626e+03
6.659735539568344393e+03 9.230200000000186265e+02
6.681428489208632527e+03 4.800200000000186265e+02
6.703121438848920661e+03 1.279020000000018626e+03
6.724814388489207886e+03 8.800200000000186265e+02
6.746507338129496020e+03 1.110020000000018626e+03
6.768200287769783245e+03 9.840200000000186265e+02
6.789893237410071379e+03 1.424020000000018626e+03
6.811586187050359513e+03 3.940200000000186265e+02
6.833279136690646737e+03 5.550200000000186265e+02
6.854972086330934872e+03 -3.697999999998137355e+01
6.876665035971222096e+03 -7.979999999981373549e+00
6.898357985611510230e+03 1.925020000000018626e+03
6.920050935251798364e+03 1.442020000000018626e+03
6.941743884892085589e+03 3.300200000000186265e+02
6.963436834532373723e+03 1.026020000000018626e+03
6.985129784172660948e+03 1.303020000000018626e+03
7.006822733812949082e+03 7.500200000000186265e+02
7.028515683453237216e+03 1.103020000000018626e+03
7.050208633093524440e+03 5.610200000000186265e+02
7.071901582733812575e+03 2.108020000000018626e+03
7.093594532374099799e+03 6.210200000000186265e+02
7.115287482014387933e+03 5.902000000001862645e+01
7.136980431654676067e+03 3.100200000000186265e+02
7.158673381294963292e+03 1.200200000000186265e+02
7.180366330935251426e+03 5.450200000000186265e+02
7.202059280575538651e+03 3.416020000000018626e+03
7.223752230215826785e+03 4.020200000000186265e+02
7.245445179856114919e+03 -1.259799999999813735e+02
7.267138129496402144e+03 7.980200000000186265e+02
7.288831079136690278e+03 3.470200000000186265e+02
7.310524028776977502e+03 1.335020000000018626e+03
7.332216978417265636e+03 5.330200000000186265e+02
7.353909928057553770e+03 5.570200000000186265e+02
7.375602877697840995e+03 6.410200000000186265e+02
7.397295827338129129e+03 1.196020000000018626e+03
7.418988776978416354e+03 1.035020000000018626e+03
7.440681726618704488e+03 1.250200000000186265e+02
7.462374676258992622e+03 1.277020000000018626e+03
7.484067625899279847e+03 8.150200000000186265e+02
7.505760575539567981e+03 4.630200000000186265e+02
7.527453525179855205e+03 1.440200000000186265e+02
7.549146474820143339e+03 4.280200000000186265e+02
7.570839424460431474e+03 3.480200000000186265e+02
7.592532374100718698e+03 -5.279799999999813735e+02
7.614225323741006832e+03 -1.879799999999813735e+02
7.635918273381294057e+03 1.242020000000018626e+03
7.657611223021582191e+03 1.840200000000186265e+02
7.679304172661870325e+03 1.285020000000018626e+03
7.700997122302157550e+03 2.330200000000186265e+02
7.722690071942445684e+03 1.306020000000018626e+03
7.744383021582732908e+03 6.590200000000186265e+02
7.766075971223021043e+03 2.670200000000186265e+02
7.787768920863309177e+03 -1.549799999999813735e+02
7.809461870503596401e+03 -5.518979999999981374e+03
7.831154820143884535e+03 -1.223897999999998137e+04
7.852847769784171760e+03 -1.197697999999998137e+04
7.874540719424459894e+03 -1.194597999999998137e+04
7.896233669064748028e+03 -1.207797999999998137e+04
7.917926618705035253e+03 -1.205697999999998137e+04
7.939619568345323387e+03 -1.205297999999998137e+04
7.961312517985610612e+03 -1.193897999999998137e+04
7.983005467625898746e+03 -1.210597999999998137e+04
8.004698417266186880e+03 -1.193197999999998137e+04
8.026391366906474104e+03 -1.200797999999998137e+04
8.048084316546762238e+03 -1.198597999999998137e+04
8.069777266187049463e+03 -1.223097999999998137e+04
8.091470215827337597e+03 -1.207497999999998137e+04
8.113163165467625731e+03 -1.200097999999998137e+04
8.134856115107912956e+03 -1.197197999999998137e+04
8.156549064748201090e+03 -1.220697999999998137e+04
8.178242014388488315e+03 -1.209797999999998137e+04
8.199934964028776449e+03 -1.223497999999998137e+04
8.221627913669064583e+03 -1.186197999999998137e+04
8.243320863309352717e+03 -1.218597999999998137e+04
8.265013812949639032e+03 -1.201397999999998137e+04
8.286706762589927166e+03 -1.198597999999998137e+04
8.308399712230215300e+03 -1.188097999999998137e+04
