-1.864404822695035591e+03 -1.615219999999972060e+03
-1.850796028368794396e+03 -7.132219999999972060e+03
-1.837187234042553200e+03 -8.449219999999972060e+03
-1.823578439716312005e+03 -9.120219999999972060e+03
-1.809969645390071037e+03 -9.268219999999972060e+03
-1.796360851063829841e+03 -9.540219999999972060e+03
-1.782752056737588646e+03 -9.965219999999972060e+03
-1.769143262411347450e+03 -1.008321999999997206e+04
-1.755534468085106482e+03 -1.030221999999997206e+04
-1.741925673758865287e+03 -1.057521999999997206e+04
-1.728316879432624091e+03 -1.073321999999997206e+04
-1.714708085106383123e+03 -1.085821999999997206e+04
-1.701099290780141928e+03 -5.668219999999972060e+03
-1.687490496453900732e+03 -1.462199999999720603e+02
-1.673881702127659537e+03 -9.212199999999720603e+02
-1.660272907801418569e+03 -1.182219999999972060e+03
-1.646664113475177373e+03 -1.368219999999972060e+03
-1.633055319148936178e+03 -6.402199999999720603e+02
-1.619446524822694983e+03 -1.095219999999972060e+03
-1.605837730496454014e+03 -1.262219999999972060e+03
-1.592228936170212819e+03 -1.016219999999972060e+03
-1.578620141843971624e+03 -1.304219999999972060e+03
-1.565011347517730428e+03 -1.132219999999972060e+03
-1.551402553191489460e+03 1.266780000000027940e+03
-1.537793758865248265e+03 -1.500219999999972060e+03
-1.524184964539007069e+03 -1.568219999999972060e+03
-1.510576170212766101e+03 -1.184219999999972060e+03
-1.496967375886524906e+03 -2.420219999999972060e+03
-1.483358581560283710e+03 -1.169219999999972060e+03
-1.469749787234042515e+03 -1.229219999999972060e+03
-1.456140992907801547e+03 -1.489219999999972060e+03
-1.442532198581560351e+03 -1.997219999999972060e+03
-1.428923404255319156e+03 -2.462219999999972060e+03
-1.415314609929077960e+03 -2.338219999999972060e+03
-1.401705815602836992e+03 -2.392219999999972060e+03
-1.388097021276595797e+03 -2.155219999999972060e+03
-1.374488226950354601e+03 -2.303219999999972060e+03
-1.360879432624113406e+03 -2.171219999999972060e+03
-1.347270638297872438e+03 -1.246219999999972060e+03
-1.333661843971631242e+03 -2.814219999999972060e+03
-1.320053049645390047e+03 -1.712219999999972060e+03
-1.306444255319148851e+03 -1.990219999999972060e+03
-1.292835460992907883e+03 -1.353219999999972060e+03
-1.279226666666666688e+03 -1.673219999999972060e+03
-1.265617872340425492e+03 -2.020219999999972060e+03
-1.252009078014184524e+03 -1.953219999999972060e+03
-1.238400283687943329e+03 -2.094219999999972060e+03
-1.224791489361702133e+03 -1.960219999999972060e+03
-1.211182695035460938e+03 -2.175219999999972060e+03
-1.197573900709219970e+03 -2.047219999999972060e+03
-1.183965106382978774e+03 -2.222219999999972060e+03
-1.170356312056737579e+03 -2.262219999999972060e+03
-1.156747517730496384e+03 -2.599219999999972060e+03
-1.143138723404255416e+03 -1.112219999999972060e+03
-1.129529929078014220e+03 -1.212219999999972060e+03
-1.115921134751773025e+03 -2.366219999999972060e+03
-1.102312340425531829e+03 -1.829219999999972060e+03
-1.088703546099290861e+03 -2.225219999999972060e+03
-1.075094751773049666e+03 -1.796219999999972060e+03
-1.061485957446808470e+03 -2.446219999999972060e+03
-1.047877163120567502e+03 -2.529219999999972060e+03
-1.034268368794326307e+03 -1.593219999999972060e+03
-1.020659574468085111e+03 -2.002219999999972060e+03
-1.007050780141844029e+03 -1.906219999999972060e+03
-9.934419858156028340e+02 -1.982219999999972060e+03
-9.798331914893617522e+02 -1.691219999999972060e+03
-9.662243971631205568e+02 -2.618219999999972060e+03
-9.526156028368794750e+02 -2.143219999999972060e+03
-9.390068085106382796e+02 -2.533219999999972060e+03
-9.253980141843971978e+02 -1.824219999999972060e+03
-9.117892198581560024e+02 -2.286219999999972060e+03
-8.981804255319149206e+02 -2.737219999999972060e+03
-8.845716312056737252e+02 -1.768219999999972060e+03
-8.709628368794326434e+02 -1.431219999999972060e+03
-8.573540425531915616e+02 -2.131219999999972060e+03
-8.437452482269503662e+02 -2.344219999999972060e+03
-8.301364539007092844e+02 -1.310219999999972060e+03
-8.165276595744680890e+02 -1.602219999999972060e+03
-8.029188652482270072e+02 -1.782219999999972060e+03
-7.893100709219858118e+02 -2.020219999999972060e+03
-7.757012765957447300e+02 -1.619219999999972060e+03
-7.620924822695035346e+02 -2.702219999999972060e+03
-7.484836879432624528e+02 -1.498219999999972060e+03
-7.348748936170212573e+02 -1.691219999999972060e+03
-7.212660992907801756e+02 -1.331219999999972060e+03
-7.076573049645389801e+02 -2.347219999999972060e+03
-6.940485106382978984e+02 -2.335219999999972060e+03
-6.804397163120567029e+02 -2.087219999999972060e+03
-6.668309219858156212e+02 -2.063219999999972060e+03
-6.532221276595744257e+02 -1.687219999999972060e+03
-6.396133333333333439e+02 -2.004219999999972060e+03
-6.260045390070922622e+02 -1.786219999999972060e+03
-6.123957446808510667e+02 -1.671219999999972060e+03
-5.987869503546099850e+02 -1.513219999999972060e+03
-5.851781560283687895e+02 -2.176219999999972060e+03
-5.715693617021277078e+02 -1.987219999999972060e+03
-5.579605673758865123e+02 -2.318219999999972060e+03
-5.443517730496454305e+02 -2.031219999999972060e+03
-5.307429787234042351e+02 -1.435219999999972060e+03
-5.171341843971631533e+02 -2.253219999999972060e+03
-5.035253900709220147e+02 -1.671219999999972060e+03
-4.899165957446808761e+02 -2.224219999999972060e+03
-4.763078014184397375e+02 -1.266219999999972060e+03
-4.626990070921985989e+02 -9.932199999999720603e+02
-4.490902127659574603e+02 2.237800000000279397e+02
-4.354814184397163217e+02 2.040780000000027940e+03
-4.218726241134751831e+02 3.708780000000027940e+03
-4.082638297872340445e+02 5.214780000000027940e+03
-3.946550354609929059e+02 7.376780000000027940e+03
-3.810462411347517673e+02 1.100978000000002794e+04
-3.674374468085106287e+02 1.388978000000002794e+04
-3.538286524822694901e+02 1.693678000000002794e+04
-3.402198581560283515e+02 2.227078000000002794e+04
-3.266110638297872129e+02 2.553178000000002794e+04
-3.130022695035461311e+02 2.868078000000002794e+04
-2.993934751773049925e+02 3.244978000000002794e+04
-2.857846808510638539e+02 3.509378000000002794e+04
-2.721758865248227153e+02 3.843078000000002794e+04
-2.585670921985815767e+02 4.517278000000002794e+04
-2.449582978723404381e+02 4.798278000000002794e+04
-2.313495035460992995e+02 4.909578000000002794e+04
-2.177407092198581608e+02 5.252778000000002794e+04
-2.041319148936170222e+02 5.476778000000002794e+04
-1.905231205673758836e+02 5.603478000000002794e+04
-1.769143262411347450e+02 5.669878000000002794e+04
-1.633055319148936064e+02 5.705278000000002794e+04
-1.496967375886524962e+02 5.902278000000002794e+04
-1.360879432624113576e+02 6.087678000000002794e+04
-1.224791489361702190e+02 5.991178000000002794e+04
-1.088703546099290804e+02 6.133578000000002794e+04
-9.526156028368794182e+01 6.083678000000002794e+04
-8.165276595744680321e+01 6.041778000000002794e+04
-6.804397163120567882e+01 6.212778000000002794e+04
-5.443517730496454021e+01 6.485078000000002794e+04
-4.082638297872340161e+01 6.903078000000002794e+04
-2.721758865248227011e+01 6.982478000000002794e+04
-1.360879432624113505e+01 7.223778000000002794e+04
0.000000000000000000e+00 7.786878000000002794e+04
1.360879432624113505e+01 8.409978000000002794e+04
2.721758865248227011e+01 8.956478000000002794e+04
4.082638297872340161e+01 9.884978000000002794e+04
5.443517730496454021e+01 1.078497800000000279e+05
6.804397163120567882e+01 1.132257800000000279e+05
8.165276595744680321e+01 1.207277800000000279e+05
9.526156028368794182e+01 1.349977800000000279e+05
1.088703546099290804e+02 1.494657800000000279e+05
1.224791489361702190e+02 1.618637800000000279e+05
1.360879432624113576e+02 1.783767800000000279e+05
1.496967375886524962e+02 1.990027800000000279e+05
1.633055319148936064e+02 2.244587800000000279e+05
1.769143262411347450e+02 2.539037800000000279e+05
1.905231205673758836e+02 2.814057800000000279e+05
2.041319148936170222e+02 3.257347800000000279e+05
2.177407092198581608e+02 3.813567800000000279e+05
2.313495035460992995e+02 4.458067800000000279e+05
2.449582978723404381e+02 5.240957800000000279e+05
2.585670921985815767e+02 6.131367800000000279e+05
2.721758865248227153e+02 7.162897800000000279e+05
2.857846808510638539e+02 8.381277800000000279e+05
2.993934751773049925e+02 9.868137800000000279e+05
3.130022695035461311e+02 1.138917780000000028e+06
3.266110638297872129e+02 1.305724780000000028e+06
3.402198581560283515e+02 1.486418780000000028e+06
3.538286524822694901e+02 1.681121780000000028e+06
3.674374468085106287e+02 1.872250780000000028e+06
3.810462411347517673e+02 2.056835780000000028e+06
3.946550354609929059e+02 2.251247780000000261e+06
4.082638297872340445e+02 2.428808780000000261e+06
4.218726241134751831e+02 2.585965780000000261e+06
4.354814184397163217e+02 2.738630780000000261e+06
4.490902127659574603e+02 2.889548780000000261e+06
4.626990070921985989e+02 3.021946780000000261e+06
4.763078014184397375e+02 3.152894780000000261e+06
4.899165957446808761e+02 3.274131780000000261e+06
5.035253900709220147e+02 3.383493780000000261e+06
5.171341843971631533e+02 3.454866780000000261e+06
5.307429787234042351e+02 3.521974780000000261e+06
5.443517730496454305e+02 3.573256780000000261e+06
5.579605673758865123e+02 3.603054780000000261e+06
5.715693617021277078e+02 3.628513780000000261e+06
5.851781560283687895e+02 3.641800780000000261e+06
5.987869503546099850e+02 3.645356780000000261e+06
6.123957446808510667e+02 3.659533780000000261e+06
6.260045390070922622e+02 3.669851780000000261e+06
6.396133333333333439e+02 3.685943780000000261e+06
6.532221276595744257e+02 3.681695780000000261e+06
6.668309219858156212e+02 3.673129780000000261e+06
6.804397163120567029e+02 3.670709780000000261e+06
6.940485106382978984e+02 3.682308780000000261e+06
7.076573049645389801e+02 3.683730780000000261e+06
7.212660992907801756e+02 3.677317780000000261e+06
7.348748936170212573e+02 3.659347780000000261e+06
7.484836879432624528e+02 3.663319780000000261e+06
7.620924822695035346e+02 3.677710780000000261e+06
7.757012765957447300e+02 3.689023780000000261e+06
7.893100709219858118e+02 3.691660780000000261e+06
8.029188652482270072e+02 3.699870780000000261e+06
8.165276595744680890e+02 3.693951780000000261e+06
8.301364539007092844e+02 3.678970780000000261e+06
8.437452482269503662e+02 3.668386780000000261e+06
8.573540425531915616e+02 3.680049780000000261e+06
8.709628368794326434e+02 3.689998780000000261e+06
8.845716312056737252e+02 3.695926780000000261e+06
8.981804255319149206e+02 3.701951780000000261e+06
9.117892198581560024e+02 3.725411780000000261e+06
9.253980141843971978e+02 3.743926780000000261e+06
9.390068085106382796e+02 3.734578780000000261e+06
9.526156028368794750e+02 3.763469780000000261e+06
9.662243971631205568e+02 3.771088780000000261e+06
9.798331914893617522e+02 3.760216780000000261e+06
9.934419858156028340e+02 3.760882780000000261e+06
1.007050780141844029e+03 3.754331780000000261e+06
1.020659574468085111e+03 3.745227780000000261e+06
1.034268368794326307e+03 3.752623780000000261e+06
1.047877163120567502e+03 3.755031780000000261e+06
1.061485957446808470e+03 3.748727780000000261e+06
1.075094751773049666e+03 3.747699780000000261e+06
1.088703546099290861e+03 3.718280780000000261e+06
1.102312340425531829e+03 3.718061780000000261e+06
1.115921134751773025e+03 3.719959780000000261e+06
1.129529929078014220e+03 3.731449780000000261e+06
1.143138723404255416e+03 3.719883780000000261e+06
1.156747517730496384e+03 3.691201780000000261e+06
1.170356312056737579e+03 3.672666780000000261e+06
1.183965106382978774e+03 3.664842780000000261e+06
1.197573900709219970e+03 3.646952780000000261e+06
1.211182695035460938e+03 3.624832780000000261e+06
1.224791489361702133e+03 3.600217780000000261e+06
1.238400283687943329e+03 3.587734780000000261e+06
1.252009078014184524e+03 3.586832780000000261e+06
1.265617872340425492e+03 3.565748780000000261e+06
1.279226666666666688e+03 3.530098780000000261e+06
1.292835460992907883e+03 3.445719780000000261e+06
1.306444255319148851e+03 3.349019780000000261e+06
1.320053049645390047e+03 3.237019780000000261e+06
1.333661843971631242e+03 3.099257780000000261e+06
1.347270638297872438e+03 2.917747780000000261e+06
1.360879432624113406e+03 2.725142780000000261e+06
1.374488226950354601e+03 2.499453780000000261e+06
1.388097021276595797e+03 2.250060780000000261e+06
1.401705815602836992e+03 1.979191780000000028e+06
1.415314609929077960e+03 1.707081780000000028e+06
1.428923404255319156e+03 1.462875780000000028e+06
1.442532198581560351e+03 1.229832780000000028e+06
1.456140992907801547e+03 1.019357780000000028e+06
1.469749787234042515e+03 8.310327800000000279e+05
1.483358581560283710e+03 6.620247800000000279e+05
1.496967375886524906e+03 5.095157800000000279e+05
1.510576170212766101e+03 3.820787800000000279e+05
1.524184964539007069e+03 2.779597800000000279e+05
1.537793758865248265e+03 1.972767800000000279e+05
1.551402553191489460e+03 1.344557800000000279e+05
1.565011347517730428e+03 9.170878000000002794e+04
1.578620141843971624e+03 6.343578000000002794e+04
1.592228936170212819e+03 4.847878000000002794e+04
1.605837730496454014e+03 4.125678000000002794e+04
1.619446524822694983e+03 3.725678000000002794e+04
1.633055319148936178e+03 3.250678000000002794e+04
1.646664113475177373e+03 3.039378000000002794e+04
1.660272907801418569e+03 2.936578000000002794e+04
1.673881702127659537e+03 2.865678000000002794e+04
1.687490496453900732e+03 2.933578000000002794e+04
1.701099290780141928e+03 2.784278000000002794e+04
1.714708085106383123e+03 2.693278000000002794e+04
1.728316879432624091e+03 2.416478000000002794e+04
1.741925673758865287e+03 2.394978000000002794e+04
1.755534468085106482e+03 2.510178000000002794e+04
1.769143262411347450e+03 2.492978000000002794e+04
1.782752056737588646e+03 2.410878000000002794e+04
1.796360851063829841e+03 2.306778000000002794e+04
1.809969645390071037e+03 2.111678000000002794e+04
1.823578439716312005e+03 1.955178000000002794e+04
1.837187234042553200e+03 1.972878000000002794e+04
1.850796028368794396e+03 1.866578000000002794e+04
1.864404822695035591e+03 1.776778000000002794e+04
1.878013617021276559e+03 1.702078000000002794e+04
1.891622411347517755e+03 1.387478000000002794e+04
1.905231205673758950e+03 1.106978000000002794e+04
1.918840000000000146e+03 9.615780000000027940e+03
1.932448794326241114e+03 8.552780000000027940e+03
1.946057588652482309e+03 7.743780000000027940e+03
1.959666382978723504e+03 7.733780000000027940e+03
1.973275177304964473e+03 7.340780000000027940e+03
1.986883971631205668e+03 6.710780000000027940e+03
2.000492765957446863e+03 6.346780000000027940e+03
2.014101560283688059e+03 6.576780000000027940e+03
2.027710354609929027e+03 5.217780000000027940e+03
2.041319148936170222e+03 5.462780000000027940e+03
2.054927943262411191e+03 3.861780000000027940e+03
2.068536737588652613e+03 2.645780000000027940e+03
2.082145531914893581e+03 3.701780000000027940e+03
2.095754326241135004e+03 2.927780000000027940e+03
2.109363120567375972e+03 2.593780000000027940e+03
2.122971914893616940e+03 2.248780000000027940e+03
2.136580709219858363e+03 3.597800000000279397e+02
2.150189503546099331e+03 4.957800000000279397e+02
2.163798297872340299e+03 6.077800000000279397e+02
2.177407092198581722e+03 3.947800000000279397e+02
2.191015886524822690e+03 -4.512199999999720603e+02
2.204624680851063658e+03 -9.392199999999720603e+02
2.218233475177305081e+03 -9.582199999999720603e+02
2.231842269503546049e+03 -4.672199999999720603e+02
2.245451063829787472e+03 -9.762199999999720603e+02
2.259059858156028440e+03 -9.312199999999720603e+02
2.272668652482269408e+03 -1.439219999999972060e+03
2.286277446808510831e+03 -1.867219999999972060e+03
2.299886241134751799e+03 -1.240219999999972060e+03
2.313495035460992767e+03 -2.255219999999972060e+03
2.327103829787234190e+03 -2.452219999999972060e+03
2.340712624113475158e+03 -1.191219999999972060e+03
2.354321418439716581e+03 -1.356219999999972060e+03
2.367930212765957549e+03 -1.713219999999972060e+03
2.381539007092198517e+03 -2.086219999999972060e+03
2.395147801418439940e+03 -1.710219999999972060e+03
2.408756595744680908e+03 -9.992199999999720603e+02
2.422365390070921876e+03 -1.485219999999972060e+03
2.435974184397163299e+03 -5.882199999999720603e+02
2.449582978723404267e+03 -1.321219999999972060e+03
2.463191773049645235e+03 -1.584219999999972060e+03
2.476800567375886658e+03 -1.737219999999972060e+03
2.490409361702127626e+03 -1.583219999999972060e+03
2.504018156028369049e+03 -1.981219999999972060e+03
2.517626950354610017e+03 -1.412219999999972060e+03
2.531235744680850985e+03 -1.384219999999972060e+03
2.544844539007092408e+03 -1.913219999999972060e+03
2.558453333333333376e+03 -2.510219999999972060e+03
2.572062127659574344e+03 -1.143219999999972060e+03
2.585670921985815767e+03 -1.910219999999972060e+03
2.599279716312056735e+03 -2.282219999999972060e+03
2.612888510638297703e+03 -1.848219999999972060e+03
2.626497304964539126e+03 -1.857219999999972060e+03
2.640106099290780094e+03 -1.303219999999972060e+03
2.653714893617021517e+03 -1.855219999999972060e+03
2.667323687943262485e+03 6.178000000002793968e+01
2.680932482269503453e+03 -1.938219999999972060e+03
2.694541276595744876e+03 -1.513219999999972060e+03
2.708150070921985844e+03 -6.592199999999720603e+02
2.721758865248226812e+03 -1.673219999999972060e+03
2.735367659574468234e+03 -9.932199999999720603e+02
2.748976453900709203e+03 -7.352199999999720603e+02
2.762585248226950625e+03 -1.802219999999972060e+03
2.776194042553191593e+03 -1.855219999999972060e+03
2.789802836879432562e+03 -2.055219999999972060e+03
2.803411631205673984e+03 -2.009219999999972060e+03
2.817020425531914952e+03 -1.881219999999972060e+03
2.830629219858155921e+03 -2.466219999999972060e+03
2.844238014184397343e+03 -1.338219999999972060e+03
2.857846808510638311e+03 -2.103219999999972060e+03
2.871455602836879279e+03 -1.881219999999972060e+03
2.885064397163120702e+03 -2.039219999999972060e+03
2.898673191489361670e+03 -2.312219999999972060e+03
2.912281985815603093e+03 -2.472219999999972060e+03
2.925890780141844061e+03 -1.384219999999972060e+03
2.939499574468085029e+03 -2.015219999999972060e+03
2.953108368794326452e+03 -1.209219999999972060e+03
2.966717163120567420e+03 -1.884219999999972060e+03
2.980325957446808388e+03 -1.963219999999972060e+03
2.993934751773049811e+03 -2.144219999999972060e+03
3.007543546099290779e+03 -2.486219999999972060e+03
3.021152340425532202e+03 -2.658219999999972060e+03
3.034761134751773170e+03 -3.085219999999972060e+03
3.048369929078014138e+03 -2.239219999999972060e+03
3.061978723404255561e+03 -1.781219999999972060e+03
3.075587517730496529e+03 -1.718219999999972060e+03
3.089196312056737497e+03 -2.370219999999972060e+03
3.102805106382978920e+03 -2.838219999999972060e+03
3.116413900709219888e+03 -2.750219999999972060e+03
3.130022695035460856e+03 -2.625219999999972060e+03
3.143631489361702279e+03 -1.375219999999972060e+03
3.157240283687943247e+03 -9.972199999999720603e+02
3.170849078014184670e+03 -1.614219999999972060e+03
3.184457872340425638e+03 -1.962219999999972060e+03
3.198066666666666606e+03 -1.575219999999972060e+03
3.211675460992908029e+03 -2.527219999999972060e+03
3.225284255319148997e+03 -1.786219999999972060e+03
3.238893049645389965e+03 -1.654219999999972060e+03
3.252501843971631388e+03 -2.342219999999972060e+03
3.266110638297872356e+03 -2.333219999999972060e+03
3.279719432624113324e+03 -1.990219999999972060e+03
3.293328226950354747e+03 -2.050219999999972060e+03
3.306937021276595715e+03 -2.048219999999972060e+03
3.320545815602837138e+03 -2.539219999999972060e+03
3.334154609929078106e+03 -2.031219999999972060e+03
3.347763404255319074e+03 -2.369219999999972060e+03
3.361372198581560497e+03 -2.235219999999972060e+03
3.374980992907801465e+03 -1.529219999999972060e+03
3.388589787234042433e+03 -1.469219999999972060e+03
3.402198581560283856e+03 -1.441219999999972060e+03
3.415807375886524824e+03 -8.992199999999720603e+02
3.429416170212766247e+03 -1.629219999999972060e+03
3.443024964539007215e+03 -1.661219999999972060e+03
3.456633758865248183e+03 -1.694219999999972060e+03
3.470242553191489606e+03 -2.348219999999972060e+03
3.483851347517730574e+03 -8.142199999999720603e+02
3.497460141843971542e+03 -1.594219999999972060e+03
3.511068936170212964e+03 -1.472219999999972060e+03
3.524677730496453933e+03 -2.056219999999972060e+03
3.538286524822694901e+03 -1.452219999999972060e+03
3.551895319148936323e+03 -2.093219999999972060e+03
3.565504113475177292e+03 -1.657219999999972060e+03
3.579112907801418714e+03 -1.886219999999972060e+03
3.592721702127659682e+03 -2.081219999999972060e+03
3.606330496453900651e+03 -1.781219999999972060e+03
3.619939290780142073e+03 -2.013219999999972060e+03
3.633548085106383041e+03 -1.656219999999972060e+03
3.647156879432624009e+03 -1.582219999999972060e+03
3.660765673758865432e+03 -1.159219999999972060e+03
3.674374468085106400e+03 -5.592199999999720603e+02
3.687983262411347823e+03 -1.232219999999972060e+03
3.701592056737588791e+03 -8.082199999999720603e+02
3.715200851063829759e+03 -8.172199999999720603e+02
3.728809645390071182e+03 -1.525219999999972060e+03
3.742418439716312150e+03 -1.687219999999972060e+03
3.756027234042553118e+03 -1.749219999999972060e+03
3.769636028368794541e+03 -1.564219999999972060e+03
3.783244822695035509e+03 -6.782199999999720603e+02
3.796853617021276477e+03 -4.782199999999720603e+02
3.810462411347517900e+03 -1.326219999999972060e+03
3.824071205673758868e+03 -1.782199999999720603e+02
3.837680000000000291e+03 -8.282199999999720603e+02
3.851288794326241259e+03 -1.065219999999972060e+03
3.864897588652482227e+03 -1.470219999999972060e+03
3.878506382978723650e+03 -8.552199999999720603e+02
3.892115177304964618e+03 -2.262199999999720603e+02
3.905723971631205586e+03 -6.302199999999720603e+02
3.919332765957447009e+03 -1.049219999999972060e+03
3.932941560283687977e+03 -7.552199999999720603e+02
3.946550354609928945e+03 -3.602199999999720603e+02
3.960159148936170368e+03 -5.422199999999720603e+02
3.973767943262411336e+03 -1.532199999999720603e+02
3.987376737588652759e+03 4.407800000000279397e+02
4.000985531914893727e+03 -1.183219999999972060e+03
4.014594326241134695e+03 3.887800000000279397e+02
4.028203120567376118e+03 -2.452199999999720603e+02
4.041811914893617086e+03 -7.172199999999720603e+02
4.055420709219858054e+03 -1.682199999999720603e+02
4.069029503546099477e+03 -8.752199999999720603e+02
4.082638297872340445e+03 -1.308219999999972060e+03
4.096247092198581413e+03 -6.572199999999720603e+02
4.109855886524822381e+03 6.047800000000279397e+02
4.123464680851064259e+03 -2.302199999999720603e+02
4.137073475177305227e+03 -6.882199999999720603e+02
4.150682269503546195e+03 -5.682199999999720603e+02
4.164291063829787163e+03 -2.692199999999720603e+02
4.177899858156028131e+03 2.507800000000279397e+02
4.191508652482270008e+03 -2.672199999999720603e+02
4.205117446808510977e+03 4.367800000000279397e+02
4.218726241134751945e+03 -5.219999999972060323e+00
4.232335035460992913e+03 3.378000000002793968e+01
4.245943829787233881e+03 5.487800000000279397e+02
4.259552624113474849e+03 7.780000000027939677e+00
4.273161418439716726e+03 3.727800000000279397e+02
4.286770212765957695e+03 1.631780000000027940e+03
4.300379007092198663e+03 4.827800000000279397e+02
4.313987801418439631e+03 8.457800000000279397e+02
4.327596595744680599e+03 5.487800000000279397e+02
4.341205390070922476e+03 7.447800000000279397e+02
4.354814184397163444e+03 1.141780000000027940e+03
4.368422978723404412e+03 3.937800000000279397e+02
4.382031773049645381e+03 4.677800000000279397e+02
4.395640567375886349e+03 6.947800000000279397e+02
4.409249361702127317e+03 1.088780000000027940e+03
4.422858156028369194e+03 2.247800000000279397e+02
4.436466950354610162e+03 5.177800000000279397e+02
4.450075744680851130e+03 1.037800000000279397e+02
4.463684539007092098e+03 3.847800000000279397e+02
4.477293333333333067e+03 5.137800000000279397e+02
4.490902127659574944e+03 4.189780000000027940e+03
4.504510921985815912e+03 2.917800000000279397e+02
4.518119716312056880e+03 1.157780000000027940e+03
4.531728510638297848e+03 5.857800000000279397e+02
4.545337304964538816e+03 1.007800000000279397e+02
4.558946099290780694e+03 2.237800000000279397e+02
4.572554893617021662e+03 5.197800000000279397e+02
4.586163687943262630e+03 5.877800000000279397e+02
4.599772482269503598e+03 8.587800000000279397e+02
4.613381276595744566e+03 7.997800000000279397e+02
4.626990070921985534e+03 1.058780000000027940e+03
4.640598865248227412e+03 4.777800000000279397e+02
4.654207659574468380e+03 9.587800000000279397e+02
4.667816453900709348e+03 4.657800000000279397e+02
4.681425248226950316e+03 3.217800000000279397e+02
4.695034042553191284e+03 1.619780000000027940e+03
4.708642836879433162e+03 1.365780000000027940e+03
4.722251631205674130e+03 2.647800000000279397e+02
4.735860425531915098e+03 4.197800000000279397e+02
4.749469219858156066e+03 1.262780000000027940e+03
4.763078014184397034e+03 9.897800000000279397e+02
4.776686808510638002e+03 9.847800000000279397e+02
4.790295602836879880e+03 5.997800000000279397e+02
4.803904397163120848e+03 1.127780000000027940e+03
4.817513191489361816e+03 2.637800000000279397e+02
4.831121985815602784e+03 6.378000000002793968e+01
4.844730780141843752e+03 5.067800000000279397e+02
4.858339574468085630e+03 7.207800000000279397e+02
4.871948368794326598e+03 7.847800000000279397e+02
4.885557163120567566e+03 1.651780000000027940e+03
4.899165957446808534e+03 5.497800000000279397e+02
4.912774751773049502e+03 3.547800000000279397e+02
4.926383546099290470e+03 8.807800000000279397e+02
4.939992340425532348e+03 2.707800000000279397e+02
4.953601134751773316e+03 9.217800000000279397e+02
4.967209929078014284e+03 -6.121999999997206032e+01
4.980818723404255252e+03 4.567800000000279397e+02
4.994427517730496220e+03 7.737800000000279397e+02
5.008036312056738097e+03 3.407800000000279397e+02
5.021645106382979066e+03 7.817800000000279397e+02
5.035253900709220034e+03 -4.692199999999720603e+02
5.048862695035461002e+03 9.497800000000279397e+02
5.062471489361701970e+03 6.617800000000279397e+02
5.076080283687942938e+03 8.137800000000279397e+02
5.089689078014184815e+03 5.278000000002793968e+01
5.103297872340425783e+03 7.078000000002793968e+01
5.116906666666666752e+03 3.337800000000279397e+02
5.130515460992907720e+03 -7.172199999999720603e+02
5.144124255319148688e+03 1.787800000000279397e+02
5.157733049645390565e+03 9.937800000000279397e+02
5.171341843971631533e+03 6.278000000002793968e+01
5.184950638297872501e+03 1.216780000000027940e+03
5.198559432624113470e+03 1.030780000000027940e+03
5.212168226950354438e+03 1.193780000000027940e+03
5.225777021276595406e+03 9.947800000000279397e+02
5.239385815602837283e+03 5.527800000000279397e+02
5.252994609929078251e+03 4.817800000000279397e+02
5.266603404255319219e+03 -6.002219999999972060e+03
5.280212198581560187e+03 -1.234521999999997206e+04
5.293820992907801156e+03 -1.264421999999997206e+04
5.307429787234043033e+03 -1.278421999999997206e+04
5.321038581560284001e+03 -1.257221999999997206e+04
5.334647375886524969e+03 -1.261821999999997206e+04
5.348256170212765937e+03 -1.250621999999997206e+04
5.361864964539006905e+03 -1.268821999999997206e+04
5.375473758865248783e+03 -1.252921999999997206e+04
5.389082553191489751e+03 -1.274021999999997206e+04
5.402691347517730719e+03 -1.272121999999997206e+04
5.416300141843971687e+03 -1.264421999999997206e+04
5.429908936170212655e+03 -1.263021999999997206e+04
5.443517730496453623e+03 -1.270721999999997206e+04
5.457126524822695501e+03 -1.266521999999997206e+04
5.470735319148936469e+03 -1.259821999999997206e+04
5.484344113475177437e+03 -1.263721999999997206e+04
5.497952907801418405e+03 -1.275021999999997206e+04
5.511561702127659373e+03 -1.257721999999997206e+04
5.525170496453901251e+03 -1.277521999999997206e+04
5.538779290780142219e+03 -1.279121999999997206e+04
5.552388085106383187e+03 -1.284121999999997206e+04
5.565996879432624155e+03 -1.282821999999997206e+04
5.579605673758865123e+03 -1.248321999999997206e+04
